"CodeInsee";"Inscrits2";"Votants2";"Blancs.et.nuls.2";"Exprim√©s.2";"Hollande2";"Sarkozy2"
"01001";592;506;31;475;195;280
"01002";215;175;18;157;82;75
"01004";8208;6447;478;5969;3009;2960
"01005";1152;949;58;891;340;551
"01006";105;83;4;79;35;44
"01007";1702;1461;105;1356;630;726
"01008";549;470;35;435;206;229
"01009";269;227;17;210;94;116
"01010";681;580;36;544;251;293
"01011";255;218;12;206;81;125
"01012";287;219;10;209;111;98
"01013";140;127;7;120;44;76
"01014";2163;1763;87;1676;818;858
"01015";388;337;13;324;132;192
"01016";309;236;16;220;81;139
"01017";296;254;18;236;128;108
"01019";37;35;3;32;20;12
"01021";896;815;43;772;227;545
"01022";813;667;43;624;297;327
"01023";48;45;0;45;17;28
"01024";2052;1767;131;1636;650;986
"01025";2117;1816;126;1690;751;939
"01026";562;471;27;444;187;257
"01027";1071;919;51;868;296;572
"01028";434;345;28;317;121;196
"01029";406;318;24;294;127;167
"01030";520;418;22;396;155;241
"01031";2081;1550;75;1475;652;823
"01032";2016;1661;107;1554;608;946
"01033";6047;4696;278;4418;2506;1912
"01034";5478;4479;282;4197;2069;2128
"01035";268;215;24;191;82;109
"01036";414;356;17;339;158;181
"01037";215;187;13;174;61;113
"01038";554;491;29;462;193;269
"01039";319;271;15;256;146;110
"01040";314;268;20;248;101;147
"01041";576;478;56;422;230;192
"01042";193;176;14;162;68;94
"01043";3312;2755;136;2619;1025;1594
"01044";380;307;27;280;129;151
"01045";169;146;9;137;28;109
"01046";585;499;23;476;149;327
"01047";617;534;42;492;176;316
"01049";1947;1698;113;1585;659;926
"01050";216;173;9;164;63;101
"01051";98;76;3;73;42;31
"01052";251;218;7;211;71;140
"01053";23329;18005;842;17163;9261;7902
"01054";853;752;43;709;289;420
"01056";296;262;21;241;84;157
"01057";345;290;21;269;120;149
"01058";571;500;40;460;207;253
"01059";83;77;2;75;33;42
"01060";420;371;22;349;122;227
"01061";812;707;41;666;308;358
"01062";549;486;30;456;162;294
"01063";368;318;21;297;106;191
"01064";627;519;49;470;257;213
"01065";1230;1096;55;1041;436;605
"01066";78;65;6;59;27;32
"01067";199;160;6;154;51;103
"01068";514;410;32;378;140;238
"01069";1054;887;75;812;380;432
"01071";2253;1877;104;1773;607;1166
"01072";2024;1719;99;1620;764;856
"01073";836;703;50;653;322;331
"01074";1472;1223;79;1144;411;733
"01075";830;706;43;663;206;457
"01076";118;93;8;85;44;41
"01077";142;126;3;123;39;84
"01078";725;595;36;559;205;354
"01079";536;441;39;402;171;231
"01080";343;282;30;252;140;112
"01081";506;427;34;393;166;227
"01082";399;314;20;294;158;136
"01083";627;542;28;514;144;370
"01084";488;424;28;396;150;246
"01085";273;237;14;223;71;152
"01087";215;180;13;167;60;107
"01088";681;591;39;552;200;352
"01089";1198;1038;61;977;399;578
"01090";266;250;16;234;83;151
"01091";2144;1733;120;1613;745;868
"01092";1136;951;65;886;375;511
"01093";3342;2684;142;2542;916;1626
"01094";524;429;34;395;174;221
"01095";401;360;28;332;163;169
"01096";718;608;52;556;225;331
"01097";180;157;13;144;71;73
"01098";545;452;34;418;191;227
"01099";1118;930;74;856;342;514
"01100";124;104;9;95;54;41
"01101";140;114;6;108;42;66
"01102";633;515;53;462;185;277
"01103";691;601;27;574;183;391
"01104";338;276;19;257;110;147
"01105";967;860;34;826;273;553
"01106";136;110;6;104;46;58
"01107";121;99;6;93;46;47
"01108";896;726;58;668;305;363
"01109";1043;822;42;780;330;450
"01110";115;97;13;84;54;30
"01111";108;90;4;86;39;47
"01112";259;225;12;213;67;146
"01113";546;478;18;460;155;305
"01114";363;292;19;273;122;151
"01115";840;702;57;645;263;382
"01116";411;354;25;329;189;140
"01117";113;93;5;88;42;46
"01118";748;619;41;578;248;330
"01119";167;142;12;130;53;77
"01121";86;73;5;68;25;43
"01122";625;537;58;479;211;268
"01123";736;650;33;617;257;360
"01124";492;401;37;364;186;178
"01125";468;390;21;369;180;189
"01127";380;335;17;318;147;171
"01128";209;163;13;150;58;92
"01129";190;160;10;150;57;93
"01130";924;790;44;746;289;457
"01133";298;261;31;230;114;116
"01134";1205;1040;72;968;395;573
"01135";988;826;37;789;289;500
"01136";569;490;27;463;177;286
"01138";1859;1493;96;1397;781;616
"01139";341;279;14;265;100;165
"01140";515;456;35;421;157;264
"01141";346;292;20;272;131;141
"01142";2815;2380;132;2248;942;1306
"01143";5154;4169;174;3995;1233;2762
"01144";618;524;33;491;206;285
"01145";802;684;50;634;233;401
"01146";269;239;9;230;71;159
"01147";374;304;18;286;135;151
"01148";1350;1090;86;1004;372;632
"01149";754;662;44;618;287;331
"01150";155;142;7;135;58;77
"01151";859;756;37;719;285;434
"01152";616;518;42;476;198;278
"01153";889;716;38;678;226;452
"01154";539;458;45;413;178;235
"01155";126;107;6;101;27;74
"01156";574;489;26;463;147;316
"01157";1591;1323;65;1258;474;784
"01158";488;404;40;364;134;230
"01159";2411;2063;127;1936;681;1255
"01160";3643;3008;133;2875;1468;1407
"01162";65;60;1;59;26;33
"01163";1447;1204;85;1119;356;763
"01165";936;815;38;777;264;513
"01166";1511;1329;51;1278;444;834
"01167";501;441;29;412;175;237
"01169";383;327;22;305;103;202
"01170";594;506;28;478;183;295
"01171";616;505;35;470;163;307
"01172";128;106;5;101;44;57
"01173";5412;4288;207;4081;1696;2385
"01174";123;94;5;89;39;50
"01175";582;479;47;432;181;251
"01176";104;92;13;79;30;49
"01177";138;124;5;119;61;58
"01179";1385;1192;85;1107;413;694
"01180";474;395;18;377;115;262
"01181";746;648;43;605;189;416
"01182";280;234;13;221;80;141
"01183";921;777;55;722;225;497
"01184";561;488;47;441;214;227
"01185";2278;1785;135;1650;755;895
"01186";78;72;3;69;26;43
"01187";277;220;11;209;98;111
"01188";463;397;22;375;78;297
"01189";712;584;31;553;311;242
"01190";127;105;6;99;39;60
"01191";136;110;12;98;29;69
"01192";1466;1217;62;1155;422;733
"01193";186;154;4;150;82;68
"01194";3760;3228;169;3059;1358;1701
"01195";1154;1016;47;969;424;545
"01196";777;664;44;620;217;403
"01197";264;246;18;228;127;101
"01198";191;170;11;159;67;92
"01199";1416;1162;81;1081;518;563
"01200";121;105;5;100;55;45
"01202";4879;3890;285;3605;1661;1944
"01203";859;731;50;681;278;403
"01204";186;163;9;154;69;85
"01205";731;576;43;533;240;293
"01206";233;192;16;176;89;87
"01207";221;193;10;183;40;143
"01208";131;116;12;104;52;52
"01209";389;328;22;306;141;165
"01210";189;156;10;146;45;101
"01211";978;825;57;768;312;456
"01212";519;438;21;417;166;251
"01213";828;697;54;643;294;349
"01214";121;102;4;98;53;45
"01215";45;36;5;31;14;17
"01216";654;535;48;487;172;315
"01218";83;68;8;60;19;41
"01219";136;110;3;107;28;79
"01221";131;113;1;112;60;52
"01224";1678;1375;93;1282;538;744
"01225";313;263;18;245;86;159
"01227";340;289;18;271;123;148
"01228";452;378;24;354;84;270
"01229";685;601;40;561;225;336
"01230";219;174;20;154;60;94
"01231";1422;1246;86;1160;398;762
"01232";1667;1452;82;1370;586;784
"01233";114;93;4;89;43;46
"01234";138;125;11;114;66;48
"01235";597;506;19;487;152;335
"01236";704;587;50;537;226;311
"01237";1027;897;58;839;305;534
"01238";1781;1523;88;1435;552;883
"01239";490;416;31;385;166;219
"01240";473;406;26;380;146;234
"01241";982;867;51;816;423;393
"01242";94;76;4;72;40;32
"01243";839;736;49;687;246;441
"01244";4954;3931;212;3719;1741;1978
"01245";650;571;45;526;232;294
"01246";1412;1185;71;1114;464;650
"01247";251;209;21;188;60;128
"01248";1523;1339;82;1257;488;769
"01249";6451;5177;263;4914;2157;2757
"01250";1223;1070;60;1010;444;566
"01252";559;478;27;451;168;283
"01254";1357;1198;59;1139;457;682
"01255";389;334;31;303;157;146
"01257";286;235;22;213;72;141
"01258";808;688;47;641;192;449
"01259";437;373;27;346;125;221
"01260";197;168;7;161;37;124
"01261";432;392;15;377;130;247
"01262";4139;3393;179;3214;1539;1675
"01263";2675;2174;110;2064;715;1349
"01264";642;571;38;533;182;351
"01265";2022;1670;86;1584;754;830
"01266";1725;1446;97;1349;578;771
"01267";697;601;47;554;183;371
"01268";206;173;8;165;50;115
"01269";1742;1351;73;1278;626;652
"01271";452;408;28;380;193;187
"01272";1026;859;49;810;271;539
"01273";1103;942;69;873;412;461
"01274";350;296;16;280;105;175
"01275";1719;1483;71;1412;492;920
"01276";1097;933;54;879;359;520
"01277";122;100;6;94;37;57
"01279";87;81;6;75;36;39
"01280";131;114;4;110;35;75
"01281";1653;1377;70;1307;521;786
"01282";187;145;15;130;52;78
"01283";11474;8766;387;8379;4185;4194
"01284";425;377;27;350;145;205
"01285";731;656;25;631;238;393
"01286";313;282;16;266;204;62
"01288";1174;932;42;890;326;564
"01289";4340;3690;202;3488;1673;1815
"01290";946;808;46;762;241;521
"01291";596;510;29;481;169;312
"01292";130;120;8;112;52;60
"01293";152;122;9;113;48;65
"01294";578;485;40;445;180;265
"01295";334;288;27;261;97;164
"01296";290;237;19;218;84;134
"01297";602;525;26;499;175;324
"01298";102;91;7;84;38;46
"01299";375;328;9;319;64;255
"01300";307;254;20;234;84;150
"01301";1793;1559;79;1480;530;950
"01302";139;125;4;121;69;52
"01303";1118;917;48;869;341;528
"01304";1649;1350;98;1252;551;701
"01305";1492;1152;69;1083;450;633
"01306";925;731;49;682;311;371
"01307";612;498;40;458;165;293
"01308";414;326;21;305;146;159
"01309";72;57;8;49;25;24
"01310";119;99;8;91;38;53
"01311";52;40;2;38;18;20
"01312";177;153;4;149;75;74
"01313";3335;2637;103;2534;998;1536
"01314";1008;860;59;801;307;494
"01316";129;117;7;110;53;57
"01317";191;157;12;145;66;79
"01318";469;399;21;378;158;220
"01319";368;319;15;304;104;200
"01320";2568;2235;148;2087;792;1295
"01321";546;475;22;453;218;235
"01322";3029;2575;134;2441;947;1494
"01323";692;598;63;535;250;285
"01325";700;633;35;598;246;352
"01328";353;304;18;286;96;190
"01329";142;118;5;113;60;53
"01330";155;128;11;117;71;46
"01331";135;124;7;117;58;59
"01332";476;403;22;381;180;201
"01333";2200;1883;111;1772;779;993
"01334";377;310;28;282;87;195
"01335";229;209;12;197;64;133
"01336";840;706;50;656;288;368
"01337";854;728;55;673;294;379
"01338";566;479;39;440;161;279
"01339";1160;1004;22;982;325;657
"01340";115;92;14;78;51;27
"01341";134;120;4;116;54;62
"01342";386;351;7;344;122;222
"01343";1261;1059;79;980;434;546
"01344";4318;3725;202;3523;1681;1842
"01345";1668;1336;107;1229;595;634
"01346";605;506;34;472;153;319
"01347";1394;1219;74;1145;452;693
"01348";1983;1595;96;1499;488;1011
"01349";377;312;22;290;96;194
"01350";1932;1602;112;1490;583;907
"01351";980;811;62;749;276;473
"01352";389;327;36;291;138;153
"01353";1036;917;46;871;359;512
"01354";3625;2912;118;2794;1310;1484
"01355";326;269;30;239;105;134
"01356";142;131;10;121;48;73
"01357";281;230;10;220;116;104
"01358";310;264;21;243;105;138
"01359";198;174;5;169;42;127
"01360";819;693;31;662;253;409
"01361";1091;927;53;874;289;585
"01362";526;458;22;436;162;274
"01363";1203;1020;79;941;447;494
"01364";541;461;21;440;178;262
"01365";829;698;51;647;275;372
"01366";587;517;33;484;217;267
"01367";450;393;16;377;145;232
"01368";501;431;39;392;150;242
"01369";726;619;27;592;264;328
"01370";914;740;55;685;398;287
"01371";801;699;52;647;276;371
"01372";305;261;13;248;130;118
"01373";709;600;41;559;187;372
"01374";1219;1083;66;1017;426;591
"01375";568;489;46;443;177;266
"01376";2387;1924;96;1828;983;845
"01378";1785;1541;98;1443;502;941
"01379";510;440;25;415;179;236
"01380";537;424;18;406;166;240
"01381";555;476;28;448;166;282
"01382";251;213;12;201;57;144
"01383";999;822;55;767;282;485
"01384";1294;1020;56;964;523;441
"01385";711;642;31;611;256;355
"01386";815;712;45;667;335;332
"01387";129;114;7;107;44;63
"01388";727;590;43;547;211;336
"01389";1293;1047;63;984;318;666
"01390";604;508;32;476;147;329
"01391";251;222;22;200;85;115
"01392";459;408;22;386;136;250
"01393";377;332;20;312;76;236
"01396";642;510;25;485;208;277
"01397";613;488;30;458;183;275
"01398";851;723;42;681;172;509
"01399";993;765;50;715;226;489
"01400";147;131;11;120;62;58
"01401";910;788;34;754;256;498
"01402";473;400;29;371;197;174
"01403";843;709;49;660;324;336
"01404";130;101;10;91;30;61
"01405";721;575;41;534;203;331
"01406";127;108;7;101;42;59
"01407";552;453;27;426;218;208
"01408";490;415;38;377;175;202
"01409";117;97;10;87;31;56
"01410";254;215;15;200;96;104
"01411";204;173;9;164;62;102
"01412";428;370;30;340;127;213
"01413";75;56;3;53;9;44
"01414";187;149;13;136;65;71
"01415";297;244;21;223;98;125
"01416";721;537;51;486;236;250
"01417";290;252;14;238;122;116
"01418";719;633;24;609;233;376
"01419";2848;2282;102;2180;850;1330
"01420";1045;763;57;706;267;439
"01421";503;418;33;385;173;212
"01422";1013;895;63;832;355;477
"01423";611;543;22;521;180;341
"01424";1251;1109;49;1060;369;691
"01425";224;189;10;179;70;109
"01426";1539;1314;70;1244;585;659
"01427";4056;3274;187;3087;1510;1577
"01428";75;72;1;71;18;53
"01429";437;391;18;373;151;222
"01430";395;350;16;334;120;214
"01431";850;733;43;690;345;345
"01432";206;187;14;173;67;106
"01433";157;129;15;114;52;62
"01434";254;225;15;210;70;140
"01435";1105;893;36;857;367;490
"01436";366;305;17;288;99;189
"01437";154;127;9;118;58;60
"01439";75;66;5;61;21;40
"01441";459;393;21;372;129;243
"01442";317;278;14;264;130;134
"01443";3100;2571;157;2414;1036;1378
"01444";831;703;30;673;351;322
"01445";473;417;48;369;151;218
"01446";1003;842;46;796;231;565
"01447";810;642;58;584;279;305
"01448";271;236;17;219;89;130
"01449";508;434;25;409;174;235
"01450";2450;2059;132;1927;708;1219
"01451";4396;3753;208;3545;1449;2096
"01452";635;528;46;482;273;209
"01453";214;175;18;157;69;88
"01454";559;488;35;453;201;252
"01456";65;61;1;60;29;31
"01457";1904;1539;77;1462;582;880
"02001";386;309;26;283;125;158
"02002";392;336;18;318;167;151
"02003";787;643;53;590;324;266
"02004";158;132;7;125;54;71
"02005";313;251;15;236;121;115
"02006";231;200;15;185;79;106
"02007";90;80;1;79;38;41
"02008";178;155;8;147;89;58
"02009";378;322;27;295;155;140
"02010";124;112;12;100;45;55
"02011";907;762;45;717;298;419
"02012";60;48;3;45;18;27
"02013";303;245;15;230;99;131
"02014";515;452;51;401;222;179
"02015";61;48;2;46;15;31
"02016";159;149;16;133;91;42
"02017";223;206;6;200;101;99
"02018";1392;1065;57;1008;571;437
"02019";276;238;18;220;98;122
"02020";350;306;17;289;108;181
"02021";80;63;3;60;32;28
"02022";319;264;15;249;119;130
"02023";89;67;6;61;27;34
"02024";38;34;2;32;14;18
"02025";269;219;7;212;100;112
"02026";156;136;10;126;54;72
"02027";206;162;8;154;94;60
"02028";2044;1695;135;1560;907;653
"02029";297;269;21;248;121;127
"02030";224;204;18;186;53;133
"02031";465;387;32;355;163;192
"02032";199;152;21;131;59;72
"02033";87;80;4;76;53;23
"02034";76;67;3;64;23;41
"02035";180;159;13;146;71;75
"02036";66;52;3;49;14;35
"02037";1063;878;80;798;505;293
"02038";65;56;2;54;26;28
"02039";120;104;1;103;56;47
"02040";138;116;6;110;56;54
"02041";646;536;51;485;245;240
"02042";268;223;12;211;91;120
"02043";45;35;3;32;15;17
"02044";32;26;2;24;6;18
"02046";441;383;29;354;217;137
"02047";101;84;2;82;56;26
"02048";93;87;4;83;30;53
"02049";569;486;49;437;245;192
"02050";222;195;13;182;77;105
"02051";280;239;18;221;96;125
"02052";112;84;6;78;41;37
"02053";229;194;13;181;79;102
"02054";344;274;24;250;127;123
"02055";112;87;7;80;38;42
"02056";132;103;9;94;48;46
"02057";1023;798;77;721;275;446
"02058";482;412;31;381;173;208
"02059";1980;1441;77;1364;884;480
"02060";218;188;15;173;95;78
"02061";185;140;13;127;71;56
"02062";97;78;9;69;27;42
"02063";282;228;11;217;113;104
"02064";2574;2037;146;1891;1054;837
"02065";481;385;22;363;182;181
"02066";171;136;15;121;53;68
"02067";174;147;13;134;58;76
"02068";68;61;9;52;26;26
"02069";89;76;5;71;31;40
"02070";341;296;18;278;150;128
"02071";469;404;26;378;186;192
"02072";142;120;8;112;54;58
"02073";375;299;32;267;150;117
"02074";474;358;34;324;163;161
"02075";164;146;18;128;69;59
"02076";103;87;6;81;26;55
"02077";309;254;17;237;116;121
"02078";97;77;1;76;31;45
"02079";126;110;6;104;42;62
"02080";300;261;19;242;123;119
"02081";281;242;27;215;104;111
"02082";98;84;3;81;48;33
"02083";514;396;51;345;161;184
"02084";189;157;17;140;57;83
"02085";561;489;37;452;203;249
"02086";723;621;48;573;304;269
"02087";24;24;1;23;12;11
"02088";59;47;7;40;16;24
"02089";855;720;52;668;340;328
"02090";164;147;14;133;64;69
"02091";76;58;1;57;23;34
"02093";893;713;44;669;297;372
"02094";313;267;25;242;126;116
"02095";3704;2838;219;2619;1564;1055
"02096";160;132;14;118;60;58
"02097";205;167;13;154;95;59
"02098";274;230;20;210;99;111
"02099";170;140;13;127;65;62
"02100";113;92;1;91;33;58
"02101";151;132;14;118;66;52
"02102";153;127;3;124;65;59
"02103";923;766;66;700;413;287
"02104";82;78;6;72;24;48
"02105";154;125;8;117;46;71
"02106";454;370;25;345;185;160
"02107";82;67;5;62;28;34
"02108";115;103;4;99;55;44
"02109";365;323;22;301;152;149
"02110";1370;1106;70;1036;469;567
"02111";526;432;50;382;235;147
"02112";482;388;29;359;178;181
"02114";934;810;72;738;371;367
"02115";155;144;10;134;82;52
"02116";131;106;7;99;45;54
"02117";57;46;8;38;15;23
"02118";90;76;5;71;41;30
"02119";241;209;27;182;66;116
"02120";162;143;17;126;71;55
"02121";164;137;16;121;64;57
"02122";43;34;4;30;14;16
"02123";214;191;10;181;80;101
"02124";516;468;34;434;190;244
"02125";157;123;11;112;45;67
"02126";446;359;21;338;177;161
"02127";140;127;13;114;74;40
"02128";1258;1064;71;993;497;496
"02129";23;21;0;21;7;14
"02130";155;134;16;118;54;64
"02131";1469;1251;85;1166;582;584
"02132";146;119;7;112;35;77
"02133";301;261;18;243;125;118
"02134";669;567;46;521;313;208
"02135";845;711;62;649;333;316
"02136";128;92;6;86;31;55
"02137";84;68;5;63;19;44
"02138";153;136;7;129;50;79
"02139";362;277;16;261;106;155
"02140";310;263;37;226;86;140
"02141";1311;1064;82;982;454;528
"02142";190;163;13;150;90;60
"02143";138;119;10;109;33;76
"02144";104;90;7;83;25;58
"02145";436;382;24;358;203;155
"02146";63;55;3;52;19;33
"02147";90;75;5;70;24;46
"02148";197;156;16;140;77;63
"02149";43;42;4;38;13;25
"02150";64;59;3;56;27;29
"02151";90;86;2;84;35;49
"02152";75;62;0;62;19;43
"02153";354;316;21;295;166;129
"02154";243;207;12;195;84;111
"02155";145;125;9;116;66;50
"02156";176;151;11;140;86;54
"02157";569;515;31;484;319;165
"02158";163;142;6;136;74;62
"02159";234;195;16;179;78;101
"02160";364;297;20;277;163;114
"02161";158;143;8;135;45;90
"02162";182;154;13;141;62;79
"02163";1625;1350;112;1238;530;708
"02164";236;209;20;189;93;96
"02165";1239;967;71;896;521;375
"02166";268;205;11;194;101;93
"02167";577;492;39;453;202;251
"02168";9506;7148;439;6709;3760;2949
"02169";84;72;1;71;28;43
"02170";108;88;6;82;36;46
"02171";71;58;5;53;11;42
"02172";163;145;22;123;56;67
"02173";7720;5753;430;5323;2956;2367
"02174";570;469;45;424;201;223
"02175";129;103;13;90;27;63
"02176";155;126;9;117;67;50
"02177";119;104;6;98;37;61
"02178";81;68;9;59;26;33
"02179";272;224;22;202;92;110
"02180";515;442;20;422;277;145
"02181";74;64;1;63;33;30
"02182";121;101;10;91;46;45
"02183";161;140;8;132;52;80
"02184";206;169;28;141;68;73
"02185";261;226;12;214;95;119
"02186";1004;827;69;758;284;474
"02187";825;684;43;641;345;296
"02188";135;109;11;98;47;51
"02189";258;221;14;207;125;82
"02190";440;363;34;329;165;164
"02191";338;297;23;274;146;128
"02192";259;223;11;212;86;126
"02193";63;57;2;55;20;35
"02194";179;156;19;137;69;68
"02195";632;530;38;492;229;263
"02196";251;220;19;201;87;114
"02197";399;328;35;293;95;198
"02198";198;156;10;146;85;61
"02199";421;359;29;330;185;145
"02200";95;76;4;72;47;25
"02201";235;196;11;185;74;111
"02203";806;658;58;600;276;324
"02204";70;58;1;57;9;48
"02205";124;108;6;102;62;40
"02206";69;59;8;51;26;25
"02207";163;141;15;126;66;60
"02208";200;157;16;141;79;62
"02209";468;367;26;341;145;196
"02210";299;245;37;208;101;107
"02211";182;148;12;136;68;68
"02212";539;463;40;423;252;171
"02213";231;181;15;166;92;74
"02214";41;36;2;34;20;14
"02215";495;428;33;395;221;174
"02216";233;194;18;176;94;82
"02217";647;544;36;508;269;239
"02218";398;339;21;318;179;139
"02219";119;103;5;98;64;34
"02220";309;270;18;252;94;158
"02221";132;107;6;101;43;58
"02222";26;20;3;17;8;9
"02223";228;187;25;162;59;103
"02224";271;214;12;202;110;92
"02225";62;56;4;52;20;32
"02226";1314;1063;63;1000;487;513
"02227";86;68;5;63;33;30
"02228";203;176;22;154;77;77
"02229";60;52;4;48;23;25
"02230";158;126;12;114;51;63
"02231";606;505;27;478;295;183
"02232";166;148;7;141;76;65
"02233";111;100;11;89;33;56
"02234";82;75;6;69;43;26
"02235";93;75;6;69;26;43
"02236";220;177;9;168;94;74
"02237";955;799;51;748;498;250
"02238";1258;1009;62;947;499;448
"02239";727;556;43;513;280;233
"02240";176;152;6;146;78;68
"02241";87;78;11;67;19;48
"02242";388;312;20;292;109;183
"02243";1964;1556;119;1437;756;681
"02244";49;45;4;41;19;22
"02245";1101;919;65;854;422;432
"02246";455;365;27;338;167;171
"02248";116;99;1;98;58;40
"02249";86;64;6;58;26;32
"02250";61;48;3;45;16;29
"02251";35;30;2;28;9;19
"02252";61;52;4;48;32;16
"02253";277;217;21;196;100;96
"02254";89;79;6;73;38;35
"02255";102;76;5;71;32;39
"02256";125;103;5;98;16;82
"02257";343;292;24;268;97;171
"02258";310;257;10;247;129;118
"02259";314;279;17;262;130;132
"02260";455;357;23;334;202;132
"02261";283;245;12;233;142;91
"02262";185;158;9;149;90;59
"02263";106;83;4;79;26;53
"02264";564;454;17;437;252;185
"02265";83;65;2;63;30;33
"02266";49;40;5;35;13;22
"02267";216;183;14;169;98;71
"02268";450;379;22;357;150;207
"02269";123;107;7;100;24;76
"02270";108;82;4;78;36;42
"02271";111;98;6;92;28;64
"02272";69;56;1;55;18;37
"02273";158;127;10;117;42;75
"02274";153;127;9;118;55;63
"02275";257;197;24;173;116;57
"02276";109;91;10;81;38;43
"02277";229;184;13;171;101;70
"02278";48;43;3;40;10;30
"02279";417;348;23;325;145;180
"02280";304;237;18;219;108;111
"02281";177;143;10;133;53;80
"02282";305;256;12;244;144;100
"02283";215;173;10;163;86;77
"02284";83;67;2;65;23;42
"02286";642;504;33;471;164;307
"02287";912;785;57;728;355;373
"02288";264;225;18;207;96;111
"02289";356;291;23;268;131;137
"02290";1996;1577;122;1455;798;657
"02291";278;235;12;223;100;123
"02292";908;749;58;691;382;309
"02293";399;338;21;317;170;147
"02294";173;152;6;146;61;85
"02295";694;562;59;503;288;215
"02296";957;825;67;758;375;383
"02297";84;77;3;74;42;32
"02298";1092;856;71;785;462;323
"02299";379;305;21;284;149;135
"02301";218;185;11;174;94;80
"02302";256;187;12;175;81;94
"02303";555;479;12;467;133;334
"02304";1636;1085;61;1024;538;486
"02305";2069;1645;140;1505;774;731
"02306";448;369;19;350;201;149
"02307";1552;1174;99;1075;520;555
"02308";375;310;20;290;120;170
"02309";439;335;20;315;202;113
"02310";228;191;15;176;92;84
"02311";85;71;4;67;38;29
"02312";834;701;37;664;252;412
"02313";342;281;10;271;140;131
"02315";1035;894;71;823;458;365
"02316";135;107;7;100;42;58
"02317";173;141;7;134;67;67
"02318";1107;877;45;832;495;337
"02319";381;323;18;305;179;126
"02320";231;191;13;178;80;98
"02321";672;552;25;527;230;297
"02322";298;279;13;266;127;139
"02323";88;83;9;74;37;37
"02324";196;176;14;162;60;102
"02325";146;126;11;115;23;92
"02326";397;330;23;307;120;187
"02327";126;103;7;96;45;51
"02328";455;378;38;340;180;160
"02329";349;286;21;265;155;110
"02330";372;322;19;303;125;178
"02331";104;90;8;82;54;28
"02332";178;157;17;140;63;77
"02333";117;102;4;98;58;40
"02334";2207;1761;98;1663;968;695
"02335";169;128;6;122;63;59
"02336";735;599;44;555;312;243
"02337";170;147;12;135;73;62
"02338";197;167;10;157;90;67
"02339";495;404;31;373;183;190
"02340";4259;3344;214;3130;2061;1069
"02341";220;189;21;168;104;64
"02342";113;97;3;94;31;63
"02343";62;55;3;52;24;28
"02344";48;39;1;38;24;14
"02345";32;25;4;21;7;14
"02346";523;439;35;404;241;163
"02347";393;329;40;289;116;173
"02348";143;121;10;111;42;69
"02349";35;32;1;31;14;17
"02350";108;96;8;88;51;37
"02351";84;66;4;62;27;35
"02352";404;337;33;304;167;137
"02353";215;192;13;179;102;77
"02354";70;59;5;54;24;30
"02355";658;588;33;555;283;272
"02356";132;117;11;106;55;51
"02357";52;44;5;39;13;26
"02358";310;249;22;227;124;103
"02359";741;651;50;601;372;229
"02360";1600;1301;103;1198;555;643
"02361";3379;2668;158;2510;1553;957
"02362";205;167;9;158;81;77
"02363";317;267;22;245;149;96
"02364";193;137;10;127;54;73
"02366";202;158;17;141;75;66
"02367";115;100;13;87;44;43
"02368";422;363;33;330;152;178
"02369";204;182;19;163;96;67
"02370";379;327;29;298;156;142
"02371";1204;1036;57;979;520;459
"02372";241;190;16;174;69;105
"02373";206;173;13;160;81;79
"02374";604;519;45;474;316;158
"02375";102;88;5;83;34;49
"02376";134;117;4;113;55;58
"02377";122;108;10;98;23;75
"02378";137;121;8;113;50;63
"02379";182;160;16;144;61;83
"02380";40;30;2;28;4;24
"02381";7031;4830;309;4521;2712;1809
"02382";1103;965;67;898;481;417
"02383";1080;945;53;892;434;458
"02384";49;36;0;36;13;23
"02385";145;124;10;114;56;58
"02386";167;136;12;124;79;45
"02387";819;694;38;656;316;340
"02388";165;137;14;123;47;76
"02389";468;393;32;361;183;178
"02390";176;152;10;142;78;64
"02391";160;135;3;132;58;74
"02392";268;234;22;212;91;121
"02393";120;87;4;83;42;41
"02395";110;101;13;88;53;35
"02396";41;36;5;31;14;17
"02397";950;734;51;683;350;333
"02398";230;190;10;180;80;100
"02399";331;284;18;266;147;119
"02400";110;100;9;91;49;42
"02401";158;128;8;120;38;82
"02402";48;37;2;35;10;25
"02403";228;196;13;183;95;88
"02404";145;121;9;112;38;74
"02405";421;342;20;322;147;175
"02406";94;81;3;78;43;35
"02407";149;119;8;111;46;65
"02408";15414;11424;702;10722;6194;4528
"02409";225;190;12;178;101;77
"02410";168;143;8;135;59;76
"02411";145;119;6;113;53;60
"02412";83;72;4;68;26;42
"02413";196;178;11;167;97;70
"02414";167;138;14;124;50;74
"02415";96;84;8;76;27;49
"02416";366;323;32;291;172;119
"02417";77;73;5;68;29;39
"02418";167;142;14;128;53;75
"02419";212;187;7;180;60;120
"02420";682;568;48;520;225;295
"02421";53;45;4;41;24;17
"02422";618;515;26;489;302;187
"02423";307;260;21;239;118;121
"02424";95;81;5;76;47;29
"02425";129;110;6;104;27;77
"02426";423;357;21;336;152;184
"02427";98;84;10;74;38;36
"02428";58;45;5;40;17;23
"02429";87;71;7;64;50;14
"02430";827;658;58;600;353;247
"02431";344;279;18;261;175;86
"02432";156;130;10;120;38;82
"02433";216;177;12;165;98;67
"02434";196;168;13;155;92;63
"02435";68;58;3;55;19;36
"02438";190;167;7;160;61;99
"02439";278;212;15;197;90;107
"02440";105;91;9;82;19;63
"02441";173;149;11;138;62;76
"02442";81;68;4;64;36;28
"02443";140;116;7;109;41;68
"02444";109;98;7;91;63;28
"02445";231;202;15;187;85;102
"02446";82;66;4;62;40;22
"02447";99;75;7;68;31;37
"02448";98;91;5;86;32;54
"02449";58;37;2;35;18;17
"02450";250;224;6;218;99;119
"02451";117;102;12;90;46;44
"02452";170;159;10;149;48;101
"02453";275;229;7;222;119;103
"02454";275;235;14;221;113;108
"02455";148;131;11;120;44;76
"02456";302;244;17;227;105;122
"02457";266;217;14;203;110;93
"02458";229;193;12;181;53;128
"02459";153;135;4;131;43;88
"02460";161;148;12;136;92;44
"02461";261;213;12;201;84;117
"02462";179;154;20;134;71;63
"02463";60;52;2;50;24;26
"02464";234;207;12;195;100;95
"02465";305;255;15;240;100;140
"02466";124;93;6;87;41;46
"02467";39;34;6;28;6;22
"02468";1636;1321;77;1244;748;496
"02469";348;303;30;273;120;153
"02470";319;273;27;246;118;128
"02471";86;79;5;74;35;39
"02472";366;292;28;264;154;110
"02473";141;118;9;109;60;49
"02474";273;242;18;224;136;88
"02475";253;215;14;201;100;101
"02476";477;357;33;324;210;114
"02477";694;591;38;553;224;329
"02478";181;149;18;131;91;40
"02479";48;39;2;37;15;22
"02480";248;202;13;189;123;66
"02481";359;316;15;301;103;198
"02482";40;33;2;31;26;5
"02483";412;358;15;343;168;175
"02484";348;290;18;272;139;133
"02485";73;63;2;61;23;38
"02486";61;52;7;45;25;20
"02487";504;428;29;399;193;206
"02488";121;92;6;86;39;47
"02489";240;204;9;195;107;88
"02490";116;104;10;94;43;51
"02491";280;238;16;222;94;128
"02492";339;291;21;270;182;88
"02493";151;130;6;124;60;64
"02494";109;99;6;93;47;46
"02495";760;594;43;551;262;289
"02496";77;61;4;57;27;30
"02497";829;702;45;657;341;316
"02498";501;395;37;358;177;181
"02499";41;37;2;35;16;19
"02500";629;520;45;475;290;185
"02501";68;60;4;56;31;25
"02502";1068;853;41;812;489;323
"02503";674;524;30;494;331;163
"02504";1154;929;70;859;584;275
"02505";152;129;20;109;36;73
"02506";171;153;3;150;69;81
"02507";33;28;2;26;13;13
"02508";97;89;2;87;41;46
"02509";124;106;6;100;35;65
"02510";110;94;10;84;43;41
"02511";215;191;11;180;78;102
"02512";192;150;13;137;54;83
"02513";127;112;5;107;54;53
"02514";544;457;37;420;253;167
"02515";62;42;1;41;23;18
"02516";51;47;6;41;17;24
"02517";226;195;10;185;111;74
"02518";217;173;13;160;59;101
"02519";141;131;8;123;52;71
"02520";467;380;36;344;163;181
"02521";851;729;48;681;296;385
"02522";49;40;0;40;10;30
"02523";64;60;10;50;26;24
"02524";513;423;43;380;192;188
"02525";484;436;37;399;183;216
"02526";76;55;5;50;20;30
"02527";313;261;14;247;115;132
"02528";183;169;14;155;70;85
"02529";164;144;8;136;68;68
"02530";67;49;3;46;27;19
"02531";101;83;7;76;42;34
"02532";744;625;39;586;313;273
"02533";100;85;8;77;27;50
"02534";37;33;1;32;14;18
"02535";114;101;3;98;33;65
"02536";69;65;5;60;30;30
"02537";127;108;5;103;39;64
"02538";60;52;4;48;14;34
"02539";542;463;28;435;282;153
"02540";872;757;60;697;350;347
"02541";292;248;15;233;91;142
"02542";71;55;6;49;17;32
"02543";1422;1105;75;1030;483;547
"02544";439;348;23;325;166;159
"02545";126;104;5;99;51;48
"02546";143;124;5;119;69;50
"02547";43;43;5;38;19;19
"02548";295;231;15;216;109;107
"02549";682;588;33;555;283;272
"02550";82;63;6;57;32;25
"02551";79;74;6;68;36;32
"02552";133;114;7;107;58;49
"02553";184;163;8;155;54;101
"02554";832;682;53;629;275;354
"02555";1446;1100;89;1011;496;515
"02556";70;59;4;55;27;28
"02557";104;86;2;84;45;39
"02558";1823;1494;108;1386;690;696
"02559";375;291;21;270;145;125
"02560";204;177;8;169;69;100
"02561";133;111;6;105;53;52
"02562";146;117;10;107;46;61
"02563";160;129;4;125;61;64
"02564";383;328;26;302;160;142
"02565";174;149;17;132;87;45
"02566";928;747;55;692;349;343
"02567";239;211;18;193;115;78
"02568";153;128;13;115;33;82
"02569";297;235;30;205;94;111
"02570";121;103;6;97;48;49
"02571";523;465;38;427;187;240
"02572";342;290;30;260;111;149
"02573";59;49;3;46;22;24
"02574";1099;880;47;833;362;471
"02575";1304;1001;80;921;549;372
"02576";251;207;14;193;85;108
"02577";77;65;6;59;20;39
"02578";58;56;2;54;25;29
"02579";102;95;7;88;41;47
"02580";540;436;28;408;240;168
"02581";226;193;16;177;95;82
"02582";62;54;3;51;27;24
"02583";52;47;5;42;27;15
"02584";86;82;6;76;26;50
"02585";201;171;9;162;98;64
"02586";136;118;17;101;40;61
"02587";273;230;13;217;116;101
"02588";58;49;0;49;20;29
"02589";196;175;15;160;89;71
"02590";138;118;6;112;49;63
"02591";107;89;10;79;42;37
"02592";177;149;14;135;41;94
"02593";852;709;44;665;333;332
"02594";124;102;9;93;40;53
"02595";120;102;8;94;16;78
"02596";538;422;41;381;224;157
"02597";59;57;3;54;30;24
"02598";515;433;37;396;205;191
"02599";213;161;11;150;90;60
"02600";280;241;13;228;130;98
"02601";128;109;15;94;41;53
"02602";1197;950;45;905;578;327
"02604";55;47;2;45;24;21
"02605";153;124;3;121;51;70
"02606";75;59;2;57;18;39
"02607";56;49;3;46;20;26
"02608";334;285;20;265;95;170
"02609";27;26;4;22;3;19
"02610";450;388;21;367;173;194
"02612";99;77;4;73;37;36
"02613";389;343;19;324;139;185
"02614";203;179;11;168;80;88
"02615";276;235;16;219;115;104
"02616";140;115;8;107;54;53
"02617";385;328;13;315;226;89
"02618";519;421;37;384;170;214
"02619";310;249;16;233;137;96
"02620";276;209;14;195;90;105
"02621";318;264;15;249;110;139
"02622";44;39;6;33;9;24
"02623";89;78;5;73;41;32
"02624";232;180;13;167;92;75
"02625";129;108;5;103;58;45
"02626";347;275;11;264;144;120
"02627";88;74;4;70;28;42
"02628";181;156;6;150;71;79
"02629";222;187;7;180;59;121
"02631";290;242;29;213;108;105
"02632";56;48;2;46;14;32
"02633";52;48;1;47;25;22
"02634";53;46;0;46;11;35
"02635";129;103;6;97;56;41
"02636";158;139;8;131;46;85
"02637";258;223;17;206;103;103
"02638";196;167;12;155;97;58
"02639";265;221;14;207;90;117
"02640";131;112;6;106;54;52
"02641";102;88;1;87;33;54
"02642";142;116;11;105;43;62
"02643";589;500;33;467;220;247
"02644";286;245;16;229;90;139
"02645";151;116;9;107;63;44
"02646";42;38;7;31;12;19
"02647";55;43;4;39;14;25
"02648";1525;1266;90;1176;649;527
"02649";243;198;19;179;82;97
"02650";314;248;17;231;76;155
"02651";79;63;5;58;23;35
"02652";92;77;6;71;32;39
"02653";333;290;21;269;125;144
"02654";67;60;6;54;26;28
"02655";106;92;12;80;28;52
"02656";281;244;19;225;114;111
"02657";151;132;9;123;76;47
"02658";185;160;7;153;82;71
"02659";384;348;13;335;119;216
"02660";44;35;2;33;8;25
"02661";156;137;5;132;66;66
"02662";262;194;12;182;89;93
"02663";177;148;16;132;57;75
"02664";91;78;9;69;22;47
"02665";247;201;16;185;84;101
"02666";775;609;39;570;326;244
"02667";180;142;6;136;71;65
"02668";689;586;53;533;283;250
"02669";94;79;2;77;26;51
"02670";122;104;4;100;42;58
"02671";248;199;14;185;108;77
"02672";188;165;9;156;62;94
"02673";315;263;12;251;102;149
"02674";55;46;6;40;11;29
"02675";113;94;13;81;45;36
"02676";1320;1002;83;919;434;485
"02677";184;154;13;141;69;72
"02678";51;40;0;40;21;19
"02679";98;90;11;79;38;41
"02680";1491;1163;61;1102;634;468
"02681";216;178;9;169;80;89
"02682";93;70;3;67;37;30
"02683";90;81;8;73;40;33
"02684";2383;1843;140;1703;1052;651
"02685";97;84;5;79;38;41
"02686";326;286;17;269;144;125
"02687";282;239;13;226;101;125
"02688";46;42;7;35;9;26
"02689";57;48;2;46;11;35
"02690";68;55;5;50;32;18
"02691";33680;26016;1650;24366;13202;11164
"02693";171;145;3;142;55;87
"02694";459;378;24;354;204;150
"02695";50;41;5;36;26;10
"02696";62;56;5;51;35;16
"02697";282;254;20;234;140;94
"02698";88;75;8;67;33;34
"02699";234;204;14;190;87;103
"02701";471;381;20;361;163;198
"02702";472;409;28;381;206;175
"02703";752;633;42;591;362;229
"02704";174;149;12;137;56;81
"02705";164;139;12;127;39;88
"02706";413;355;23;332;169;163
"02707";148;107;6;101;56;45
"02708";180;159;10;149;64;85
"02709";293;242;15;227;91;136
"02710";562;479;47;432;234;198
"02711";219;186;9;177;84;93
"02712";120;99;15;84;28;56
"02713";228;194;19;175;100;75
"02714";224;185;20;165;78;87
"02715";38;35;4;31;22;9
"02716";215;183;16;167;75;92
"02717";494;393;27;366;185;181
"02718";123;92;5;87;39;48
"02719";1640;1324;75;1249;662;587
"02720";1281;1050;65;985;551;434
"02721";364;312;19;293;116;177
"02722";17365;12549;671;11878;5921;5957
"02723";86;70;2;68;19;49
"02724";44;38;2;36;14;22
"02725";112;98;7;91;30;61
"02726";129;117;6;111;54;57
"02727";179;138;8;130;70;60
"02728";217;190;23;167;76;91
"02729";78;67;3;64;23;41
"02730";207;177;9;168;93;75
"02731";128;112;16;96;55;41
"02732";75;66;9;57;23;34
"02733";213;187;21;166;92;74
"02734";204;172;14;158;65;93
"02735";17;17;0;17;9;8
"02736";119;96;3;93;40;53
"02737";466;399;13;386;267;119
"02738";10262;7660;534;7126;4785;2341
"02739";230;195;13;182;78;104
"02740";218;194;10;184;74;110
"02741";411;340;25;315;221;94
"02742";85;68;6;62;34;28
"02743";116;102;8;94;54;40
"02744";67;49;6;43;20;23
"02745";104;88;5;83;49;34
"02746";521;438;32;406;223;183
"02747";62;57;2;55;24;31
"02748";755;631;55;576;211;365
"02749";163;140;6;134;60;74
"02750";428;341;16;325;186;139
"02751";120;97;3;94;64;30
"02752";222;181;5;176;97;79
"02753";262;214;9;205;143;62
"02754";138;124;13;111;48;63
"02755";394;345;21;324;181;143
"02756";482;407;23;384;172;212
"02757";417;364;32;332;213;119
"02758";1480;1221;90;1131;583;548
"02759";219;180;23;157;83;74
"02760";135;107;8;99;40;59
"02761";122;102;12;90;40;50
"02762";112;92;21;71;44;27
"02763";147;125;10;115;51;64
"02764";57;52;1;51;31;20
"02765";196;178;14;164;72;92
"02766";183;140;17;123;72;51
"02767";275;226;26;200;94;106
"02768";329;266;24;242;130;112
"02769";642;522;59;463;263;200
"02770";646;544;34;510;233;277
"02771";66;61;3;58;43;15
"02772";97;86;1;85;26;59
"02773";40;34;3;31;13;18
"02774";88;71;4;67;33;34
"02775";695;596;57;539;281;258
"02776";406;327;16;311;144;167
"02777";129;97;4;93;28;65
"02778";102;92;3;89;51;38
"02779";173;143;4;139;67;72
"02780";897;696;49;647;344;303
"02781";322;268;24;244;137;107
"02782";160;151;14;137;80;57
"02783";103;90;9;81;57;24
"02784";134;117;17;100;47;53
"02785";807;701;50;651;334;317
"02786";118;95;4;91;45;46
"02787";177;158;16;142;89;53
"02788";301;247;25;222;119;103
"02789";1738;1390;83;1307;788;519
"02790";185;160;22;138;69;69
"02791";207;174;7;167;109;58
"02792";123;102;10;92;46;46
"02793";100;89;5;84;35;49
"02794";136;126;11;115;51;64
"02795";1181;979;65;914;489;425
"02796";73;66;4;62;28;34
"02797";116;102;4;98;61;37
"02798";705;530;46;484;200;284
"02799";272;212;20;192;104;88
"02800";199;172;16;156;57;99
"02801";217;183;9;174;67;107
"02802";147;120;11;109;47;62
"02803";89;77;1;76;41;35
"02804";160;129;8;121;50;71
"02805";1651;1325;98;1227;689;538
"02806";197;169;23;146;77;69
"02807";516;436;14;422;194;228
"02808";229;187;27;160;104;56
"02809";74;63;6;57;23;34
"02810";6711;5152;366;4786;2412;2374
"02811";112;88;3;85;40;45
"02812";145;125;10;115;51;64
"02813";167;136;10;126;50;76
"02814";157;144;6;138;55;83
"02815";379;312;21;291;158;133
"02816";326;288;20;268;161;107
"02817";49;41;2;39;20;19
"02818";582;490;27;463;203;260
"02819";97;84;5;79;41;38
"02820";1461;1182;119;1063;576;487
"02821";514;429;28;401;186;215
"02822";300;240;20;220;95;125
"02823";61;50;3;47;15;32
"02824";315;277;16;261;108;153
"02826";311;277;14;263;138;125
"02827";238;215;22;193;107;86
"02828";72;61;2;59;29;30
"02829";26;22;1;21;5;16
"02830";674;523;26;497;261;236
"02831";283;245;26;219;121;98
"02832";173;137;16;121;55;66
"02833";349;284;15;269;99;170
"02834";122;106;8;98;45;53
"03001";2009;1686;138;1548;754;794
"03002";248;228;16;212;135;77
"03003";825;682;52;630;339;291
"03004";225;180;13;167;67;100
"03005";227;195;22;173;108;65
"03006";597;466;38;428;286;142
"03007";284;242;8;234;128;106
"03008";308;265;15;250;118;132
"03009";89;64;1;63;34;29
"03010";351;315;31;284;191;93
"03011";279;237;14;223;100;123
"03012";246;218;16;202;138;64
"03013";2975;2546;184;2362;1419;943
"03014";133;119;2;117;65;52
"03015";234;196;9;187;94;93
"03016";115;102;8;94;40;54
"03017";167;135;10;125;55;70
"03018";481;403;32;371;212;159
"03019";1362;1117;82;1035;643;392
"03020";236;203;16;187;105;82
"03021";199;171;14;157;85;72
"03022";826;683;54;629;399;230
"03023";6018;5163;314;4849;2275;2574
"03024";210;181;21;160;95;65
"03025";1061;914;55;859;502;357
"03026";650;564;40;524;265;259
"03027";640;533;31;502;322;180
"03028";293;250;17;233;140;93
"03029";663;545;26;519;330;189
"03030";626;524;38;486;248;238
"03031";237;205;9;196;94;102
"03032";178;159;11;148;81;67
"03033";140;109;11;98;68;30
"03034";397;324;36;288;179;109
"03035";174;154;10;144;69;75
"03036";1900;1615;97;1518;946;572
"03037";197;168;14;154;75;79
"03038";397;340;27;313;189;124
"03039";295;247;17;230;129;101
"03040";885;800;40;760;446;314
"03041";292;243;13;230;117;113
"03042";462;382;29;353;171;182
"03043";879;760;71;689;341;348
"03044";1119;968;69;899;452;447
"03045";692;586;57;529;270;259
"03046";831;714;47;667;469;198
"03047";366;297;25;272;173;99
"03048";1136;939;71;868;502;366
"03049";313;259;19;240;132;108
"03050";189;151;12;139;76;63
"03051";239;189;23;166;128;38
"03052";748;661;53;608;380;228
"03053";817;694;44;650;341;309
"03054";178;147;2;145;82;63
"03055";784;649;51;598;363;235
"03056";348;298;29;269;160;109
"03057";184;162;8;154;88;66
"03058";163;140;6;134;85;49
"03059";268;239;18;221;103;118
"03060";578;507;45;462;208;254
"03061";285;240;22;218;111;107
"03062";313;264;14;250;118;132
"03063";707;592;43;549;331;218
"03064";148;132;4;128;68;60
"03065";420;363;31;332;209;123
"03066";348;280;22;258;155;103
"03067";138;122;9;113;57;56
"03068";121;102;9;93;45;48
"03069";221;187;21;166;110;56
"03070";118;93;4;89;47;42
"03071";194;155;8;147;85;62
"03072";361;311;19;292;183;109
"03073";474;409;17;392;239;153
"03074";540;449;35;414;235;179
"03075";127;106;11;95;52;43
"03076";155;134;13;121;47;74
"03077";104;83;4;79;43;36
"03078";219;187;13;174;90;84
"03079";252;212;16;196;109;87
"03080";495;450;33;417;199;218
"03081";263;212;16;196;143;53
"03082";4863;3911;268;3643;2532;1111
"03083";544;465;50;415;224;191
"03084";1677;1438;102;1336;853;483
"03085";520;457;28;429;242;187
"03086";263;218;19;199;105;94
"03087";457;372;31;341;214;127
"03088";262;212;29;183;109;74
"03089";107;94;7;87;54;33
"03090";238;201;15;186;99;87
"03091";341;279;22;257;166;91
"03092";562;495;39;456;241;215
"03093";754;678;66;612;351;261
"03094";2814;2430;187;2243;1097;1146
"03095";8801;7320;525;6795;3801;2994
"03096";87;74;6;68;39;29
"03097";250;218;22;196;127;69
"03098";3618;3011;241;2770;1815;955
"03099";324;275;23;252;133;119
"03100";1111;906;71;835;482;353
"03101";7108;6063;486;5577;3638;1939
"03102";2433;1961;154;1807;1072;735
"03103";795;682;40;642;354;288
"03104";924;771;50;721;458;263
"03105";290;253;20;233;119;114
"03106";952;793;49;744;461;283
"03107";894;744;45;699;338;361
"03108";256;224;19;205;131;74
"03109";541;466;33;433;235;198
"03110";672;589;40;549;293;256
"03111";866;741;44;697;430;267
"03112";519;425;30;395;214;181
"03113";444;357;27;330;177;153
"03114";228;205;17;188;94;94
"03115";268;228;14;214;112;102
"03116";189;158;13;145;75;70
"03117";351;309;16;293;195;98
"03118";4250;3322;225;3097;1759;1338
"03119";352;289;24;265;109;156
"03120";540;469;30;439;239;200
"03121";496;439;27;412;238;174
"03122";175;158;13;145;82;63
"03123";214;174;18;156;93;63
"03124";191;153;20;133;63;70
"03125";139;111;14;97;39;58
"03126";822;711;70;641;366;275
"03127";477;420;19;401;220;181
"03128";2042;1764;151;1613;1115;498
"03129";290;258;21;237;158;79
"03130";229;196;16;180;94;86
"03131";392;331;29;302;130;172
"03132";534;433;36;397;224;173
"03133";429;375;20;355;197;158
"03134";162;142;9;133;82;51
"03135";282;230;18;212;121;91
"03136";123;97;10;87;56;31
"03137";184;154;12;142;81;61
"03138";2229;1829;148;1681;912;769
"03139";310;248;39;209;100;109
"03140";891;788;56;732;473;259
"03141";202;182;16;166;56;110
"03142";247;202;17;185;87;98
"03143";104;76;9;67;39;28
"03144";198;173;9;164;75;89
"03145";599;508;40;468;309;159
"03146";124;101;3;98;53;45
"03147";150;129;6;123;58;65
"03148";278;223;6;217;91;126
"03149";380;340;13;327;184;143
"03150";198;181;18;163;103;60
"03151";155;128;10;118;75;43
"03152";227;176;15;161;98;63
"03153";211;178;14;164;105;59
"03154";228;188;22;166;87;79
"03155";1505;1260;91;1169;599;570
"03156";1218;1064;87;977;592;385
"03157";584;519;42;477;267;210
"03158";249;209;19;190;123;67
"03159";580;497;27;470;340;130
"03160";258;232;12;220;97;123
"03161";725;628;55;573;253;320
"03162";167;150;12;138;82;56
"03163";558;493;52;441;261;180
"03164";202;181;12;169;67;102
"03165";1089;917;81;836;429;407
"03166";243;224;24;200;112;88
"03167";248;212;17;195;89;106
"03168";644;559;42;517;256;261
"03169";228;202;16;186;91;95
"03170";118;100;2;98;58;40
"03171";194;161;16;145;91;54
"03172";127;104;10;94;56;38
"03173";926;783;63;720;393;327
"03174";699;630;53;577;284;293
"03175";240;206;21;185;90;95
"03176";420;352;31;321;170;151
"03177";251;203;5;198;122;76
"03178";258;220;14;206;117;89
"03179";289;247;16;231;103;128
"03180";489;432;30;402;235;167
"03181";273;229;16;213;143;70
"03182";203;177;12;165;72;93
"03183";338;280;14;266;144;122
"03184";404;351;35;316;169;147
"03185";26436;19529;1240;18289;11130;7159
"03186";1028;859;67;792;463;329
"03187";372;299;32;267;169;98
"03188";196;156;7;149;81;68
"03189";579;481;35;446;279;167
"03190";13533;10028;544;9484;5417;4067
"03191";214;178;18;160;100;60
"03192";91;74;3;71;48;23
"03193";128;117;10;107;67;40
"03194";108;88;6;82;43;39
"03195";2042;1736;130;1606;852;754
"03196";208;176;10;166;91;75
"03197";1149;987;78;909;527;382
"03198";129;113;13;100;55;45
"03200";1258;1113;71;1042;595;447
"03201";243;204;13;191;93;98
"03202";468;378;16;362;213;149
"03203";313;266;23;243;138;105
"03204";479;415;34;381;187;194
"03205";366;295;17;278;170;108
"03206";153;139;7;132;77;55
"03207";398;333;32;301;200;101
"03208";291;231;18;213;123;90
"03209";124;108;15;93;56;37
"03210";333;289;24;265;157;108
"03211";1870;1582;87;1495;907;588
"03212";1075;919;67;852;481;371
"03213";211;180;9;171;88;83
"03214";226;195;17;178;109;69
"03215";460;398;27;371;192;179
"03216";160;140;10;130;72;58
"03217";619;518;46;472;281;191
"03218";235;204;21;183;78;105
"03219";191;151;8;143;70;73
"03220";503;449;32;417;200;217
"03221";550;475;39;436;196;240
"03222";70;66;3;63;39;24
"03223";363;321;20;301;154;147
"03224";320;268;25;243;129;114
"03225";374;308;25;283;144;139
"03226";201;173;16;157;92;65
"03227";279;244;21;223;94;129
"03228";50;48;2;46;13;33
"03229";498;396;33;363;204;159
"03230";358;320;23;297;176;121
"03231";180;158;12;146;65;81
"03232";246;213;16;197;132;65
"03233";269;216;22;194;117;77
"03234";326;272;15;257;139;118
"03235";720;600;56;544;294;250
"03236";2580;2156;175;1981;1185;796
"03237";343;295;29;266;152;114
"03238";398;325;22;303;197;106
"03239";230;202;11;191;125;66
"03240";514;431;29;402;236;166
"03241";284;248;15;233;138;95
"03242";469;410;38;372;223;149
"03243";128;122;7;115;49;66
"03244";152;133;9;124;47;77
"03245";113;99;2;97;41;56
"03246";462;386;31;355;202;153
"03247";770;654;49;605;412;193
"03248";169;145;9;136;77;59
"03249";163;136;7;129;80;49
"03250";306;263;19;244;137;107
"03251";287;261;18;243;138;105
"03252";450;382;23;359;174;185
"03253";338;282;28;254;137;117
"03254";3794;3008;205;2803;1496;1307
"03255";126;110;8;102;53;49
"03256";185;161;12;149;70;79
"03257";630;541;56;485;261;224
"03258";1302;1084;87;997;472;525
"03259";294;232;19;213;141;72
"03260";174;152;10;142;87;55
"03261";162;142;7;135;71;64
"03262";1617;1445;98;1347;781;566
"03263";145;108;14;94;51;43
"03264";2104;1739;144;1595;1032;563
"03265";605;498;39;459;246;213
"03266";187;162;20;142;84;58
"03267";532;474;25;449;234;215
"03268";282;241;23;218;113;105
"03269";82;69;4;65;25;40
"03270";126;117;10;107;48;59
"03271";592;529;37;492;249;243
"03272";208;176;13;163;102;61
"03273";393;346;42;304;184;120
"03274";251;204;12;192;117;75
"03275";1427;1205;70;1135;644;491
"03276";94;88;7;81;46;35
"03277";222;191;12;179;93;86
"03278";184;165;6;159;62;97
"03279";427;389;30;359;206;153
"03280";184;162;15;147;95;52
"03281";325;287;24;263;134;129
"03282";317;288;17;271;175;96
"03283";839;695;44;651;383;268
"03284";257;219;25;194;117;77
"03285";151;137;9;128;62;66
"03286";895;789;48;741;388;353
"03287";307;259;14;245;138;107
"03288";409;319;21;298;184;114
"03289";392;346;34;312;155;157
"03290";1193;1068;72;996;630;366
"03291";318;266;18;248;119;129
"03292";682;580;32;548;393;155
"03293";230;201;16;185;99;86
"03294";143;125;9;116;64;52
"03295";69;57;5;52;31;21
"03296";308;266;21;245;140;105
"03297";1266;1087;81;1006;619;387
"03298";2755;2270;173;2097;1212;885
"03299";195;171;15;156;84;72
"03300";419;368;28;340;227;113
"03301";793;689;56;633;430;203
"03302";53;46;3;43;15;28
"03303";180;157;10;147;89;58
"03304";1810;1557;114;1443;665;778
"03305";436;390;28;362;236;126
"03306";1399;1236;95;1141;603;538
"03307";211;181;7;174;113;61
"03308";130;113;12;101;63;38
"03309";425;337;26;311;180;131
"03310";17607;13529;794;12735;5704;7031
"03311";289;250;23;227;121;106
"03312";205;180;9;171;119;52
"03313";221;193;14;179;91;88
"03314";933;814;56;758;428;330
"03315";960;814;60;754;439;315
"03316";709;597;49;548;309;239
"03317";267;224;16;208;119;89
"03318";101;90;8;82;38;44
"03319";353;301;20;281;136;145
"03320";617;540;38;502;329;173
"03321";9494;7985;476;7509;4783;2726
"04001";862;759;50;709;386;323
"04004";394;328;15;313;168;145
"04005";97;89;9;80;48;32
"04006";573;485;25;460;170;290
"04007";68;56;7;49;28;21
"04008";879;760;60;700;309;391
"04009";38;34;1;33;14;19
"04012";86;75;9;66;46;20
"04013";420;374;21;353;196;157
"04016";67;60;3;57;29;28
"04017";98;88;5;83;60;23
"04018";759;660;39;621;337;284
"04019";1911;1530;87;1443;601;842
"04020";138;112;7;105;64;41
"04021";116;98;9;89;55;34
"04022";380;312;24;288;135;153
"04023";212;181;13;168;100;68
"04024";135;118;4;114;74;40
"04025";361;307;20;287;153;134
"04026";135;122;14;108;64;44
"04027";166;150;10;140;63;77
"04028";116;105;6;99;67;32
"04030";74;65;6;59;45;14
"04031";441;388;24;364;207;157
"04032";164;149;3;146;76;70
"04033";294;266;12;254;144;110
"04034";663;547;41;506;272;234
"04035";181;148;9;139;73;66
"04036";826;725;53;672;403;269
"04037";75;60;6;54;24;30
"04039";1156;987;42;945;460;485
"04040";74;59;6;53;30;23
"04041";208;178;23;155;74;81
"04042";143;123;7;116;65;51
"04043";95;80;4;76;39;37
"04045";1102;877;40;837;388;449
"04046";562;475;23;452;259;193
"04047";571;489;32;457;218;239
"04049";3906;3206;212;2994;1770;1224
"04050";30;26;1;25;14;11
"04051";73;63;2;61;27;34
"04053";398;345;23;322;145;177
"04054";75;64;2;62;29;33
"04055";142;125;8;117;73;44
"04057";171;148;10;138;81;57
"04058";188;160;18;142;77;65
"04059";185;153;12;141;80;61
"04061";352;305;14;291;125;166
"04062";165;140;11;129;55;74
"04063";824;727;46;681;291;390
"04065";541;465;37;428;209;219
"04066";362;317;25;292;93;199
"04067";51;43;3;40;25;15
"04068";628;566;28;538;268;270
"04069";96;81;4;77;33;44
"04070";11939;9595;632;8963;4862;4101
"04072";83;72;5;67;38;29
"04073";451;380;19;361;124;237
"04074";102;92;8;84;44;40
"04075";282;252;19;233;125;108
"04076";679;579;47;532;214;318
"04077";125;106;9;97;61;36
"04079";963;836;63;773;449;324
"04081";361;311;22;289;132;157
"04084";429;366;14;352;220;132
"04085";50;42;6;36;16;20
"04086";251;219;13;206;86;120
"04087";130;116;6;110;62;48
"04088";3496;2938;131;2807;1522;1285
"04090";224;197;11;186;100;86
"04091";87;73;6;67;19;48
"04092";91;82;7;75;29;46
"04093";57;51;2;49;26;23
"04094";2253;1904;125;1779;770;1009
"04095";99;93;4;89;61;28
"04096";804;682;40;642;292;350
"04097";292;246;18;228;131;97
"04099";108;97;10;87;45;42
"04100";71;51;4;47;17;30
"04101";114;96;4;92;64;28
"04102";241;197;16;181;72;109
"04104";195;163;7;156;111;45
"04106";293;253;22;231;123;108
"04107";20;15;1;14;11;3
"04108";1227;1046;77;969;522;447
"04109";235;204;11;193;102;91
"04110";755;651;48;603;345;258
"04111";1071;855;44;811;425;386
"04112";15335;12156;665;11491;5722;5769
"04113";369;334;18;316;155;161
"04115";174;143;5;138;52;86
"04116";2477;1994;135;1859;984;875
"04118";122;108;3;105;51;54
"04120";64;52;8;44;10;34
"04121";488;438;37;401;232;169
"04122";398;350;27;323;192;131
"04123";851;732;50;682;334;348
"04124";395;327;30;297;148;149
"04126";425;358;16;342;119;223
"04127";269;236;19;217;123;94
"04128";167;139;13;126;60;66
"04129";49;42;4;38;29;9
"04130";138;124;8;116;64;52
"04132";119;107;12;95;47;48
"04133";199;162;11;151;77;74
"04134";393;356;35;321;164;157
"04135";580;490;30;460;205;255
"04136";270;223;24;199;96;103
"04137";45;37;4;33;21;12
"04138";206;187;16;171;94;77
"04139";385;328;18;310;156;154
"04140";116;101;11;90;39;51
"04141";303;265;23;242;137;105
"04142";73;63;4;59;40;19
"04143";4031;3367;258;3109;1438;1671
"04144";298;245;20;225;144;81
"04145";1023;876;71;805;399;406
"04148";266;230;21;209;115;94
"04149";2024;1717;121;1596;823;773
"04150";109;94;2;92;42;50
"04151";416;382;26;356;215;141
"04152";3162;2629;143;2486;1043;1443
"04154";87;75;6;69;27;42
"04155";250;221;15;206;98;108
"04156";249;228;14;214;99;115
"04157";556;460;31;429;200;229
"04158";381;328;20;308;162;146
"04159";93;80;3;77;20;57
"04160";1185;1040;41;999;533;466
"04161";320;260;10;250;137;113
"04162";238;196;15;181;133;48
"04163";420;362;17;345;167;178
"04164";85;60;4;56;20;36
"04166";1411;1197;86;1111;556;555
"04167";295;252;26;226;107;119
"04169";91;81;4;77;33;44
"04170";69;51;7;44;28;16
"04171";121;109;8;101;61;40
"04172";568;459;30;429;207;222
"04173";693;617;50;567;255;312
"04174";177;147;16;131;74;57
"04175";68;54;3;51;23;28
"04176";131;115;8;107;32;75
"04177";38;37;4;33;16;17
"04178";1002;881;41;840;435;405
"04179";100;84;6;78;47;31
"04180";57;52;9;43;30;13
"04181";66;59;5;54;24;30
"04182";148;137;7;130;68;62
"04183";151;130;5;125;65;60
"04184";151;129;7;122;76;46
"04186";97;85;7;78;42;36
"04187";65;60;6;54;26;28
"04188";579;505;38;467;250;217
"04189";485;409;28;381;210;171
"04190";87;70;3;67;39;28
"04191";32;25;2;23;7;16
"04192";936;781;43;738;431;307
"04193";248;215;5;210;114;96
"04194";123;104;4;100;41;59
"04195";541;462;29;433;196;237
"04197";2444;2054;143;1911;1141;770
"04198";276;245;22;223;123;100
"04199";190;161;9;152;73;79
"04200";450;396;25;371;213;158
"04201";116;96;12;84;39;45
"04202";119;109;8;101;53;48
"04203";422;352;27;325;169;156
"04204";179;155;9;146;68;78
"04205";1193;1006;69;937;481;456
"04206";341;279;18;261;151;110
"04207";69;61;2;59;24;35
"04208";529;463;18;445;246;199
"04209";5464;4542;305;4237;2170;2067
"04210";159;140;7;133;65;68
"04211";134;124;9;115;59;56
"04214";146;124;8;116;53;63
"04216";191;170;10;160;76;84
"04217";519;445;36;409;262;147
"04218";227;200;5;195;93;102
"04219";258;195;9;186;76;110
"04220";333;273;32;241;101;140
"04222";240;214;15;199;104;95
"04224";121;104;10;94;55;39
"04226";602;495;24;471;173;298
"04227";235;206;13;193;115;78
"04228";53;48;4;44;28;16
"04229";200;171;11;160;107;53
"04230";2305;1928;136;1792;860;932
"04231";208;184;13;171;83;88
"04233";232;203;12;191;119;72
"04234";192;168;12;156;80;76
"04235";64;58;1;57;38;19
"04236";149;128;11;117;50;67
"04237";172;156;5;151;93;58
"04240";252;222;11;211;92;119
"04241";139;122;2;120;68;52
"04242";2876;2338;162;2176;1031;1145
"04244";1244;1090;49;1041;553;488
"04245";2314;1934;138;1796;895;901
"05001";312;280;12;268;169;99
"05002";268;218;9;209;92;117
"05003";293;263;12;251;116;135
"05004";802;688;41;647;266;381
"05005";122;117;11;106;60;46
"05006";1628;1355;70;1285;778;507
"05007";334;298;17;281;126;155
"05008";289;243;12;231;121;110
"05009";132;117;9;108;48;60
"05010";674;557;47;510;246;264
"05011";305;259;16;243;98;145
"05012";382;348;21;327;153;174
"05013";120;105;6;99;76;23
"05014";174;148;9;139;75;64
"05016";177;153;8;145;77;68
"05017";1671;1487;137;1350;680;670
"05018";280;249;19;230;103;127
"05019";173;158;16;142;96;46
"05020";251;224;8;216;97;119
"05021";125;109;10;99;40;59
"05022";163;138;10;128;70;58
"05023";8021;6326;437;5889;3277;2612
"05024";87;80;8;72;29;43
"05025";156;131;9;122;61;61
"05026";278;236;8;228;67;161
"05027";157;121;10;111;61;50
"05028";135;122;4;118;61;57
"05029";661;597;29;568;246;322
"05031";192;152;11;141;82;59
"05032";145;124;8;116;79;37
"05033";49;43;2;41;24;17
"05034";260;228;28;200;122;78
"05035";34;28;1;27;17;10
"05036";890;782;58;724;373;351
"05037";370;333;32;301;117;184
"05038";285;248;18;230;116;114
"05039";352;297;23;274;131;143
"05040";2083;1800;126;1674;811;863
"05042";60;55;1;54;34;20
"05043";155;137;6;131;78;53
"05044";140;126;6;120;44;76
"05045";739;630;34;596;305;291
"05046";4981;4011;236;3775;1948;1827
"05047";85;71;3;68;61;7
"05048";184;168;12;156;108;48
"05049";49;45;4;41;22;19
"05050";510;420;20;400;207;193
"05051";32;29;3;26;22;4
"05052";558;498;19;479;210;269
"05053";233;189;18;171;97;74
"05054";295;245;20;225;112;113
"05055";310;272;34;238;160;78
"05056";223;191;14;177;76;101
"05057";175;159;5;154;65;89
"05058";183;149;9;140;77;63
"05059";489;447;27;420;181;239
"05060";153;128;11;117;86;31
"05061";28198;22723;1363;21360;10880;10480
"05062";184;159;15;144;58;86
"05063";462;385;10;375;134;241
"05064";134;121;7;114;53;61
"05065";1764;1450;68;1382;638;744
"05066";17;13;1;12;10;2
"05067";30;25;3;22;14;8
"05068";333;291;19;272;109;163
"05069";223;198;24;174;101;73
"05070";2607;2218;124;2094;1090;1004
"05071";266;235;21;214;104;110
"05072";214;183;16;167;101;66
"05073";282;250;33;217;102;115
"05074";156;133;10;123;37;86
"05075";368;325;27;298;151;147
"05076";81;69;10;59;32;27
"05077";323;265;15;250;106;144
"05078";223;195;22;173;50;123
"05079";996;829;44;785;363;422
"05080";76;67;6;61;46;15
"05081";43;31;3;28;25;3
"05082";116;96;1;95;58;37
"05084";395;341;16;325;148;177
"05085";395;337;14;323;135;188
"05086";99;85;7;78;35;43
"05087";445;385;34;351;198;153
"05088";92;73;10;63;25;38
"05089";52;49;4;45;25;20
"05090";196;165;11;154;85;69
"05091";52;49;1;48;29;19
"05092";602;537;25;512;219;293
"05093";333;284;16;268;165;103
"05094";14;14;0;14;5;9
"05095";236;206;18;188;95;93
"05096";681;575;27;548;194;354
"05097";303;274;18;256;165;91
"05098";440;360;16;344;122;222
"05099";82;76;9;67;43;24
"05100";527;443;19;424;187;237
"05101";430;360;27;333;186;147
"05102";98;82;11;71;48;23
"05103";535;480;49;431;220;211
"05104";288;253;21;232;125;107
"05106";248;220;18;202;72;130
"05107";368;303;16;287;186;101
"05108";140;116;10;106;64;42
"05109";449;386;12;374;214;160
"05110";289;219;8;211;115;96
"05111";186;172;9;163;110;53
"05112";102;92;2;90;67;23
"05113";317;279;30;249;138;111
"05114";273;233;13;220;124;96
"05115";371;311;22;289;160;129
"05116";178;151;8;143;89;54
"05117";104;89;6;83;45;38
"05118";641;546;40;506;274;232
"05119";676;595;38;557;230;327
"05120";84;72;5;67;42;25
"05121";153;138;11;127;76;51
"05122";649;521;36;485;302;183
"05123";1104;958;79;879;448;431
"05124";381;326;19;307;145;162
"05126";379;334;15;319;163;156
"05127";127;110;3;107;49;58
"05128";530;461;26;435;208;227
"05129";176;160;9;151;82;69
"05130";117;103;7;96;53;43
"05131";67;56;5;51;38;13
"05132";1326;1159;70;1089;548;541
"05133";1277;1085;62;1023;432;591
"05134";242;212;13;199;100;99
"05135";60;51;6;45;33;12
"05136";572;475;32;443;213;230
"05138";137;114;4;110;58;52
"05139";427;334;14;320;113;207
"05140";238;213;19;194;59;135
"05141";154;138;6;132;58;74
"05142";456;386;18;368;200;168
"05143";56;45;0;45;23;22
"05144";162;147;13;134;84;50
"05145";748;629;39;590;244;346
"05146";117;92;12;80;43;37
"05147";292;263;12;251;102;149
"05148";414;360;20;340;128;212
"05149";240;205;11;194;95;99
"05150";34;33;5;28;18;10
"05151";903;766;45;721;465;256
"05152";159;136;13;123;62;61
"05153";312;251;17;234;87;147
"05154";170;145;12;133;68;65
"05155";37;31;2;29;20;9
"05156";346;297;19;278;129;149
"05157";227;199;8;191;58;133
"05158";114;102;7;95;56;39
"05159";69;60;3;57;26;31
"05160";85;66;6;60;34;26
"05161";892;742;45;697;269;428
"05162";849;704;58;646;271;375
"05163";116;102;9;93;32;61
"05164";810;698;48;650;294;356
"05165";214;182;17;165;91;74
"05166";968;833;49;784;412;372
"05167";84;76;1;75;46;29
"05168";559;467;22;445;275;170
"05169";49;48;2;46;19;27
"05170";1470;1262;87;1175;532;643
"05171";184;173;13;160;61;99
"05172";300;256;14;242;140;102
"05173";344;304;18;286;141;145
"05174";429;362;20;342;212;130
"05175";690;595;33;562;331;231
"05176";190;169;15;154;90;64
"05177";582;468;17;451;128;323
"05178";417;362;32;330;188;142
"05179";2426;2093;133;1960;1256;704
"05180";395;330;20;310;195;115
"05181";257;222;19;203;114;89
"05182";56;50;2;48;12;36
"05183";1177;991;68;923;524;399
"05184";159;148;15;133;71;62
"06001";116;99;10;89;28;61
"06002";57;48;4;44;24;20
"06003";479;394;34;360;110;250
"06004";51651;41679;1977;39702;13026;26676
"06005";249;218;10;208;95;113
"06006";1841;1514;90;1424;478;946
"06007";2183;1873;87;1786;557;1229
"06008";45;40;3;37;15;22
"06009";102;86;6;80;34;46
"06010";2144;1730;90;1640;734;906
"06011";2787;2307;102;2205;590;1615
"06012";7996;5509;225;5284;1636;3648
"06013";757;623;33;590;276;314
"06014";711;579;53;526;236;290
"06015";1072;847;47;800;299;501
"06016";532;448;31;417;139;278
"06017";225;190;21;169;52;117
"06018";6521;5582;248;5334;1912;3422
"06019";1314;1131;82;1049;332;717
"06020";571;472;29;443;180;263
"06021";668;578;35;543;219;324
"06022";439;373;16;357;127;230
"06023";1979;1592;117;1475;732;743
"06024";214;179;4;175;108;67
"06025";1004;815;63;752;347;405
"06026";1212;1046;55;991;348;643
"06027";33809;26964;1283;25681;8141;17540
"06028";351;292;25;267;96;171
"06029";50743;40055;1689;38366;11971;26395
"06030";29363;22693;287;22406;7833;14573
"06031";1126;948;66;882;391;491
"06032";3149;2553;130;2423;790;1633
"06033";8232;6478;372;6106;2658;3448
"06034";1272;1118;67;1051;328;723
"06035";729;611;33;578;158;420
"06036";279;220;12;208;72;136
"06037";288;241;7;234;70;164
"06038";2141;1810;90;1720;514;1206
"06039";688;607;40;567;170;397
"06040";96;78;8;70;27;43
"06041";301;250;16;234;91;143
"06042";658;538;34;504;189;315
"06043";698;584;42;542;269;273
"06044";5888;4915;194;4721;1521;3200
"06045";114;97;6;91;41;50
"06046";2418;2075;101;1974;643;1331
"06047";102;90;4;86;32;54
"06048";5448;4530;285;4245;1708;2537
"06049";102;93;14;79;35;44
"06050";387;334;20;314;123;191
"06051";145;129;2;127;58;69
"06052";154;130;11;119;62;57
"06053";158;139;13;126;51;75
"06054";3101;2441;140;2301;1043;1258
"06055";139;118;15;103;60;43
"06056";204;155;7;148;85;63
"06057";1924;1553;99;1454;577;877
"06058";427;350;44;306;155;151
"06059";2021;1668;76;1592;398;1194
"06060";1633;1425;48;1377;385;992
"06061";109;100;7;93;37;56
"06062";401;334;22;312;146;166
"06063";92;77;3;74;51;23
"06064";3099;2587;126;2461;837;1624
"06065";5073;4431;216;4215;1380;2835
"06066";1134;935;57;878;365;513
"06067";958;798;34;764;221;543
"06068";328;295;11;284;118;166
"06069";30975;24236;1239;22997;9346;13651
"06070";500;419;27;392;164;228
"06071";653;521;31;490;213;277
"06072";138;117;13;104;45;59
"06073";800;629;22;607;208;399
"06074";1342;1163;101;1062;469;593
"06075";3866;3198;211;2987;1065;1922
"06076";35;30;3;27;15;12
"06077";1061;883;63;820;362;458
"06078";244;202;13;189;74;115
"06079";16625;14023;746;13277;3785;9492
"06080";129;106;4;102;28;74
"06081";133;113;6;107;45;62
"06082";188;159;14;145;34;111
"06083";20477;16593;957;15636;5376;10260
"06084";7850;6578;284;6294;2435;3859
"06085";13450;10867;494;10373;2772;7601
"06086";297;254;20;234;120;114
"06087";36;24;1;23;11;12
"06088";214499;169260;8146;161114;63884;97230
"06089";1575;1379;69;1310;395;915
"06090";5177;4321;241;4080;1324;2756
"06091";1801;1410;77;1333;523;810
"06092";1064;909;55;854;319;535
"06093";262;218;17;201;97;104
"06094";844;721;46;675;249;426
"06095";5982;5015;260;4755;1608;3147
"06096";94;83;5;78;29;49
"06097";318;258;12;246;120;126
"06098";105;90;5;85;39;46
"06099";1326;1124;86;1038;483;555
"06100";168;129;6;123;43;80
"06101";259;199;20;179;84;95
"06102";126;101;8;93;43;50
"06103";1564;1328;110;1218;538;680
"06104";8807;7035;336;6699;1860;4839
"06105";4791;4099;166;3933;1052;2881
"06106";424;351;28;323;142;181
"06107";92;78;4;74;27;47
"06108";3830;3251;153;3098;970;2128
"06109";694;602;36;566;286;280
"06110";157;135;11;124;56;68
"06111";209;161;7;154;70;84
"06112";2758;2377;101;2276;778;1498
"06113";919;799;51;748;210;538
"06114";3532;2803;189;2614;941;1673
"06115";109;91;15;76;53;23
"06116";271;215;20;195;98;97
"06117";708;609;56;553;208;345
"06118";2861;2479;144;2335;827;1508
"06119";148;119;7;112;27;85
"06120";1440;1216;80;1136;349;787
"06121";1535;1162;39;1123;225;898
"06122";3105;2583;136;2447;1012;1435
"06123";22385;18075;1065;17010;5351;11659
"06124";106;88;4;84;35;49
"06125";199;161;7;154;63;91
"06126";1779;1524;78;1446;625;821
"06127";1440;1251;79;1172;379;793
"06128";2616;2182;91;2091;516;1575
"06129";365;335;18;317;148;169
"06130";2453;2013;123;1890;658;1232
"06131";60;46;4;42;27;15
"06132";451;364;12;352;282;70
"06133";144;119;2;117;56;61
"06134";399;330;16;314;116;198
"06135";229;197;16;181;71;110
"06136";2871;2312;150;2162;907;1255
"06137";1055;879;45;834;264;570
"06138";1268;1015;40;975;205;770
"06139";119;104;6;98;49;49
"06140";2438;2074;115;1959;640;1319
"06141";320;244;25;219;99;120
"06142";246;219;18;201;114;87
"06143";492;422;23;399;137;262
"06144";610;486;43;443;206;237
"06145";181;147;5;142;71;71
"06146";153;122;7;115;22;93
"06147";3482;2965;177;2788;828;1960
"06148";3135;2673;105;2568;871;1697
"06149";7034;5649;338;5311;2149;3162
"06150";2443;2008;92;1916;396;1520
"06151";905;713;48;665;260;405
"06152";7928;6475;328;6147;2766;3381
"06153";1029;863;42;821;337;484
"06154";358;303;25;278;85;193
"06155";18173;14062;609;13453;4927;8526
"06156";260;230;9;221;81;140
"06157";12989;10587;521;10066;3500;6566
"06158";676;572;29;543;263;280
"06159";4164;3366;151;3215;861;2354
"06160";148;121;5;116;45;71
"06161";11382;9090;554;8536;2507;6029
"06162";782;634;31;603;217;386
"06163";1519;1231;71;1160;504;656
"07001";367;330;19;311;135;176
"07002";398;358;22;336;216;120
"07003";177;153;14;139;106;33
"07004";95;84;5;79;55;24
"07005";1068;918;58;860;516;344
"07006";142;117;9;108;69;39
"07007";683;602;32;570;297;273
"07008";1014;888;64;824;467;357
"07009";730;614;52;562;321;241
"07010";11553;8661;524;8137;4736;3401
"07011";463;389;17;372;268;104
"07012";325;287;19;268;154;114
"07013";790;676;64;612;328;284
"07014";314;277;15;262;105;157
"07015";343;297;15;282;177;105
"07016";343;286;23;263;150;113
"07017";527;454;19;435;306;129
"07018";61;45;4;41;23;18
"07019";8130;6310;361;5949;3177;2772
"07020";350;300;29;271;156;115
"07022";690;604;49;555;305;250
"07023";289;258;10;248;136;112
"07024";596;522;37;485;293;192
"07025";210;162;10;152;91;61
"07026";305;255;19;236;89;147
"07027";1200;1008;76;932;554;378
"07028";411;349;21;328;178;150
"07029";214;194;1;193;150;43
"07030";212;191;29;162;119;43
"07031";574;482;33;449;267;182
"07032";127;121;4;117;84;33
"07033";166;136;9;127;49;78
"07034";174;153;15;138;78;60
"07035";521;449;25;424;241;183
"07036";302;276;29;247;124;123
"07037";186;157;6;151;77;74
"07038";44;44;3;41;14;27
"07039";207;177;7;170;62;108
"07040";220;198;21;177;76;101
"07041";1653;1377;113;1264;553;711
"07042";5447;4302;298;4004;1845;2159
"07044";173;145;6;139;75;64
"07045";457;346;20;326;173;153
"07047";82;75;8;67;34;33
"07048";299;251;8;243;134;109
"07049";71;60;8;52;23;29
"07050";534;456;22;434;282;152
"07051";392;345;18;327;149;178
"07052";433;368;21;347;156;191
"07053";382;341;25;316;178;138
"07054";233;200;12;188;121;67
"07055";1846;1581;105;1476;727;749
"07056";543;453;31;422;217;205
"07058";686;596;41;555;313;242
"07059";168;147;11;136;61;75
"07060";182;162;6;156;99;57
"07061";299;254;15;239;92;147
"07062";104;80;7;73;44;29
"07063";237;207;21;186;102;84
"07064";2620;2173;156;2017;1015;1002
"07065";241;195;7;188;123;65
"07066";2315;1943;119;1824;1024;800
"07067";234;200;12;188;93;95
"07068";511;430;17;413;147;266
"07069";517;458;39;419;206;213
"07070";1746;1557;106;1451;656;795
"07071";635;564;38;526;205;321
"07072";1356;1180;82;1098;637;461
"07073";427;376;19;357;154;203
"07074";122;106;7;99;74;25
"07075";195;163;11;152;69;83
"07076";2151;1737;130;1607;1036;571
"07077";202;176;13;163;117;46
"07078";2381;1993;143;1850;877;973
"07079";929;807;50;757;497;260
"07080";256;221;12;209;150;59
"07081";82;64;2;62;42;20
"07082";219;189;16;173;102;71
"07083";355;296;17;279;171;108
"07084";717;631;42;589;295;294
"07085";431;368;16;352;148;204
"07086";542;496;39;457;257;200
"07087";300;267;9;258;185;73
"07088";93;80;1;79;48;31
"07089";1122;964;65;899;403;496
"07090";835;725;44;681;382;299
"07091";256;226;15;211;130;81
"07092";53;47;3;44;13;31
"07093";250;217;24;193;105;88
"07094";144;114;6;108;71;37
"07095";361;312;19;293;108;185
"07096";342;303;21;282;175;107
"07097";441;393;34;359;173;186
"07098";78;59;8;51;29;22
"07099";435;383;19;364;220;144
"07100";340;301;16;285;182;103
"07101";645;527;39;488;302;186
"07102";7894;6914;409;6505;3075;3430
"07103";124;113;10;103;59;44
"07104";115;89;8;81;57;24
"07105";146;130;15;115;65;50
"07106";158;134;23;111;49;62
"07107";952;784;51;733;480;253
"07108";106;96;7;89;51;38
"07109";274;238;17;221;160;61
"07110";1245;980;51;929;499;430
"07111";155;122;13;109;65;44
"07112";220;182;12;170;107;63
"07113";174;149;10;139;86;53
"07114";203;178;10;168;76;92
"07115";579;482;27;455;246;209
"07116";1084;867;49;818;436;382
"07117";1520;1309;92;1217;630;587
"07118";117;98;9;89;68;21
"07119";226;197;11;186;64;122
"07120";71;59;3;56;26;30
"07121";233;197;9;188;82;106
"07122";1087;909;75;834;483;351
"07123";165;137;14;123;53;70
"07124";64;50;2;48;13;35
"07126";805;705;51;654;421;233
"07127";827;674;52;622;345;277
"07128";343;298;17;281;75;206
"07129";1958;1687;94;1593;823;770
"07130";194;157;11;146;43;103
"07131";315;275;27;248;158;90
"07132";1293;1007;56;951;558;393
"07133";111;96;8;88;59;29
"07134";691;608;30;578;290;288
"07135";35;30;2;28;8;20
"07136";104;94;3;91;42;49
"07137";80;71;4;67;33;34
"07138";1489;1311;115;1196;660;536
"07139";123;106;10;96;43;53
"07140";543;474;34;440;264;176
"07141";176;152;8;144;88;56
"07142";267;222;28;194;89;105
"07143";562;468;33;435;221;214
"07144";37;33;1;32;22;10
"07145";830;718;41;677;414;263
"07146";497;424;35;389;233;156
"07147";217;183;7;176;141;35
"07148";201;162;11;151;101;50
"07149";188;165;8;157;86;71
"07150";589;508;44;464;221;243
"07151";222;174;11;163;91;72
"07152";949;813;53;760;359;401
"07153";228;193;8;185;93;92
"07154";192;157;22;135;59;76
"07155";1019;869;51;818;508;310
"07156";695;599;36;563;342;221
"07157";1085;880;76;804;458;346
"07158";109;90;14;76;36;40
"07159";353;320;21;299;159;140
"07160";54;42;7;35;24;11
"07161";658;577;45;532;290;242
"07162";397;358;33;325;161;164
"07163";90;79;3;76;48;28
"07165";162;135;20;115;67;48
"07166";218;189;10;179;89;90
"07167";763;607;54;553;330;223
"07168";414;360;28;332;155;177
"07169";285;245;16;229;105;124
"07170";251;202;16;186;96;90
"07171";392;327;13;314;202;112
"07172";1571;1280;89;1191;499;692
"07173";56;46;5;41;21;20
"07174";334;288;20;268;149;119
"07175";57;42;1;41;17;24
"07176";106;84;10;74;41;33
"07177";605;512;33;479;166;313
"07178";435;361;20;341;213;128
"07179";152;125;3;122;72;50
"07181";1831;1530;124;1406;759;647
"07182";925;793;72;721;421;300
"07183";336;296;15;281;142;139
"07184";415;361;25;336;215;121
"07185";478;399;26;373;210;163
"07186";6172;4670;293;4377;2551;1826
"07187";112;98;14;84;56;28
"07188";1121;982;105;877;461;416
"07189";217;197;12;185;105;80
"07190";178;157;10;147;87;60
"07191";1611;1314;110;1204;665;539
"07192";273;243;15;228;71;157
"07193";157;137;10;127;73;54
"07194";319;283;12;271;162;109
"07195";82;75;5;70;39;31
"07196";199;173;11;162;103;59
"07197";2088;1814;157;1657;817;840
"07198";747;647;47;600;329;271
"07199";983;831;59;772;444;328
"07200";85;78;2;76;39;37
"07201";1833;1464;125;1339;609;730
"07202";167;140;4;136;88;48
"07203";132;115;12;103;42;61
"07204";2087;1710;110;1600;938;662
"07205";1040;904;76;828;425;403
"07206";86;71;4;67;22;45
"07207";793;675;54;621;353;268
"07208";92;90;5;85;55;30
"07209";77;53;4;49;23;26
"07210";449;389;22;367;247;120
"07211";380;339;28;311;190;121
"07212";202;170;14;156;56;100
"07213";135;116;4;112;75;37
"07214";147;124;6;118;73;45
"07215";190;166;15;151;75;76
"07216";421;374;20;354;173;181
"07217";632;543;45;498;206;292
"07218";295;262;16;246;137;109
"07219";217;180;16;164;103;61
"07220";112;96;7;89;53;36
"07221";211;183;14;169;90;79
"07222";181;162;8;154;75;79
"07223";116;108;8;100;64;36
"07224";251;219;16;203;72;131
"07225";850;744;53;691;272;419
"07226";113;94;4;90;40;50
"07227";904;756;64;692;308;384
"07228";606;520;31;489;246;243
"07229";591;522;37;485;256;229
"07230";284;248;15;233;137;96
"07231";1841;1613;117;1496;776;720
"07232";320;267;15;252;101;151
"07233";181;156;8;148;90;58
"07234";181;156;8;148;60;88
"07235";210;177;6;171;60;111
"07236";889;775;51;724;302;422
"07237";540;455;35;420;246;174
"07238";234;197;20;177;118;59
"07239";96;80;5;75;45;30
"07240";1515;1318;94;1224;616;608
"07241";477;410;44;366;191;175
"07242";94;79;5;74;26;48
"07243";212;167;23;144;70;74
"07244";211;180;8;172;129;43
"07245";1951;1722;105;1617;793;824
"07247";470;405;19;386;226;160
"07248";221;195;16;179;104;75
"07249";110;88;10;78;38;40
"07250";330;290;29;261;149;112
"07251";150;117;6;111;71;40
"07252";171;145;5;140;64;76
"07253";177;154;3;151;84;67
"07254";667;589;41;548;335;213
"07255";982;787;66;721;417;304
"07256";292;240;15;225;110;115
"07257";94;89;5;84;58;26
"07258";226;192;18;174;66;108
"07259";1216;1033;81;952;420;532
"07260";662;571;51;520;261;259
"07261";1197;1026;72;954;497;457
"07262";138;124;13;111;59;52
"07263";119;93;3;90;59;31
"07264";1951;1662;139;1523;656;867
"07265";997;891;88;803;390;413
"07266";101;94;11;83;55;28
"07267";261;226;8;218;106;112
"07268";751;662;36;626;264;362
"07269";996;860;55;805;457;348
"07270";355;322;15;307;180;127
"07272";251;228;11;217;115;102
"07273";173;159;11;148;94;54
"07274";167;140;13;127;92;35
"07275";97;80;3;77;54;23
"07276";188;170;17;153;90;63
"07277";127;110;5;105;69;36
"07278";309;269;18;251;199;52
"07279";1386;1197;87;1110;563;547
"07280";761;649;45;604;358;246
"07281";5655;4830;296;4534;2134;2400
"07282";389;339;20;319;126;193
"07283";52;48;4;44;16;28
"07284";133;114;5;109;57;52
"07285";86;64;6;58;16;42
"07286";396;340;24;316;163;153
"07287";232;213;19;194;108;86
"07288";966;824;77;747;478;269
"07289";1309;1088;75;1013;574;439
"07290";210;190;14;176;97;79
"07291";745;627;34;593;291;302
"07292";786;679;79;600;300;300
"07293";547;484;37;447;219;228
"07294";433;379;20;359;162;197
"07295";937;797;61;736;424;312
"07296";1256;1029;61;968;542;426
"07297";364;312;11;301;110;191
"07298";614;529;40;489;295;194
"07299";140;116;13;103;57;46
"07300";335;299;23;276;151;125
"07301";741;635;53;582;276;306
"07302";647;548;43;505;313;192
"07303";208;178;12;166;116;50
"07304";524;448;33;415;271;144
"07305";282;246;19;227;142;85
"07306";191;176;6;170;77;93
"07307";378;321;19;302;179;123
"07308";1570;1309;87;1222;685;537
"07309";1223;1037;97;940;435;505
"07310";653;575;46;529;244;285
"07311";124;107;6;101;62;39
"07312";375;326;23;303;167;136
"07313";783;663;36;627;297;330
"07314";319;288;16;272;172;100
"07315";363;302;19;283;200;83
"07316";1658;1422;91;1331;619;712
"07317";770;663;54;609;275;334
"07318";165;133;2;131;62;69
"07319";5866;4626;332;4294;2415;1879
"07321";169;148;13;135;67;68
"07322";929;790;57;733;348;385
"07323";1302;1118;60;1058;552;506
"07324";7381;6058;345;5713;2929;2784
"07325";1436;1266;58;1208;574;634
"07326";125;112;12;100;44;56
"07327";327;274;17;257;134;123
"07328";391;343;15;328;200;128
"07329";291;255;15;240;147;93
"07330";1922;1586;116;1470;885;585
"07331";3121;2505;179;2326;1246;1080
"07332";382;340;11;329;177;152
"07333";702;607;52;555;291;264
"07334";2184;1821;87;1734;1023;711
"07335";169;145;9;136;64;72
"07336";188;163;13;150;96;54
"07337";1746;1503;128;1375;679;696
"07338";1375;1204;67;1137;600;537
"07339";1257;1118;89;1029;563;466
"07340";1339;1150;87;1063;649;414
"07341";1815;1528;100;1428;814;614
"07342";921;798;67;731;364;367
"07343";997;850;55;795;486;309
"07344";277;251;18;233;125;108
"07345";703;596;36;560;332;228
"07346";2800;2301;171;2130;1142;988
"07347";517;410;37;373;195;178
"07348";680;610;44;566;318;248
"07349";3652;2787;228;2559;1554;1005
"08001";338;297;20;277;119;158
"08003";1320;1124;77;1047;520;527
"08004";144;130;9;121;49;72
"08005";79;73;6;67;11;56
"08006";190;164;8;156;71;85
"08007";64;49;7;42;19;23
"08008";483;403;33;370;198;172
"08009";152;123;10;113;56;57
"08010";120;101;2;99;43;56
"08011";177;137;23;114;62;52
"08013";320;275;20;255;147;108
"08014";96;87;12;75;25;50
"08015";101;91;5;86;30;56
"08016";168;142;8;134;63;71
"08017";106;94;9;85;34;51
"08018";66;58;5;53;14;39
"08019";47;42;2;40;18;22
"08020";51;40;0;40;15;25
"08021";140;113;7;106;44;62
"08022";261;233;20;213;107;106
"08023";56;50;7;43;13;30
"08024";786;652;35;617;256;361
"08025";821;636;47;589;283;306
"08026";230;181;17;164;62;102
"08027";93;77;7;70;32;38
"08028";633;524;32;492;346;146
"08029";55;52;2;50;12;38
"08030";65;56;1;55;20;35
"08031";42;39;1;38;6;32
"08032";139;124;3;121;29;92
"08033";73;68;1;67;17;50
"08034";245;209;12;197;103;94
"08035";54;40;5;35;14;21
"08036";129;102;15;87;46;41
"08037";565;463;46;417;217;200
"08038";227;186;18;168;68;100
"08039";385;295;27;268;117;151
"08040";571;486;49;437;205;232
"08041";190;156;10;146;60;86
"08042";174;150;12;138;45;93
"08043";1312;1050;56;994;478;516
"08044";79;60;3;57;29;28
"08045";209;168;21;147;48;99
"08046";124;109;7;102;33;69
"08047";97;84;9;75;27;48
"08048";290;258;18;240;76;164
"08049";84;76;7;69;28;41
"08052";107;91;7;84;38;46
"08053";1306;1044;45;999;534;465
"08055";305;256;21;235;111;124
"08056";47;35;5;30;10;20
"08057";177;140;7;133;49;84
"08058";173;147;8;139;57;82
"08059";36;34;0;34;12;22
"08060";164;144;5;139;43;96
"08061";40;35;0;35;8;27
"08062";120;109;6;103;19;84
"08063";98;83;2;81;28;53
"08064";219;198;20;178;78;100
"08065";54;48;5;43;11;32
"08066";54;54;2;52;13;39
"08067";896;675;53;622;356;266
"08069";142;126;10;116;52;64
"08070";241;200;14;186;80;106
"08071";100;81;7;74;27;47
"08072";334;279;19;260;125;135
"08073";82;72;5;67;21;46
"08074";55;53;2;51;12;39
"08075";119;98;6;92;56;36
"08076";782;618;52;566;306;260
"08077";47;43;2;41;16;25
"08078";599;473;37;436;229;207
"08079";229;153;19;134;81;53
"08080";82;73;5;68;19;49
"08081";3669;2675;199;2476;1594;882
"08082";74;66;2;64;23;41
"08083";274;224;17;207;116;91
"08084";142;123;11;112;43;69
"08085";155;137;11;126;53;73
"08086";92;76;2;74;25;49
"08087";90;73;9;64;21;43
"08088";107;91;3;88;39;49
"08089";314;230;27;203;87;116
"08090";2175;1635;109;1526;853;673
"08092";143;125;6;119;24;95
"08094";40;32;2;30;7;23
"08095";143;120;11;109;47;62
"08096";514;417;27;390;154;236
"08097";354;273;26;247;137;110
"08098";67;61;2;59;23;36
"08099";102;88;6;82;28;54
"08100";55;53;2;51;23;28
"08101";124;115;3;112;50;62
"08102";81;66;7;59;25;34
"08103";176;151;7;144;56;88
"08104";40;34;0;34;21;13
"08105";29959;21946;1262;20684;11920;8764
"08106";76;70;3;67;36;31
"08107";884;705;32;673;323;350
"08109";153;123;7;116;44;72
"08110";129;104;11;93;36;57
"08111";472;395;44;351;163;188
"08113";376;291;20;271;93;178
"08114";108;95;9;86;40;46
"08115";353;286;16;270;95;175
"08116";734;572;40;532;220;312
"08117";109;96;7;89;45;44
"08119";316;276;28;248;123;125
"08120";58;54;1;53;24;29
"08121";115;90;8;82;32;50
"08122";602;491;25;466;259;207
"08123";61;55;6;49;21;28
"08124";278;231;24;207;104;103
"08125";227;200;15;185;69;116
"08126";162;128;10;118;60;58
"08128";69;53;0;53;23;30
"08130";65;50;4;46;9;37
"08131";78;65;3;62;22;40
"08132";116;91;9;82;29;53
"08133";339;284;21;263;155;108
"08134";83;74;4;70;16;54
"08135";106;98;9;89;43;46
"08136";239;192;19;173;102;71
"08137";315;284;12;272;131;141
"08138";150;125;11;114;37;77
"08139";765;600;41;559;406;153
"08140";838;660;49;611;325;286
"08141";150;134;15;119;35;84
"08142";1716;1354;107;1247;730;517
"08143";75;68;2;66;24;42
"08144";52;48;5;43;21;22
"08145";1221;1034;81;953;531;422
"08146";74;59;6;53;20;33
"08147";52;40;3;37;15;22
"08148";133;124;8;116;45;71
"08149";125;107;8;99;40;59
"08150";137;122;5;117;53;64
"08151";221;192;7;185;79;106
"08152";67;58;3;55;27;28
"08153";244;195;15;180;94;86
"08154";70;61;4;57;17;40
"08155";75;60;4;56;20;36
"08156";331;289;14;275;101;174
"08158";195;167;11;156;80;76
"08159";81;72;0;72;16;56
"08160";156;136;9;127;59;68
"08161";25;23;2;21;6;15
"08162";299;273;12;261;104;157
"08163";190;154;12;142;55;87
"08164";263;232;16;216;124;92
"08165";46;40;4;36;14;22
"08166";183;158;6;152;86;66
"08167";77;64;5;59;30;29
"08168";134;113;6;107;47;60
"08169";114;88;8;80;20;60
"08170";153;135;8;127;67;60
"08171";85;70;6;64;22;42
"08172";140;95;4;91;60;31
"08173";825;699;47;652;308;344
"08174";1769;1454;109;1345;707;638
"08175";170;141;8;133;66;67
"08176";54;41;1;40;10;30
"08178";178;138;15;123;52;71
"08179";441;345;16;329;185;144
"08180";1169;1011;83;928;515;413
"08182";69;53;2;51;27;24
"08183";780;589;26;563;314;249
"08184";66;54;2;52;11;41
"08185";2698;1929;107;1822;1173;649
"08186";42;27;5;22;16;6
"08187";277;247;21;226;112;114
"08188";854;695;72;623;351;272
"08189";120;97;8;89;23;66
"08190";4234;3215;134;3081;1922;1159
"08191";844;688;32;656;280;376
"08192";78;65;3;62;18;44
"08193";178;161;14;147;70;77
"08194";641;543;43;500;247;253
"08195";244;196;10;186;102;84
"08196";67;51;3;48;31;17
"08197";53;41;5;36;18;18
"08198";326;287;12;275;130;145
"08199";565;472;26;446;187;259
"08200";146;127;14;113;31;82
"08201";67;59;8;51;20;31
"08202";359;272;17;255;123;132
"08203";215;181;13;168;78;90
"08204";81;69;8;61;25;36
"08205";54;48;5;43;18;25
"08206";278;238;19;219;70;149
"08207";180;131;8;123;63;60
"08208";143;124;9;115;64;51
"08209";361;310;24;286;142;144
"08210";90;83;1;82;29;53
"08211";578;466;27;439;242;197
"08212";355;289;26;263;124;139
"08214";377;299;15;284;139;145
"08215";44;36;4;32;14;18
"08216";212;189;10;179;54;125
"08217";71;60;5;55;41;14
"08218";1149;865;47;818;396;422
"08219";84;75;3;72;24;48
"08220";220;190;22;168;46;122
"08222";1488;1253;90;1163;632;531
"08223";89;83;8;75;27;48
"08225";139;114;4;110;31;79
"08226";164;126;7;119;53;66
"08228";132;117;14;103;42;61
"08229";105;95;6;89;29;60
"08230";250;221;16;205;81;124
"08232";308;261;24;237;138;99
"08233";42;38;2;36;14;22
"08234";74;59;5;54;17;37
"08235";327;281;21;260;134;126
"08236";178;159;3;156;73;83
"08237";545;482;41;441;275;166
"08238";66;62;11;51;14;37
"08239";823;693;39;654;262;392
"08240";135;116;15;101;31;70
"08242";392;313;38;275;180;95
"08243";161;148;8;140;59;81
"08244";77;62;4;58;24;34
"08245";46;42;2;40;19;21
"08246";86;69;1;68;20;48
"08247";121;95;2;93;64;29
"08248";488;358;34;324;168;156
"08249";181;154;6;148;54;94
"08250";131;118;6;112;22;90
"08251";74;64;6;58;16;42
"08252";92;84;3;81;47;34
"08254";398;347;24;323;151;172
"08255";161;129;12;117;63;54
"08256";76;65;1;64;18;46
"08257";134;114;8;106;41;65
"08259";86;76;8;68;33;35
"08260";405;339;23;316;117;199
"08261";73;64;4;60;28;32
"08262";386;304;23;281;146;135
"08263";849;722;50;672;396;276
"08264";322;279;20;259;107;152
"08267";168;144;6;138;50;88
"08268";47;44;0;44;14;30
"08269";54;44;5;39;32;7
"08271";78;62;5;57;13;44
"08272";53;37;2;35;8;27
"08273";66;55;5;50;17;33
"08274";93;76;5;71;28;43
"08275";111;87;3;84;19;65
"08276";580;443;21;422;200;222
"08277";98;80;6;74;23;51
"08278";66;56;10;46;22;24
"08279";44;40;4;36;13;23
"08280";41;41;2;39;3;36
"08281";313;248;12;236;118;118
"08282";715;577;34;543;232;311
"08283";108;101;7;94;38;56
"08284";665;570;62;508;257;251
"08286";94;83;5;78;20;58
"08287";106;97;2;95;30;65
"08288";91;76;6;70;29;41
"08289";395;304;22;282;148;134
"08291";96;77;1;76;17;59
"08293";128;112;5;107;43;64
"08294";107;89;4;85;42;43
"08295";148;128;9;119;39;80
"08296";97;89;10;79;19;60
"08297";204;162;22;140;76;64
"08298";1256;1048;72;976;511;465
"08300";21;17;0;17;5;12
"08301";60;50;8;42;23;19
"08302";1713;1414;107;1307;834;473
"08303";266;228;13;215;74;141
"08304";74;53;2;51;29;22
"08305";177;153;7;146;56;90
"08306";48;37;5;32;9;23
"08307";75;59;1;58;24;34
"08308";58;52;3;49;9;40
"08309";40;38;5;33;9;24
"08310";63;53;3;50;21;29
"08311";1605;1248;72;1176;640;536
"08312";121;112;7;105;39;66
"08313";117;96;3;93;45;48
"08314";495;422;28;394;163;231
"08315";47;42;7;35;13;22
"08316";839;746;59;687;432;255
"08317";82;69;4;65;22;43
"08318";251;196;10;186;106;80
"08319";253;218;24;194;89;105
"08320";392;319;17;302;87;215
"08321";149;125;13;112;47;65
"08322";319;274;20;254;95;159
"08323";139;116;10;106;50;56
"08324";104;82;5;77;41;36
"08325";29;24;7;17;3;14
"08326";117;102;13;89;42;47
"08327";1653;1393;94;1299;830;469
"08328";4411;3239;184;3055;2040;1015
"08329";375;319;23;296;101;195
"08330";489;391;27;364;187;177
"08331";517;436;29;407;220;187
"08332";38;31;3;28;7;21
"08333";168;143;17;126;45;81
"08334";34;27;2;25;13;12
"08335";79;67;6;61;40;21
"08336";161;135;11;124;74;50
"08338";147;128;11;117;32;85
"08339";218;191;14;177;74;103
"08340";126;104;8;96;41;55
"08341";547;467;48;419;185;234
"08342";232;195;19;176;94;82
"08343";884;703;49;654;379;275
"08344";101;75;7;68;15;53
"08346";1128;940;62;878;405;473
"08347";204;169;3;166;49;117
"08348";89;74;2;72;14;58
"08349";426;334;22;312;188;124
"08350";174;140;6;134;61;73
"08351";58;49;0;49;21;28
"08352";189;153;4;149;75;74
"08353";505;401;26;375;218;157
"08354";637;540;44;496;282;214
"08355";253;194;5;189;81;108
"08356";104;93;8;85;34;51
"08357";609;499;41;458;231;227
"08358";186;152;13;139;49;90
"08360";159;139;5;134;70;64
"08361";1215;1031;85;946;407;539
"08362";5095;3821;242;3579;1778;1801
"08363";5111;3628;202;3426;2260;1166
"08364";96;85;5;80;45;35
"08365";936;727;65;662;335;327
"08366";530;432;21;411;196;215
"08367";1680;1298;72;1226;700;526
"08368";184;149;15;134;58;76
"08369";115;98;3;95;29;66
"08370";378;302;23;279;128;151
"08371";124;98;6;92;43;49
"08372";56;45;2;43;17;26
"08373";251;215;29;186;73;113
"08374";81;74;7;67;25;42
"08375";137;111;4;107;53;54
"08376";167;146;8;138;63;75
"08377";113;103;4;99;45;54
"08378";86;73;4;69;17;52
"08379";183;160;12;148;36;112
"08380";156;134;13;121;39;82
"08381";512;408;32;376;166;210
"08382";114;98;9;89;40;49
"08383";100;75;6;69;24;45
"08384";137;109;1;108;50;58
"08385";769;668;51;617;312;305
"08386";191;165;4;161;49;112
"08387";137;103;9;94;43;51
"08388";303;272;13;259;164;95
"08389";282;225;16;209;80;129
"08390";64;51;5;46;27;19
"08391";710;583;41;542;354;188
"08392";170;151;8;143;51;92
"08393";52;42;1;41;11;30
"08394";82;63;3;60;20;40
"08395";123;107;8;99;49;50
"08396";128;105;10;95;40;55
"08397";36;32;4;28;7;21
"08398";83;70;5;65;20;45
"08399";80;62;3;59;21;38
"08400";354;305;18;287;150;137
"08401";163;151;7;144;40;104
"08402";501;410;49;361;131;230
"08403";1267;1009;81;928;493;435
"08404";136;116;7;109;46;63
"08405";200;174;11;163;73;90
"08406";291;266;23;243;107;136
"08407";60;49;5;44;14;30
"08408";371;323;20;303;154;149
"08409";10789;7961;409;7552;4464;3088
"08410";178;154;5;149;29;120
"08411";87;77;10;67;28;39
"08412";118;100;5;95;36;59
"08413";207;170;5;165;82;83
"08415";255;200;14;186;76;110
"08416";126;103;12;91;32;59
"08417";184;152;9;143;61;82
"08418";202;179;10;169;85;84
"08419";984;822;62;760;404;356
"08420";982;738;46;692;378;314
"08421";74;63;7;56;18;38
"08422";112;100;3;97;37;60
"08424";107;93;2;91;39;52
"08425";46;38;5;33;14;19
"08426";73;59;7;52;20;32
"08427";185;162;12;150;47;103
"08428";138;122;11;111;53;58
"08429";398;350;17;333;145;188
"08430";36;34;0;34;14;20
"08431";87;78;5;73;25;48
"08432";84;74;5;69;31;38
"08433";61;50;4;46;18;28
"08434";47;45;5;40;10;30
"08435";730;626;27;599;263;336
"08436";250;183;15;168;75;93
"08437";173;157;17;140;33;107
"08438";88;78;3;75;23;52
"08439";124;104;12;92;36;56
"08440";113;94;9;85;37;48
"08441";103;81;10;71;26;45
"08443";98;87;4;83;36;47
"08444";77;63;1;62;16;46
"08445";309;256;14;242;100;142
"08446";75;66;4;62;8;54
"08448";861;705;48;657;335;322
"08449";445;371;28;343;132;211
"08450";153;138;10;128;38;90
"08451";243;200;10;190;56;134
"08452";165;142;8;134;53;81
"08453";85;66;14;52;23;29
"08454";80;59;4;55;21;34
"08455";59;37;1;36;8;28
"08456";147;139;12;127;71;56
"08457";830;695;50;645;331;314
"08458";157;134;13;121;61;60
"08459";89;72;7;65;29;36
"08460";133;110;12;98;44;54
"08461";167;149;5;144;85;59
"08462";97;88;4;84;31;53
"08463";52;46;2;44;18;26
"08464";61;55;6;49;16;33
"08465";46;40;3;37;8;29
"08466";76;67;2;65;36;29
"08467";99;87;4;83;46;37
"08468";150;121;7;114;39;75
"08469";359;283;21;262;107;155
"08470";82;75;7;68;22;46
"08471";28;23;4;19;6;13
"08472";210;177;8;169;70;99
"08473";196;168;16;152;46;106
"08475";242;197;15;182;93;89
"08476";282;237;20;217;85;132
"08477";72;68;6;62;30;32
"08478";201;180;19;161;46;115
"08479";152;120;8;112;51;61
"08480";2563;2080;141;1939;1109;830
"08481";217;172;15;157;84;73
"08482";75;69;3;66;30;36
"08483";358;313;17;296;141;155
"08484";79;69;2;67;16;51
"08485";153;138;3;135;59;76
"08486";988;773;48;725;446;279
"08487";1342;1105;51;1054;559;495
"08488";2096;1570;124;1446;822;624
"08489";208;171;9;162;78;84
"08490";2703;2156;143;2013;1081;932
"08491";2455;1931;143;1788;1107;681
"08492";171;148;13;135;70;65
"08493";270;226;23;203;74;129
"08494";398;330;14;316;153;163
"08496";104;84;9;75;27;48
"08497";905;759;39;720;312;408
"08498";285;254;20;234;111;123
"08499";222;191;18;173;78;95
"08500";56;53;9;44;27;17
"08501";25;22;1;21;5;16
"08502";84;71;6;65;21;44
"08503";109;89;6;83;32;51
"09001";48;46;2;44;38;6
"09002";419;372;24;348;215;133
"09003";332;287;25;262;156;106
"09004";125;107;3;104;78;26
"09005";174;132;8;124;64;60
"09006";46;40;1;39;29;10
"09007";61;54;2;52;21;31
"09008";152;122;7;115;83;32
"09009";180;161;18;143;121;22
"09011";88;67;2;65;40;25
"09012";26;21;1;20;14;6
"09013";53;51;3;48;35;13
"09014";185;158;13;145;91;54
"09015";549;500;27;473;337;136
"09016";161;149;8;141;107;34
"09017";114;93;6;87;63;24
"09018";72;60;6;54;37;17
"09019";428;354;32;322;201;121
"09020";52;49;0;49;34;15
"09021";88;86;6;80;55;25
"09022";192;172;15;157;82;75
"09023";116;102;3;99;78;21
"09024";211;189;9;180;129;51
"09025";73;57;1;56;41;15
"09026";120;99;3;96;47;49
"09027";72;58;4;54;42;12
"09028";36;30;3;27;19;8
"09029";186;156;5;151;69;82
"09030";541;522;69;453;372;81
"09031";44;35;1;34;23;11
"09032";1042;868;53;815;459;356
"09033";46;41;2;39;27;12
"09034";22;19;3;16;13;3
"09035";203;175;11;164;111;53
"09037";43;39;2;37;29;8
"09038";286;253;20;233;164;69
"09039";249;214;20;194;123;71
"09040";194;169;16;153;91;62
"09041";184;162;8;154;100;54
"09042";737;645;35;610;406;204
"09043";540;453;32;421;304;117
"09044";143;123;9;114;88;26
"09045";162;139;5;134;84;50
"09046";64;55;4;51;45;6
"09047";894;765;73;692;392;300
"09048";67;65;3;62;28;34
"09049";153;138;7;131;112;19
"09050";296;274;18;256;159;97
"09051";137;118;14;104;67;37
"09052";126;116;6;110;52;58
"09053";24;20;0;20;15;5
"09054";289;251;27;224;160;64
"09055";126;112;11;101;65;36
"09056";261;234;10;224;143;81
"09057";273;233;13;220;161;59
"09058";188;148;5;143;97;46
"09059";139;111;10;101;71;30
"09060";592;506;27;479;358;121
"09061";471;380;25;355;214;141
"09062";161;133;8;125;98;27
"09063";144;121;4;117;97;20
"09064";42;39;2;37;33;4
"09065";294;232;10;222;152;70
"09066";589;470;22;448;322;126
"09067";158;141;11;130;75;55
"09068";43;37;0;37;34;3
"09069";38;26;2;24;13;11
"09070";330;289;21;268;186;82
"09071";221;198;13;185;131;54
"09072";30;29;0;29;21;8
"09073";154;126;4;122;92;30
"09074";118;102;14;88;45;43
"09075";258;221;13;208;135;73
"09076";145;131;11;120;64;56
"09077";191;159;9;150;106;44
"09078";75;72;2;70;45;25
"09079";515;454;20;434;311;123
"09080";132;110;3;107;70;37
"09081";154;139;10;129;66;63
"09082";355;299;17;282;200;82
"09083";26;26;2;24;24;0
"09084";80;65;5;60;51;9
"09085";346;287;13;274;197;77
"09086";283;244;20;224;139;85
"09087";75;61;3;58;42;16
"09088";18;16;0;16;12;4
"09089";45;43;0;43;30;13
"09090";39;30;1;29;22;7
"09091";183;151;18;133;101;32
"09092";77;68;3;65;37;28
"09093";112;93;5;88;54;34
"09094";143;128;15;113;67;46
"09095";117;102;4;98;65;33
"09096";51;45;4;41;23;18
"09097";71;61;9;52;37;15
"09098";81;68;7;61;33;28
"09099";294;263;24;239;150;89
"09100";130;98;8;90;50;40
"09101";179;147;6;141;96;45
"09102";149;126;8;118;81;37
"09103";497;433;16;417;288;129
"09104";552;463;34;429;280;149
"09105";525;459;30;429;325;104
"09106";296;242;22;220;144;76
"09107";478;423;18;405;303;102
"09108";158;126;5;121;97;24
"09109";110;100;4;96;42;54
"09110";93;85;4;81;51;30
"09111";245;204;16;188;147;41
"09113";418;363;25;338;260;78
"09114";116;99;10;89;65;24
"09115";129;113;4;109;70;39
"09116";298;256;19;237;132;105
"09117";82;70;8;62;34;28
"09118";136;106;2;104;90;14
"09119";447;377;25;352;269;83
"09120";233;203;14;189;134;55
"09121";591;502;39;463;334;129
"09122";6619;5513;281;5232;3547;1685
"09123";101;89;7;82;62;20
"09124";730;604;45;559;359;200
"09125";397;331;41;290;171;119
"09126";93;74;0;74;58;16
"09127";92;82;8;74;57;17
"09128";240;204;18;186;101;85
"09129";129;107;10;97;61;36
"09130";548;472;18;454;317;137
"09131";144;123;12;111;72;39
"09132";178;143;9;134;93;41
"09133";48;39;2;37;32;5
"09134";50;47;1;46;34;12
"09135";87;74;4;70;58;12
"09136";111;101;7;94;66;28
"09137";118;101;4;97;64;33
"09138";163;153;10;143;112;31
"09139";62;53;4;49;26;23
"09140";92;90;3;87;55;32
"09141";65;56;3;53;39;14
"09142";100;81;7;74;50;24
"09143";28;27;1;26;18;8
"09145";199;161;16;145;100;45
"09146";37;29;4;25;15;10
"09147";110;99;11;88;52;36
"09148";104;88;5;83;60;23
"09149";182;154;9;145;108;37
"09150";162;140;10;130;66;64
"09151";53;53;3;50;29;21
"09152";47;43;2;41;24;17
"09153";95;80;2;78;38;40
"09154";51;42;1;41;33;8
"09155";56;49;3;46;34;12
"09156";34;30;1;29;21;8
"09157";1965;1574;94;1480;959;521
"09158";201;169;19;150;84;66
"09159";70;64;4;60;49;11
"09160";4868;3806;287;3519;2218;1301
"09161";430;357;36;321;209;112
"09162";59;54;5;49;39;10
"09163";70;57;6;51;10;41
"09164";428;366;20;346;237;109
"09165";201;178;6;172;108;64
"09166";87;77;10;67;45;22
"09167";1660;1450;89;1361;817;544
"09168";149;129;4;125;80;45
"09169";91;86;4;82;39;43
"09170";170;142;13;129;93;36
"09171";61;47;6;41;30;11
"09172";31;26;5;21;13;8
"09173";179;159;11;148;122;26
"09174";199;175;19;156;125;31
"09175";55;53;3;50;40;10
"09176";409;346;21;325;223;102
"09177";191;166;20;146;96;50
"09178";46;40;0;40;9;31
"09179";47;40;3;37;28;9
"09180";106;92;5;87;54;33
"09181";988;808;37;771;534;237
"09182";628;513;31;482;342;140
"09183";78;70;7;63;34;29
"09184";40;33;1;32;20;12
"09185";2547;2088;158;1930;1045;885
"09186";69;62;2;60;39;21
"09187";311;264;19;245;165;80
"09188";876;780;49;731;577;154
"09189";163;136;10;126;89;37
"09190";108;91;10;81;48;33
"09192";150;125;3;122;72;50
"09193";61;57;3;54;44;10
"09194";2380;2036;124;1912;1161;751
"09195";20;18;2;16;7;9
"09196";45;35;2;33;31;2
"09197";42;32;2;30;14;16
"09198";174;159;10;149;83;66
"09199";536;460;36;424;200;224
"09200";96;74;6;68;37;31
"09201";68;64;4;60;47;13
"09202";249;220;18;202;166;36
"09203";140;118;11;107;74;33
"09204";230;188;11;177;114;63
"09205";60;47;2;45;39;6
"09206";586;471;36;435;274;161
"09207";1094;930;67;863;540;323
"09208";126;111;6;105;61;44
"09209";841;733;59;674;421;253
"09210";315;271;15;256;191;65
"09211";128;111;14;97;60;37
"09212";75;66;4;62;47;15
"09213";170;151;5;146;98;48
"09214";643;543;45;498;324;174
"09215";119;105;10;95;53;42
"09216";46;40;3;37;30;7
"09217";172;148;9;139;107;32
"09218";75;67;3;64;39;25
"09219";158;128;6;122;88;34
"09220";161;146;7;139;118;21
"09221";181;155;9;146;99;47
"09222";31;28;0;28;24;4
"09223";454;383;16;367;233;134
"09224";347;297;20;277;206;71
"09225";9474;7682;515;7167;4143;3024
"09226";43;41;5;36;26;10
"09227";176;155;11;144;81;63
"09228";198;166;14;152;110;42
"09229";387;344;33;311;194;117
"09230";59;55;5;50;24;26
"09231";194;163;3;160;110;50
"09232";72;61;1;60;46;14
"09233";38;33;0;33;11;22
"09234";101;97;7;90;69;21
"09235";625;527;29;498;300;198
"09236";284;254;14;240;162;78
"09237";41;36;0;36;19;17
"09238";508;454;38;416;248;168
"09239";127;99;14;85;73;12
"09240";241;217;17;200;126;74
"09241";291;255;19;236;161;75
"09242";39;34;5;29;14;15
"09243";81;66;2;64;36;28
"09244";442;378;25;353;243;110
"09245";850;705;44;661;416;245
"09246";449;388;29;359;265;94
"09247";191;152;7;145;106;39
"09249";157;129;12;117;63;54
"09250";103;82;1;81;61;20
"09251";150;120;8;112;65;47
"09252";77;69;0;69;48;21
"09253";292;243;17;226;144;82
"09254";191;169;15;154;76;78
"09255";44;39;6;33;17;16
"09256";57;47;2;45;23;22
"09257";542;480;32;448;295;153
"09258";312;284;20;264;175;89
"09259";110;94;7;87;46;41
"09260";25;23;1;22;7;15
"09261";4419;3633;193;3440;2164;1276
"09262";346;314;23;291;191;100
"09263";33;26;1;25;15;10
"09264";802;708;53;655;425;230
"09265";2130;1755;109;1646;1029;617
"09266";48;42;5;37;30;7
"09267";130;111;7;104;64;40
"09268";1103;917;46;871;576;295
"09269";290;253;16;237;185;52
"09270";179;149;11;138;73;65
"09271";55;44;5;39;22;17
"09272";1030;884;60;824;507;317
"09273";543;496;35;461;329;132
"09274";235;208;14;194;116;78
"09275";237;222;21;201;130;71
"09276";166;151;11;140;66;74
"09277";536;466;24;442;258;184
"09279";45;38;4;34;21;13
"09280";574;503;34;469;327;142
"09281";103;86;8;78;52;26
"09282";3161;2668;184;2484;1521;963
"09283";293;264;13;251;154;97
"09284";144;128;7;121;83;38
"09285";698;588;34;554;410;144
"09286";41;37;2;35;23;12
"09287";15;15;1;14;11;3
"09289";990;841;41;800;490;310
"09290";188;163;5;158;133;25
"09291";136;110;6;104;73;31
"09292";70;53;6;47;31;16
"09293";617;540;26;514;345;169
"09294";68;57;0;57;44;13
"09295";144;128;8;120;81;39
"09296";111;87;9;78;47;31
"09297";31;27;5;22;21;1
"09298";93;77;10;67;53;14
"09299";345;299;21;278;211;67
"09300";162;142;11;131;84;47
"09301";361;284;11;273;202;71
"09302";84;74;2;72;52;20
"09303";328;282;20;262;157;105
"09304";21;18;1;17;12;5
"09305";311;273;18;255;162;93
"09306";2052;1714;98;1616;1064;552
"09307";135;118;8;110;82;28
"09308";179;160;16;144;91;53
"09309";131;112;5;107;65;42
"09310";37;34;4;30;24;6
"09311";31;27;1;26;16;10
"09312";1963;1731;145;1586;959;627
"09313";146;122;10;112;80;32
"09314";185;164;6;158;93;65
"09315";69;63;3;60;32;28
"09316";76;67;8;59;32;27
"09317";39;31;2;29;22;7
"09318";113;97;7;90;70;20
"09319";105;93;4;89;65;24
"09320";34;29;3;26;18;8
"09321";283;250;19;231;159;72
"09322";376;307;13;294;179;115
"09323";75;66;12;54;41;13
"09324";2351;1940;108;1832;1150;682
"09325";48;38;2;36;16;20
"09326";138;117;10;107;74;33
"09327";205;172;10;162;101;61
"09328";203;178;8;170;110;60
"09329";508;445;37;408;291;117
"09330";33;32;3;29;12;17
"09331";482;425;25;400;244;156
"09332";1777;1517;103;1414;931;483
"09334";358;306;24;282;194;88
"09335";46;38;1;37;29;8
"09336";894;769;54;715;433;282
"09338";106;96;5;91;39;52
"09339";540;467;35;432;244;188
"09340";136;121;13;108;78;30
"09341";92;83;12;71;53;18
"09342";200;177;7;170;107;63
"10002";207;172;9;163;83;80
"10003";1768;1451;108;1343;671;672
"10004";187;142;17;125;45;80
"10005";223;183;11;172;51;121
"10006";1875;1475;99;1376;590;786
"10007";105;89;5;84;29;55
"10008";106;88;5;83;22;61
"10009";76;60;3;57;12;45
"10010";39;33;4;29;8;21
"10011";192;164;10;154;33;121
"10012";264;217;15;202;74;128
"10013";117;99;3;96;43;53
"10014";140;117;12;105;35;70
"10015";208;176;19;157;63;94
"10017";92;78;7;71;28;43
"10018";668;559;39;520;206;314
"10019";271;227;16;211;60;151
"10020";339;293;25;268;90;178
"10021";109;87;7;80;16;64
"10022";174;145;19;126;27;99
"10023";159;136;16;120;46;74
"10024";125;105;14;91;35;56
"10025";166;144;10;134;29;105
"10026";28;25;5;20;3;17
"10027";62;50;2;48;11;37
"10028";126;117;3;114;25;89
"10029";156;129;6;123;18;105
"10030";843;723;53;670;303;367
"10031";325;272;26;246;102;144
"10032";293;246;28;218;57;161
"10033";3420;2470;177;2293;1055;1238
"10034";1928;1411;102;1309;614;695
"10035";632;508;49;459;205;254
"10037";346;287;27;260;106;154
"10038";126;98;4;94;35;59
"10039";102;89;12;77;15;62
"10040";139;113;19;94;36;58
"10041";61;54;6;48;13;35
"10042";221;187;10;177;64;113
"10043";99;81;6;75;22;53
"10044";33;30;5;25;7;18
"10045";160;137;6;131;47;84
"10046";84;76;9;67;29;38
"10047";42;35;4;31;5;26
"10048";160;129;2;127;38;89
"10049";337;278;17;261;89;172
"10050";174;149;9;140;70;70
"10051";762;672;44;628;309;319
"10052";180;161;12;149;50;99
"10053";394;346;25;321;113;208
"10054";102;88;6;82;30;52
"10055";234;210;13;197;76;121
"10056";160;137;11;126;35;91
"10057";50;42;2;40;13;27
"10058";218;190;11;179;48;131
"10059";103;71;4;67;21;46
"10060";1434;1228;93;1135;435;700
"10061";515;420;37;383;167;216
"10062";161;144;11;133;33;100
"10063";344;303;24;279;128;151
"10064";2038;1618;142;1476;622;854
"10065";71;61;3;58;22;36
"10066";344;306;19;287;92;195
"10067";1089;950;43;907;321;586
"10068";125;108;9;99;15;84
"10069";122;99;2;97;30;67
"10070";417;375;21;354;75;279
"10071";54;44;5;39;18;21
"10072";31;29;5;24;10;14
"10073";97;86;5;81;23;58
"10074";370;315;23;292;132;160
"10075";80;60;6;54;17;37
"10076";252;208;13;195;59;136
"10077";68;60;1;59;15;44
"10078";25;25;1;24;5;19
"10079";113;100;2;98;11;87
"10080";759;615;48;567;218;349
"10081";6448;5030;300;4730;2893;1837
"10082";149;116;9;107;46;61
"10083";252;213;12;201;77;124
"10084";689;595;53;542;224;318
"10085";54;42;1;41;8;33
"10086";164;144;10;134;32;102
"10087";42;35;1;34;13;21
"10089";484;400;39;361;159;202
"10090";204;167;11;156;64;92
"10091";118;99;3;96;23;73
"10092";93;86;4;82;32;50
"10093";71;60;3;57;10;47
"10094";549;421;32;389;118;271
"10095";220;179;15;164;54;110
"10096";362;316;23;293;115;178
"10097";150;139;10;129;28;101
"10098";288;227;10;217;64;153
"10099";389;326;30;296;110;186
"10100";775;643;41;602;258;344
"10101";123;104;6;98;19;79
"10102";179;147;17;130;21;109
"10103";144;129;7;122;26;96
"10104";250;184;15;169;66;103
"10105";23;22;5;17;1;16
"10106";80;70;3;67;18;49
"10107";94;80;5;75;34;41
"10108";63;51;4;47;16;31
"10109";218;174;17;157;75;82
"10110";393;342;22;320;148;172
"10111";109;94;10;84;28;56
"10112";144;126;10;116;50;66
"10113";184;155;10;145;48;97
"10114";553;472;36;436;209;227
"10115";1316;1156;73;1083;420;663
"10116";265;219;17;202;74;128
"10117";95;80;9;71;24;47
"10118";77;71;8;63;12;51
"10119";203;182;11;171;77;94
"10120";152;130;12;118;54;64
"10121";284;243;13;230;49;181
"10122";195;158;14;144;56;88
"10123";661;550;36;514;189;325
"10124";184;155;14;141;48;93
"10125";206;180;14;166;38;128
"10126";111;89;13;76;24;52
"10127";53;48;4;44;13;31
"10128";91;75;4;71;36;35
"10129";228;195;14;181;73;108
"10130";81;69;10;59;14;45
"10131";240;198;20;178;60;118
"10132";188;168;23;145;35;110
"10133";196;173;11;162;71;91
"10134";66;54;3;51;10;41
"10135";110;97;5;92;36;56
"10136";95;82;2;80;17;63
"10137";56;56;2;54;18;36
"10138";102;95;5;90;35;55
"10139";140;123;7;116;48;68
"10140";754;616;58;558;268;290
"10141";581;445;28;417;156;261
"10142";1348;1077;85;992;487;505
"10143";188;173;17;156;75;81
"10144";123;106;13;93;46;47
"10145";179;150;14;136;38;98
"10146";71;64;4;60;19;41
"10147";116;97;11;86;41;45
"10148";326;269;35;234;85;149
"10149";226;201;18;183;65;118
"10150";234;200;17;183;67;116
"10151";600;487;40;447;181;266
"10153";438;357;27;330;104;226
"10154";78;72;1;71;10;61
"10155";155;143;5;138;7;131
"10156";453;379;29;350;163;187
"10157";177;145;15;130;44;86
"10158";370;320;27;293;111;182
"10159";66;57;4;53;15;38
"10160";44;43;3;40;12;28
"10161";40;36;3;33;8;25
"10162";199;182;15;167;75;92
"10163";69;57;3;54;12;42
"10164";535;455;46;409;169;240
"10165";283;232;13;219;69;150
"10166";304;254;28;226;87;139
"10167";77;47;1;46;11;35
"10168";59;49;4;45;13;32
"10169";169;142;17;125;59;66
"10170";375;308;19;289;79;210
"10171";197;168;7;161;68;93
"10172";155;128;12;116;24;92
"10173";387;346;24;322;134;188
"10174";129;107;5;102;19;83
"10175";137;114;15;99;28;71
"10176";138;113;9;104;34;70
"10177";131;116;2;114;46;68
"10178";223;196;19;177;64;113
"10179";338;277;32;245;149;96
"10180";82;73;7;66;26;40
"10181";251;206;15;191;51;140
"10182";123;109;8;101;55;46
"10183";35;32;1;31;7;24
"10184";111;91;10;81;27;54
"10185";161;144;8;136;33;103
"10186";391;340;23;317;93;224
"10187";437;364;33;331;100;231
"10188";198;160;16;144;61;83
"10189";46;44;1;43;17;26
"10190";370;328;18;310;107;203
"10191";585;514;22;492;188;304
"10192";97;73;2;71;21;50
"10193";233;205;17;188;66;122
"10194";94;74;4;70;21;49
"10195";220;163;13;150;53;97
"10196";170;140;8;132;53;79
"10197";147;123;5;118;31;87
"10198";94;86;8;78;47;31
"10199";300;242;12;230;67;163
"10200";72;63;6;57;18;39
"10201";55;45;4;41;13;28
"10202";109;93;14;79;29;50
"10203";325;263;17;246;114;132
"10204";86;82;15;67;29;38
"10205";67;62;4;58;5;53
"10206";116;94;5;89;18;71
"10207";107;90;7;83;23;60
"10208";214;184;6;178;61;117
"10209";1287;1094;70;1024;354;670
"10210";322;288;23;265;88;177
"10211";688;568;33;535;221;314
"10212";85;67;3;64;31;33
"10213";131;109;9;100;28;72
"10214";61;53;2;51;22;29
"10215";198;166;12;154;49;105
"10216";900;733;49;684;176;508
"10217";36;33;9;24;5;19
"10218";157;137;15;122;42;80
"10219";51;43;3;40;13;27
"10220";1178;972;71;901;425;476
"10221";132;106;14;92;45;47
"10222";372;306;21;285;138;147
"10223";469;366;42;324;144;180
"10224";1116;892;89;803;343;460
"10225";214;181;17;164;61;103
"10226";74;65;5;60;12;48
"10227";258;220;22;198;93;105
"10228";178;143;17;126;45;81
"10229";83;65;2;63;23;40
"10230";525;470;33;437;171;266
"10231";402;329;18;311;111;200
"10232";254;207;3;204;70;134
"10233";929;789;73;716;330;386
"10234";195;163;19;144;49;95
"10235";42;38;2;36;12;24
"10236";51;44;4;40;13;27
"10237";428;381;19;362;94;268
"10238";292;254;17;237;97;140
"10239";421;353;27;326;156;170
"10240";327;291;20;271;136;135
"10241";37;34;4;30;3;27
"10242";163;137;7;130;24;106
"10243";73;60;6;54;20;34
"10245";575;484;49;435;157;278
"10246";204;157;11;146;61;85
"10247";122;99;8;91;50;41
"10248";332;311;22;289;48;241
"10249";341;300;19;281;123;158
"10250";186;160;12;148;57;91
"10251";215;185;14;171;94;77
"10252";51;48;3;45;7;38
"10253";125;116;7;109;54;55
"10254";256;223;24;199;57;142
"10255";227;200;14;186;64;122
"10256";278;238;19;219;97;122
"10257";32;26;1;25;13;12
"10258";243;205;23;182;55;127
"10259";261;226;25;201;97;104
"10260";401;352;16;336;114;222
"10261";709;588;22;566;266;300
"10262";325;288;18;270;72;198
"10263";301;253;17;236;115;121
"10264";111;93;6;87;21;66
"10265";2095;1642;93;1549;847;702
"10266";49;44;1;43;28;15
"10267";253;204;9;195;41;154
"10268";3559;2782;191;2591;1139;1452
"10269";120;106;8;98;25;73
"10270";205;173;8;165;50;115
"10271";473;400;34;366;143;223
"10272";155;135;6;129;29;100
"10273";29;21;1;20;2;18
"10274";233;201;14;187;73;114
"10275";424;354;15;339;142;197
"10276";249;215;20;195;86;109
"10277";507;406;25;381;135;246
"10278";114;92;9;83;24;59
"10279";75;60;4;56;13;43
"10280";563;478;29;449;205;244
"10281";242;201;17;184;64;120
"10282";882;728;54;674;236;438
"10283";115;104;9;95;26;69
"10284";98;86;9;77;35;42
"10285";79;65;5;60;19;41
"10286";203;164;5;159;51;108
"10287";943;784;53;731;250;481
"10288";228;189;14;175;64;111
"10289";651;548;40;508;191;317
"10290";168;142;10;132;49;83
"10291";117;97;7;90;23;67
"10293";117;110;8;102;24;78
"10294";47;42;9;33;23;10
"10295";214;177;9;168;41;127
"10296";161;141;7;134;16;118
"10297";2785;2230;146;2084;975;1109
"10298";719;540;57;483;214;269
"10299";438;358;39;319;135;184
"10300";208;177;13;164;48;116
"10301";131;113;8;105;40;65
"10302";65;60;3;57;14;43
"10303";71;59;10;49;22;27
"10304";162;136;9;127;52;75
"10305";82;66;3;63;35;28
"10306";224;195;14;181;64;117
"10307";276;254;18;236;82;154
"10308";189;156;9;147;40;107
"10309";95;89;7;82;23;59
"10310";172;139;13;126;45;81
"10312";126;115;5;110;47;63
"10313";315;270;22;248;98;150
"10314";254;214;17;197;59;138
"10315";34;29;3;26;2;24
"10316";173;152;17;135;43;92
"10317";955;816;50;766;184;582
"10318";129;110;10;100;30;70
"10319";279;235;16;219;76;143
"10320";174;155;8;147;41;106
"10321";2454;2066;142;1924;812;1112
"10323";8808;6506;492;6014;3512;2502
"10324";119;107;4;103;39;64
"10325";2257;1849;118;1731;648;1083
"10326";174;145;7;138;45;93
"10327";98;88;4;84;28;56
"10328";293;244;16;228;83;145
"10329";464;369;24;345;137;208
"10330";111;96;3;93;18;75
"10331";378;311;23;288;81;207
"10332";329;292;18;274;118;156
"10333";7962;6251;331;5920;2775;3145
"10334";404;349;17;332;122;210
"10335";175;155;9;146;45;101
"10336";331;285;27;258;96;162
"10337";35;30;7;23;6;17
"10338";105;86;11;75;30;45
"10339";190;159;6;153;63;90
"10340";1821;1401;98;1303;548;755
"10341";271;229;14;215;78;137
"10342";292;242;19;223;101;122
"10343";4933;3915;212;3703;1673;2030
"10344";562;500;38;462;181;281
"10345";319;289;26;263;96;167
"10346";61;53;0;53;16;37
"10347";159;142;15;127;49;78
"10348";164;137;10;127;37;90
"10349";2200;1902;139;1763;678;1085
"10350";501;415;23;392;157;235
"10351";288;244;13;231;91;140
"10352";1123;969;75;894;376;518
"10353";688;564;37;527;216;311
"10354";106;93;10;83;15;68
"10355";71;63;5;58;15;43
"10356";162;135;9;126;35;91
"10357";2099;1690;106;1584;705;879
"10358";758;636;43;593;214;379
"10359";399;347;28;319;133;186
"10360";590;513;44;469;183;286
"10361";133;120;8;112;31;81
"10362";7483;5701;371;5330;2683;2647
"10363";416;363;19;344;130;214
"10364";76;68;4;64;11;53
"10365";114;92;9;83;29;54
"10366";78;58;2;56;4;52
"10367";429;339;32;307;120;187
"10368";733;621;44;577;213;364
"10369";177;141;11;130;50;80
"10370";174;133;12;121;61;60
"10371";245;225;16;209;83;126
"10372";228;204;17;187;76;111
"10373";338;295;22;273;118;155
"10374";115;100;1;99;21;78
"10375";236;221;17;204;71;133
"10376";122;100;7;93;33;60
"10377";115;105;5;100;19;81
"10378";72;51;3;48;13;35
"10379";337;298;29;269;97;172
"10380";54;44;1;43;19;24
"10381";716;638;38;600;224;376
"10382";699;555;35;520;193;327
"10383";129;111;12;99;43;56
"10384";194;174;13;161;74;87
"10386";175;139;15;124;42;82
"10387";30546;23381;1352;22029;10929;11100
"10388";51;43;3;40;17;23
"10389";110;96;9;87;22;65
"10390";134;117;6;111;25;86
"10391";244;216;7;209;58;151
"10392";313;262;20;242;124;118
"10393";155;121;7;114;60;54
"10394";106;93;3;90;35;55
"10395";254;198;18;180;85;95
"10396";401;346;19;327;126;201
"10397";115;98;4;94;38;56
"10398";62;54;3;51;13;38
"10399";471;404;25;379;150;229
"10400";122;106;5;101;35;66
"10401";1508;1192;91;1101;537;564
"10402";196;169;11;158;82;76
"10403";75;56;4;52;9;43
"10404";110;94;6;88;42;46
"10405";38;32;0;32;11;21
"10406";1422;1186;83;1103;433;670
"10408";106;101;28;73;31;42
"10409";409;358;34;324;115;209
"10410";114;90;8;82;36;46
"10411";13;13;3;10;4;6
"10412";651;582;42;540;210;330
"10414";91;80;5;75;17;58
"10415";377;294;25;269;118;151
"10416";178;164;10;154;45;109
"10417";201;173;10;163;87;76
"10418";140;121;17;104;32;72
"10419";556;453;32;421;134;287
"10420";1563;1266;82;1184;476;708
"10421";105;89;5;84;40;44
"10422";170;140;13;127;52;75
"10423";325;287;34;253;119;134
"10424";67;54;1;53;21;32
"10425";211;185;11;174;60;114
"10426";704;569;50;519;252;267
"10427";238;214;10;204;57;147
"10428";104;98;2;96;21;75
"10429";183;155;14;141;76;65
"10430";74;57;3;54;17;37
"10431";76;56;4;52;13;39
"10432";55;52;3;49;13;36
"10433";180;155;13;142;47;95
"10434";48;48;4;44;6;38
"10435";147;121;12;109;46;63
"10436";148;126;13;113;31;82
"10437";450;394;38;356;152;204
"10438";236;190;8;182;49;133
"10439";93;81;4;77;21;56
"10440";158;131;8;123;32;91
"10441";194;157;12;145;64;81
"10442";396;336;22;314;109;205
"10443";39;39;3;36;8;28
"10444";164;143;5;138;43;95
"10445";58;54;4;50;19;31
"11001";393;343;26;317;155;162
"11002";106;94;1;93;38;55
"11003";153;117;6;111;60;51
"11004";202;173;13;160;93;67
"11005";860;782;63;719;433;286
"11006";72;70;3;67;61;6
"11007";84;71;2;69;50;19
"11008";339;285;19;266;151;115
"11009";1081;925;64;861;517;344
"11010";252;191;12;179;115;64
"11011";365;308;15;293;170;123
"11012";1485;1242;100;1142;664;478
"11013";277;232;15;217;136;81
"11014";1128;1018;75;943;477;466
"11015";153;128;8;120;53;67
"11016";82;68;4;64;39;25
"11017";87;81;7;74;39;35
"11018";860;766;52;714;407;307
"11019";64;58;5;53;37;16
"11020";31;26;2;24;20;4
"11021";474;364;22;342;246;96
"11022";877;773;60;713;350;363
"11023";519;448;21;427;261;166
"11024";653;573;42;531;340;191
"11025";185;164;11;153;74;79
"11026";105;98;4;94;52;42
"11027";507;451;18;433;253;180
"11028";381;339;22;317;141;176
"11029";53;43;2;41;25;16
"11030";92;87;5;82;41;41
"11031";37;32;1;31;15;16
"11032";147;127;9;118;70;48
"11033";1010;839;69;770;437;333
"11034";655;575;45;530;341;189
"11035";229;172;12;160;95;65
"11036";173;150;14;136;82;54
"11037";549;410;28;382;240;142
"11038";58;39;1;38;32;6
"11039";35;32;3;29;22;7
"11040";1017;898;75;823;492;331
"11041";862;736;47;689;431;258
"11042";143;123;12;111;68;43
"11043";198;170;17;153;103;50
"11044";84;79;9;70;51;19
"11045";106;101;9;92;57;35
"11046";38;31;3;28;18;10
"11047";59;46;3;43;24;19
"11048";547;467;61;406;289;117
"11049";2374;2040;127;1913;1071;842
"11050";200;166;11;155;94;61
"11051";131;107;5;102;68;34
"11052";268;231;21;210;114;96
"11053";194;152;13;139;94;45
"11054";194;171;5;166;59;107
"11055";201;168;6;162;118;44
"11056";128;107;8;99;65;34
"11057";20;17;0;17;8;9
"11058";204;186;11;175;94;81
"11059";91;79;11;68;35;33
"11060";36;33;1;32;29;3
"11061";202;184;11;173;110;63
"11062";51;40;5;35;26;9
"11063";492;410;26;384;221;163
"11064";219;201;26;175;133;42
"11065";65;50;0;50;32;18
"11066";115;88;5;83;25;58
"11067";1054;906;92;814;476;338
"11068";1110;941;60;881;551;330
"11069";30968;24902;1573;23329;12879;10450
"11070";211;187;18;169;86;83
"11071";167;145;9;136;96;40
"11072";132;116;8;108;64;44
"11073";49;43;3;40;30;10
"11074";183;170;16;154;96;58
"11075";125;106;5;101;77;24
"11076";7263;5775;349;5426;2894;2532
"11077";374;314;37;277;153;124
"11078";168;141;13;128;70;58
"11079";133;121;5;116;63;53
"11080";112;103;6;97;58;39
"11081";1165;999;49;950;576;374
"11082";12;8;0;8;8;0
"11083";44;31;1;30;22;8
"11084";643;561;57;504;282;222
"11085";705;605;40;565;305;260
"11086";567;496;47;449;248;201
"11087";73;57;1;56;30;26
"11088";1264;1127;67;1060;543;517
"11089";258;231;7;224;142;82
"11090";443;395;25;370;208;162
"11091";850;713;50;663;425;238
"11092";90;81;1;80;48;32
"11093";31;28;0;28;27;1
"11094";25;19;6;13;9;4
"11095";210;183;20;163;92;71
"11096";62;57;1;56;39;17
"11097";53;44;1;43;22;21
"11098";616;544;48;496;293;203
"11099";1665;1446;107;1339;732;607
"11100";35;26;2;24;15;9
"11101";53;45;1;44;21;23
"11102";468;401;22;379;250;129
"11103";939;776;79;697;448;249
"11104";58;50;2;48;31;17
"11105";478;434;29;405;257;148
"11106";4435;3709;251;3458;2153;1305
"11107";41;32;4;28;18;10
"11108";36;29;0;29;18;11
"11109";49;44;0;44;28;16
"11110";90;72;7;65;26;39
"11111";387;355;31;324;164;160
"11112";59;50;5;45;29;16
"11113";106;95;2;93;47;46
"11114";33;30;2;28;13;15
"11115";553;480;51;429;247;182
"11116";3367;2724;184;2540;1415;1125
"11117";111;85;5;80;49;31
"11118";44;35;1;34;29;5
"11119";224;200;8;192;109;83
"11120";414;376;23;353;203;150
"11121";78;67;2;65;34;31
"11122";514;465;25;440;288;152
"11123";128;122;6;116;72;44
"11124";506;444;28;416;277;139
"11125";162;145;12;133;78;55
"11126";287;253;20;233;119;114
"11127";110;88;6;82;62;20
"11128";117;98;7;91;37;54
"11129";1442;1171;103;1068;648;420
"11130";218;184;17;167;81;86
"11131";245;193;20;173;120;53
"11132";953;826;79;747;455;292
"11133";38;31;0;31;12;19
"11134";40;39;5;34;15;19
"11135";25;18;2;16;12;4
"11136";541;486;41;445;235;210
"11137";126;107;3;104;59;45
"11138";417;365;33;332;180;152
"11139";74;63;5;58;35;23
"11140";913;784;56;728;460;268
"11141";76;69;3;66;43;23
"11142";129;102;4;98;80;18
"11143";81;66;4;62;35;27
"11144";718;582;32;550;317;233
"11145";3176;2670;167;2503;1221;1282
"11146";218;185;13;172;115;57
"11147";20;16;3;13;7;6
"11148";362;309;38;271;166;105
"11149";72;61;3;58;13;45
"11150";313;263;20;243;127;116
"11151";289;258;23;235;136;99
"11152";116;97;4;93;53;40
"11153";155;130;14;116;50;66
"11154";56;43;4;39;25;14
"11155";60;47;5;42;34;8
"11156";84;73;6;67;38;29
"11157";183;164;17;147;103;44
"11158";196;168;21;147;78;69
"11159";124;106;9;97;51;46
"11160";25;20;2;18;16;2
"11161";74;70;1;69;29;40
"11162";54;47;2;45;27;18
"11163";43;35;5;30;8;22
"11164";981;865;73;792;420;372
"11165";278;231;18;213;127;86
"11166";58;50;1;49;29;20
"11167";73;65;6;59;43;16
"11168";101;81;6;75;54;21
"11169";85;78;2;76;70;6
"11170";4443;3741;280;3461;1729;1732
"11171";36;34;5;29;15;14
"11172";468;406;28;378;204;174
"11173";103;79;5;74;38;36
"11174";56;47;4;43;28;15
"11175";357;303;35;268;146;122
"11176";52;46;3;43;23;20
"11177";38;32;5;27;18;9
"11178";746;653;37;616;355;261
"11179";74;61;4;57;43;14
"11180";80;71;5;66;56;10
"11181";307;268;37;231;123;108
"11182";127;109;4;105;53;52
"11183";210;190;7;183;125;58
"11184";80;59;7;52;29;23
"11185";457;382;20;362;231;131
"11186";43;36;3;33;30;3
"11187";53;36;2;34;27;7
"11188";1209;1011;73;938;434;504
"11189";95;82;10;72;47;25
"11190";811;663;56;607;385;222
"11191";91;76;6;70;37;33
"11192";522;459;34;425;239;186
"11193";172;152;10;142;86;56
"11194";109;90;10;80;54;26
"11195";277;239;23;216;117;99
"11196";135;126;7;119;75;44
"11197";495;444;40;404;249;155
"11198";841;706;53;653;399;254
"11199";999;863;73;790;381;409
"11200";129;105;2;103;68;35
"11201";551;501;18;483;308;175
"11202";4104;3415;232;3183;1469;1714
"11203";6998;5697;424;5273;3193;2080
"11204";41;33;1;32;16;16
"11205";106;99;7;92;43;49
"11206";6703;5528;349;5179;3014;2165
"11207";187;160;11;149;85;64
"11208";87;70;4;66;28;38
"11209";175;154;15;139;101;38
"11210";812;713;64;649;319;330
"11211";405;360;25;335;203;132
"11212";356;311;24;287;167;120
"11213";46;41;0;41;23;18
"11214";301;268;14;254;98;156
"11215";635;563;38;525;321;204
"11216";270;235;13;222;127;95
"11217";980;804;54;750;458;292
"11218";59;53;5;48;27;21
"11219";43;37;3;34;25;9
"11220";515;447;36;411;261;150
"11221";190;155;13;142;86;56
"11222";145;133;10;123;89;34
"11223";22;17;0;17;3;14
"11224";29;27;3;24;20;4
"11225";652;571;45;526;311;215
"11226";63;53;0;53;27;26
"11227";29;24;1;23;23;0
"11228";142;131;9;122;73;49
"11229";57;41;1;40;25;15
"11230";47;37;8;29;8;21
"11231";62;54;6;48;33;15
"11232";57;50;4;46;24;22
"11233";562;489;42;447;294;153
"11234";152;130;4;126;81;45
"11235";69;64;2;62;37;25
"11236";189;161;11;150;83;67
"11238";78;76;8;68;36;32
"11239";76;62;7;55;41;14
"11240";440;345;38;307;203;104
"11241";215;173;23;150;96;54
"11242";142;115;5;110;78;32
"11243";339;290;14;276;143;133
"11244";102;86;4;82;38;44
"11245";40;31;0;31;26;5
"11246";53;45;4;41;21;20
"11247";36;35;1;34;17;17
"11248";57;51;6;45;24;21
"11249";76;66;3;63;50;13
"11250";38;29;2;27;23;4
"11251";462;399;12;387;282;105
"11252";253;227;18;209;115;94
"11253";704;614;33;581;293;288
"11254";1327;1119;66;1053;553;500
"11255";1025;890;83;807;519;288
"11256";357;315;22;293;218;75
"11257";154;139;9;130;77;53
"11258";1308;1149;85;1064;634;430
"11259";704;619;24;595;330;265
"11260";89;75;11;64;51;13
"11261";542;433;36;397;244;153
"11262";37148;29258;1943;27315;14576;12739
"11263";200;166;11;155;81;74
"11264";964;845;65;780;462;318
"11265";70;56;4;52;32;20
"11266";4570;3729;336;3393;1520;1873
"11267";929;787;63;724;401;323
"11268";91;77;7;70;30;40
"11269";1653;1369;121;1248;663;585
"11270";138;103;9;94;54;40
"11271";30;28;2;26;12;14
"11272";1680;1520;120;1400;747;653
"11273";495;415;32;383;232;151
"11274";254;214;9;205;94;111
"11275";153;138;9;129;89;40
"11276";366;311;29;282;190;92
"11277";24;22;2;20;14;6
"11278";57;54;6;48;28;20
"11279";1756;1538;119;1419;745;674
"11280";701;606;42;564;359;205
"11281";819;703;40;663;327;336
"11282";52;44;0;44;30;14
"11283";45;38;1;37;20;17
"11284";320;277;34;243;134;109
"11285";900;768;51;717;375;342
"11286";844;704;53;651;410;241
"11287";58;49;5;44;26;18
"11288";974;839;72;767;395;372
"11289";783;685;53;632;399;233
"11290";90;74;4;70;36;34
"11291";90;80;3;77;41;36
"11292";128;112;13;99;53;46
"11293";615;519;48;471;239;232
"11294";39;33;1;32;16;16
"11295";926;782;63;719;428;291
"11296";348;302;24;278;174;104
"11297";148;127;12;115;73;42
"11298";144;127;13;114;80;34
"11299";409;364;35;329;189;140
"11300";123;110;8;102;52;50
"11301";749;613;39;574;370;204
"11302";226;202;11;191;131;60
"11303";380;329;27;302;183;119
"11304";2535;2057;147;1910;1070;840
"11305";61;52;2;50;40;10
"11306";43;38;1;37;32;5
"11307";218;174;19;155;101;54
"11308";259;225;17;208;120;88
"11309";74;57;3;54;36;18
"11310";129;117;9;108;65;43
"11311";210;169;12;157;107;50
"11312";78;68;3;65;37;28
"11313";221;192;15;177;88;89
"11314";67;53;5;48;30;18
"11315";1536;1289;84;1205;595;610
"11316";177;127;12;115;67;48
"11317";130;104;14;90;80;10
"11318";105;80;3;77;36;41
"11319";68;62;10;52;40;12
"11320";275;238;18;220;142;78
"11321";137;110;6;104;63;41
"11322";790;697;54;643;347;296
"11323";166;145;2;143;110;33
"11324";358;292;14;278;148;130
"11325";287;254;8;246;149;97
"11326";77;70;9;61;48;13
"11327";371;320;21;299;174;125
"11328";214;194;13;181;130;51
"11329";172;140;6;134;90;44
"11330";281;256;21;235;132;103
"11331";71;59;4;55;15;40
"11332";959;807;49;758;438;320
"11333";66;56;3;53;26;27
"11334";97;86;5;81;53;28
"11335";58;51;3;48;24;24
"11336";338;292;29;263;173;90
"11337";288;261;16;245;134;111
"11338";29;27;4;23;15;8
"11339";391;329;34;295;154;141
"11340";351;327;21;306;146;160
"11341";113;96;2;94;62;32
"11342";165;142;14;128;76;52
"11343";63;54;1;53;39;14
"11344";533;495;35;460;277;183
"11345";238;208;15;193;121;72
"11346";85;66;3;63;49;14
"11347";114;99;5;94;65;29
"11348";64;53;0;53;40;13
"11350";50;43;1;42;33;9
"11351";578;483;37;446;280;166
"11352";59;47;5;42;36;6
"11353";1138;969;68;901;516;385
"11354";24;22;3;19;19;0
"11355";258;212;15;197;100;97
"11356";769;692;55;637;344;293
"11357";184;165;22;143;88;55
"11358";31;23;1;22;16;6
"11359";319;279;22;257;138;119
"11360";1245;1100;80;1020;569;451
"11361";634;563;52;511;289;222
"11362";152;139;12;127;71;56
"11363";162;148;9;139;108;31
"11364";161;132;12;120;56;64
"11365";36;33;2;31;17;14
"11366";421;358;21;337;185;152
"11367";667;554;43;511;279;232
"11368";104;94;7;87;45;42
"11369";1836;1639;113;1526;839;687
"11370";2208;1893;130;1763;985;778
"11371";478;427;20;407;231;176
"11372";303;249;20;229;156;73
"11373";75;64;4;60;49;11
"11374";31;25;2;23;22;1
"11375";23;22;1;21;12;9
"11376";74;62;5;57;38;19
"11377";38;35;2;33;21;12
"11378";204;186;15;171;138;33
"11379";4180;3419;261;3158;1645;1513
"11380";129;115;10;105;55;50
"11381";63;46;1;45;34;11
"11382";237;206;14;192;98;94
"11383";251;226;20;206;99;107
"11384";102;88;5;83;51;32
"11385";179;150;11;139;84;55
"11386";322;287;21;266;156;110
"11387";55;51;3;48;34;14
"11388";65;54;1;53;43;10
"11389";30;24;3;21;12;9
"11390";436;358;20;338;218;120
"11391";28;25;1;24;22;2
"11392";217;192;9;183;130;53
"11393";340;301;15;286;162;124
"11394";96;91;4;87;40;47
"11395";31;28;4;24;19;5
"11396";389;349;16;333;192;141
"11397";4128;3439;213;3226;1847;1379
"11398";179;163;13;150;80;70
"11399";97;85;4;81;36;45
"11400";78;60;4;56;32;24
"11401";705;595;42;553;374;179
"11402";27;27;3;24;22;2
"11404";713;617;37;580;343;237
"11405";392;354;17;337;207;130
"11406";46;38;2;36;7;29
"11407";224;198;17;181;95;86
"11408";323;283;28;255;153;102
"11409";90;85;5;80;51;29
"11410";715;612;31;581;360;221
"11411";121;104;6;98;57;41
"11412";60;50;5;45;34;11
"11413";366;312;36;276;137;139
"11414";27;20;1;19;17;2
"11415";90;78;3;75;35;40
"11416";159;140;10;130;76;54
"11417";82;69;11;58;37;21
"11418";789;649;56;593;312;281
"11419";48;42;2;40;23;17
"11420";101;89;3;86;61;25
"11421";355;297;33;264;163;101
"11422";261;247;17;230;115;115
"11423";125;113;5;108;71;37
"11424";85;69;3;66;42;24
"11425";1208;1053;99;954;585;369
"11426";747;658;42;616;318;298
"11427";252;225;16;209;140;69
"11428";216;192;18;174;93;81
"11429";2774;2437;141;2296;1154;1142
"11430";924;826;57;769;433;336
"11431";216;189;11;178;98;80
"11432";154;133;16;117;57;60
"11433";723;599;40;559;330;229
"11434";784;660;52;608;316;292
"11435";164;149;6;143;104;39
"11436";305;256;16;240;140;100
"11437";596;523;32;491;231;260
"11438";262;232;17;215;117;98
"11439";290;259;20;239;153;86
"11440";41;36;0;36;36;0
"11441";1926;1704;132;1572;810;762
"12001";906;803;60;743;430;313
"12002";675;559;39;520;315;205
"12003";300;256;19;237;140;97
"12004";383;355;31;324;170;154
"12005";78;67;1;66;15;51
"12006";348;293;20;273;105;168
"12007";150;131;6;125;81;44
"12008";566;508;21;487;263;224
"12009";72;60;5;55;18;37
"12010";112;95;5;90;30;60
"12011";726;642;47;595;280;315
"12012";501;421;30;391;255;136
"12013";3238;2690;125;2565;1942;623
"12014";201;171;6;165;46;119
"12015";221;178;12;166;72;94
"12016";724;628;32;596;380;216
"12017";210;167;15;152;58;94
"12018";142;125;9;116;75;41
"12019";83;69;6;63;29;34
"12020";440;395;31;364;233;131
"12021";742;637;34;603;312;291
"12022";106;90;13;77;33;44
"12023";115;100;4;96;35;61
"12024";218;195;17;178;103;75
"12025";796;682;32;650;313;337
"12026";843;725;45;680;368;312
"12027";218;182;13;169;74;95
"12028";413;337;17;320;249;71
"12029";157;135;12;123;57;66
"12030";349;308;25;283;187;96
"12031";249;235;10;225;143;82
"12032";445;407;15;392;194;198
"12033";2065;1827;121;1706;776;930
"12034";254;226;13;213;129;84
"12035";157;129;10;119;55;64
"12036";608;515;22;493;192;301
"12037";540;461;38;423;211;212
"12038";147;124;7;117;56;61
"12039";319;257;20;237;119;118
"12040";166;150;12;138;70;68
"12041";229;206;8;198;115;83
"12042";191;176;17;159;94;65
"12043";1473;1323;108;1215;614;601
"12044";846;728;46;682;348;334
"12045";325;283;23;260;147;113
"12046";527;448;27;421;232;189
"12047";385;340;14;326;161;165
"12048";362;311;21;290;113;177
"12049";384;337;29;308;106;202
"12050";379;339;23;316;130;186
"12051";331;276;11;265;80;185
"12052";3426;2888;182;2706;1802;904
"12053";244;212;23;189;92;97
"12054";303;268;18;250;169;81
"12055";88;72;1;71;23;48
"12056";2191;1929;118;1811;1042;769
"12057";770;677;45;632;302;330
"12058";129;114;6;108;35;73
"12059";487;420;33;387;165;222
"12060";128;109;5;104;61;43
"12061";462;398;16;382;147;235
"12062";300;277;17;260;116;144
"12063";710;603;57;546;244;302
"12064";256;207;8;199;47;152
"12065";482;418;27;391;227;164
"12066";901;791;36;755;473;282
"12067";92;71;8;63;25;38
"12068";847;741;41;700;320;380
"12069";250;217;11;206;126;80
"12070";483;424;34;390;234;156
"12071";343;289;16;273;154;119
"12072";236;213;15;198;128;70
"12073";431;376;18;358;181;177
"12074";271;232;11;221;71;150
"12075";107;92;5;87;61;26
"12076";325;268;17;251;125;126
"12077";361;318;16;302;145;157
"12078";149;120;10;110;51;59
"12079";436;375;31;344;142;202
"12080";395;333;25;308;161;147
"12081";233;206;14;192;69;123
"12082";214;191;5;186;116;70
"12083";1329;1110;49;1061;789;272
"12084";1262;1103;81;1022;633;389
"12085";265;242;10;232;109;123
"12086";290;242;16;226;125;101
"12087";323;284;26;258;88;170
"12088";220;201;15;186;43;143
"12089";4293;3438;187;3251;2332;919
"12090";1565;1398;102;1296;716;580
"12091";375;344;33;311;128;183
"12092";492;441;18;423;164;259
"12093";154;134;5;129;42;87
"12094";924;783;48;735;342;393
"12095";195;178;10;168;103;65
"12096";3428;2906;168;2738;1168;1570
"12097";229;205;18;187;94;93
"12098";518;439;20;419;146;273
"12099";270;230;20;210;119;91
"12100";1987;1719;78;1641;1230;411
"12101";732;681;43;638;421;217
"12102";1809;1614;107;1507;766;741
"12103";298;255;22;233;77;156
"12104";306;281;22;259;165;94
"12105";926;831;54;777;434;343
"12106";427;369;24;345;105;240
"12107";279;248;13;235;114;121
"12108";317;287;24;263;147;116
"12109";102;81;11;70;33;37
"12110";353;300;22;278;119;159
"12111";416;358;17;341;208;133
"12112";187;164;9;155;72;83
"12113";345;289;31;258;106;152
"12114";354;305;24;281;166;115
"12115";246;217;15;202;99;103
"12116";231;210;19;191;50;141
"12117";188;168;8;160;27;133
"12118";466;393;20;373;124;249
"12119";928;828;41;787;205;582
"12120";1205;1078;86;992;430;562
"12121";580;485;29;456;248;208
"12122";115;95;8;87;46;41
"12123";655;583;40;543;323;220
"12124";289;246;21;225;58;167
"12125";327;267;19;248;141;107
"12126";232;202;10;192;95;97
"12127";590;577;53;524;275;249
"12128";233;192;16;176;101;75
"12129";373;330;28;302;104;198
"12130";965;828;51;777;500;277
"12131";1183;1079;63;1016;538;478
"12133";4247;3761;277;3484;1842;1642
"12134";291;264;22;242;166;76
"12135";346;286;20;266;149;117
"12136";792;687;69;618;342;276
"12137";514;458;36;422;227;195
"12138";1265;1117;57;1060;609;451
"12139";133;120;9;111;48;63
"12140";779;708;45;663;398;265
"12141";223;191;6;185;124;61
"12142";469;419;36;383;204;179
"12143";101;84;9;75;49;26
"12144";155;131;11;120;90;30
"12145";16636;13715;937;12778;7453;5325
"12146";1653;1395;94;1301;774;527
"12147";154;118;15;103;48;55
"12148";1097;942;64;878;492;386
"12149";140;122;11;111;68;43
"12150";452;395;21;374;236;138
"12151";216;185;13;172;77;95
"12152";128;113;9;104;18;86
"12153";374;323;13;310;193;117
"12154";557;476;34;442;272;170
"12155";287;246;11;235;127;108
"12156";487;423;22;401;73;328
"12157";1219;1065;68;997;589;408
"12158";217;198;12;186;125;61
"12159";515;440;35;405;237;168
"12160";295;259;12;247;145;102
"12161";453;399;21;378;184;194
"12162";927;800;43;757;392;365
"12163";185;139;16;123;52;71
"12164";554;470;23;447;146;301
"12165";299;257;9;248;147;101
"12166";109;95;7;88;25;63
"12167";658;575;42;533;302;231
"12168";796;699;44;655;385;270
"12169";1607;1419;103;1316;691;625
"12170";295;268;24;244;158;86
"12171";426;368;38;330;189;141
"12172";485;419;13;406;129;277
"12173";150;129;11;118;60;58
"12174";2367;2065;113;1952;1118;834
"12175";125;109;8;101;34;67
"12176";7633;6489;372;6117;3538;2579
"12177";284;247;13;234;111;123
"12178";293;276;31;245;124;121
"12179";100;83;4;79;24;55
"12180";114;93;6;87;44;43
"12181";220;196;11;185;104;81
"12182";228;201;9;192;94;98
"12183";225;195;14;181;104;77
"12184";147;116;8;108;34;74
"12185";1213;1063;74;989;411;578
"12186";205;180;20;160;99;61
"12187";327;276;8;268;83;185
"12188";281;245;14;231;80;151
"12189";333;283;20;263;132;131
"12190";272;229;21;208;134;74
"12191";289;249;13;236;120;116
"12192";217;195;14;181;102;79
"12193";239;208;20;188;72;116
"12194";694;586;48;538;335;203
"12195";242;224;21;203;83;120
"12196";395;353;31;322;197;125
"12197";1711;1466;104;1362;656;706
"12198";1645;1423;95;1328;736;592
"12199";1386;1238;85;1153;561;592
"12200";822;744;53;691;364;327
"12201";834;737;54;683;359;324
"12202";14537;12033;642;11391;6382;5009
"12203";578;489;33;456;245;211
"12204";214;182;16;166;117;49
"12205";667;585;34;551;386;165
"12206";453;410;25;385;215;170
"12207";337;287;12;275;107;168
"12208";5812;4962;370;4592;2732;1860
"12209";676;561;21;540;188;352
"12210";349;302;17;285;183;102
"12211";173;151;8;143;53;90
"12212";107;88;6;82;53;29
"12213";457;402;34;368;200;168
"12214";427;362;20;342;121;221
"12215";907;789;60;729;448;281
"12216";1114;966;41;925;383;542
"12217";558;505;38;467;292;175
"12218";716;628;51;577;256;321
"12219";325;289;16;273;106;167
"12220";258;229;16;213;127;86
"12221";362;317;22;295;111;184
"12222";201;173;21;152;95;57
"12223";821;711;44;667;247;420
"12224";1561;1302;106;1196;514;682
"12225";1202;1046;79;967;581;386
"12226";433;356;26;330;131;199
"12227";148;133;9;124;60;64
"12228";298;257;22;235;131;104
"12229";187;166;18;148;94;54
"12230";336;292;19;273;117;156
"12231";619;522;34;488;218;270
"12232";268;233;19;214;119;95
"12233";232;200;30;170;77;93
"12234";413;363;18;345;198;147
"12235";208;177;4;173;108;65
"12236";162;148;10;138;43;95
"12237";507;435;22;413;239;174
"12238";278;259;13;246;131;115
"12239";216;191;13;178;73;105
"12240";382;323;17;306;167;139
"12241";1419;1267;73;1194;612;582
"12242";259;236;9;227;131;96
"12243";623;549;33;516;305;211
"12244";611;558;58;500;283;217
"12245";380;337;22;315;199;116
"12246";468;381;25;356;176;180
"12247";303;278;9;269;77;192
"12248";391;348;14;334;164;170
"12249";226;196;13;183;106;77
"12250";217;182;9;173;57;116
"12251";323;276;21;255;161;94
"12252";383;338;29;309;194;115
"12253";924;828;53;775;283;492
"12254";1808;1558;91;1467;832;635
"12255";596;522;28;494;258;236
"12256";334;287;16;271;171;100
"12257";571;513;36;477;310;167
"12258";949;803;51;752;440;312
"12259";527;461;35;426;220;206
"12260";184;162;10;152;108;44
"12261";140;119;7;112;58;54
"12262";684;577;28;549;280;269
"12263";513;445;22;423;242;181
"12264";2476;2201;137;2064;1173;891
"12265";367;323;27;296;88;208
"12266";468;408;25;383;148;235
"12267";640;551;40;511;206;305
"12268";416;359;16;343;138;205
"12269";127;110;15;95;44;51
"12270";1946;1660;116;1544;815;729
"12271";320;287;20;267;122;145
"12272";391;348;25;323;193;130
"12273";236;209;13;196;64;132
"12274";117;114;7;107;48;59
"12275";58;48;5;43;27;16
"12276";347;294;18;276;156;120
"12277";415;365;18;347;90;257
"12278";173;139;19;120;68;52
"12279";156;134;4;130;32;98
"12280";400;353;19;334;90;244
"12281";599;529;33;496;316;180
"12282";327;285;28;257;165;92
"12283";459;399;31;368;164;204
"12284";312;274;24;250;129;121
"12285";358;319;36;283;153;130
"12286";950;867;59;808;428;380
"12287";498;436;25;411;235;176
"12288";1176;1042;75;967;644;323
"12289";197;181;13;168;95;73
"12290";398;339;35;304;173;131
"12291";320;274;21;253;151;102
"12292";384;338;15;323;174;149
"12293";149;138;10;128;89;39
"12294";538;479;29;450;162;288
"12295";88;77;5;72;54;18
"12296";438;380;31;349;225;124
"12297";443;371;30;341;150;191
"12298";339;293;27;266;145;121
"12299";623;540;37;503;220;283
"12300";9139;7164;444;6720;4205;2515
"12301";1645;1417;73;1344;794;550
"12303";240;223;12;211;94;117
"12304";97;89;5;84;27;57
"12305";1021;880;46;834;660;174
"12307";298;261;18;243;65;178
"13001";90498;72965;2947;70018;32844;37174
"13002";16636;14164;914;13250;5281;7969
"13003";1837;1579;85;1494;636;858
"13004";37308;30086;1780;28306;14776;13530
"13005";32049;25927;1518;24409;11860;12549
"13006";1215;1026;83;943;414;529
"13007";8588;7261;425;6836;2933;3903
"13008";419;369;17;352;143;209
"13009";652;589;28;561;168;393
"13010";3086;2591;133;2458;903;1555
"13011";391;348;18;330;104;226
"13012";449;384;13;371;162;209
"13013";1359;1213;71;1142;514;628
"13014";9072;7319;447;6872;3819;3053
"13015";11141;9465;441;9024;3567;5457
"13016";4265;3685;235;3450;1563;1887
"13017";1278;1119;85;1034;371;663
"13018";3238;2518;139;2379;935;1444
"13019";7723;6359;269;6090;2222;3868
"13020";1790;1465;81;1384;708;676
"13021";5504;4735;204;4531;1268;3263
"13022";6512;5514;204;5310;1486;3824
"13023";3500;2947;169;2778;985;1793
"13024";1767;1463;89;1374;630;744
"13025";1808;1541;64;1477;636;841
"13026";9664;7994;533;7461;3320;4141
"13027";10211;8559;523;8036;3061;4975
"13028";27384;22345;1240;21105;9546;11559
"13029";1123;955;85;870;309;561
"13030";3526;2994;183;2811;1282;1529
"13031";2587;2145;140;2005;870;1135
"13032";6403;5235;236;4999;1924;3075
"13033";4225;3549;221;3328;1304;2024
"13034";1566;1367;59;1308;475;833
"13035";5518;4387;271;4116;1557;2559
"13036";3259;2716;131;2585;854;1731
"13037";5696;4705;314;4391;1886;2505
"13038";3146;2750;182;2568;1065;1503
"13039";12027;9508;684;8824;4663;4161
"13040";6807;5884;310;5574;2661;2913
"13041";15858;12302;732;11570;6213;5357
"13042";5308;4473;217;4256;1569;2687
"13043";7522;5992;377;5615;2311;3304
"13044";3726;3149;199;2950;1205;1745
"13045";3334;2674;171;2503;901;1602
"13046";3250;2703;179;2524;1354;1170
"13047";30054;24570;1720;22850;11636;11214
"13048";3562;2881;168;2713;1264;1449
"13049";1481;1282;88;1194;469;725
"13050";7164;5991;344;5647;2434;3213
"13051";6569;5347;379;4968;1827;3141
"13052";1732;1509;94;1415;445;970
"13053";4663;3693;233;3460;1473;1987
"13054";22100;17661;1275;16386;6502;9884
"13055";484121;382975;17708;365267;185797;179470
"13056";33424;27630;1845;25785;13800;11985
"13057";383;330;20;310;131;179
"13058";1776;1534;73;1461;485;976
"13059";2794;2243;124;2119;985;1134
"13060";4111;3443;218;3225;1367;1858
"13061";206;190;13;177;49;128
"13062";3721;3154;158;2996;1417;1579
"13063";16022;12602;978;11624;6132;5492
"13064";1969;1666;90;1576;501;1075
"13065";2554;2176;169;2007;837;1170
"13066";4217;3513;231;3282;1402;1880
"13067";1996;1597;89;1508;661;847
"13068";1189;1025;58;967;351;616
"13069";8127;6669;381;6288;2613;3675
"13070";4811;3950;238;3712;1722;1990
"13071";17303;13666;907;12759;5202;7557
"13072";2515;2135;117;2018;914;1104
"13073";4455;3725;221;3504;1578;1926
"13074";3296;2764;140;2624;1250;1374
"13075";9041;7440;417;7023;2414;4609
"13076";2137;1795;120;1675;644;1031
"13077";11564;9011;506;8505;5707;2798
"13078";6307;5219;419;4800;2925;1875
"13079";1152;1016;55;961;414;547
"13080";4118;3429;183;3246;1493;1753
"13081";9236;7289;509;6780;2853;3927
"13082";3658;3121;156;2965;1345;1620
"13083";3144;2758;177;2581;851;1730
"13084";3453;2893;150;2743;1491;1252
"13085";4114;3481;217;3264;1436;1828
"13086";6555;5577;269;5308;2285;3023
"13087";3404;2962;168;2794;1509;1285
"13088";3946;3287;212;3075;1584;1491
"13089";2311;1891;112;1779;678;1101
"13090";126;111;1;110;35;75
"13091";4451;3714;214;3500;1414;2086
"13092";5726;4633;345;4288;1994;2294
"13093";261;241;16;225;79;146
"13094";1806;1559;94;1465;512;953
"13095";940;800;37;763;257;506
"13096";2676;2346;114;2232;580;1652
"13097";8622;7479;510;6969;3293;3676
"13098";4761;3950;221;3729;1721;2008
"13099";687;573;48;525;245;280
"13100";8265;6876;455;6421;2486;3935
"13101";2359;1918;113;1805;912;893
"13102";4751;3814;224;3590;1353;2237
"13103";28883;23429;1339;22090;9290;12800
"13104";6746;5598;293;5305;1996;3309
"13105";4594;3895;308;3587;1438;2149
"13106";8081;6407;397;6010;3025;2985
"13107";4406;3711;204;3507;1615;1892
"13108";9422;7226;564;6662;2883;3779
"13109";1955;1586;55;1531;652;879
"13110";7950;6593;415;6178;2770;3408
"13111";706;692;124;568;277;291
"13112";6836;5768;347;5421;2333;3088
"13113";6814;5828;274;5554;2464;3090
"13114";4274;3643;169;3474;1182;2292
"13115";1157;946;56;890;360;530
"13116";584;510;35;475;181;294
"13117";24330;19413;1133;18280;8995;9285
"13118";2533;2233;106;2127;895;1232
"13119";5373;4377;215;4162;1336;2826
"14001";901;772;51;721;318;403
"14002";119;103;4;99;59;40
"14003";218;194;8;186;98;88
"14004";146;129;14;115;45;70
"14005";514;454;28;426;218;208
"14006";742;668;41;627;321;306
"14007";165;144;18;126;68;58
"14008";233;201;9;192;107;85
"14009";980;861;64;797;477;320
"14011";792;653;34;619;343;276
"14012";106;97;4;93;44;49
"14013";23;22;2;20;8;12
"14014";603;545;25;520;265;255
"14015";565;486;23;463;231;232
"14016";379;304;21;283;100;183
"14019";192;167;13;154;91;63
"14020";2626;2195;122;2073;1142;931
"14021";486;412;15;397;181;216
"14022";530;451;16;435;181;254
"14023";45;43;2;41;9;32
"14024";314;286;17;269;101;168
"14025";250;218;15;203;102;101
"14026";781;674;33;641;368;273
"14027";2089;1644;108;1536;839;697
"14028";248;203;12;191;82;109
"14029";41;35;3;32;7;25
"14030";1151;1033;44;989;564;425
"14031";61;50;2;48;21;27
"14032";267;225;9;216;60;156
"14033";187;171;11;160;68;92
"14034";378;342;21;321;176;145
"14035";675;528;36;492;265;227
"14036";114;99;4;95;35;60
"14037";339;293;26;267;156;111
"14038";496;426;21;405;244;161
"14039";534;459;47;412;258;154
"14040";157;144;7;137;88;49
"14041";124;110;5;105;37;68
"14042";633;570;32;538;282;256
"14043";76;69;3;66;28;38
"14044";799;665;41;624;350;274
"14045";224;177;5;172;69;103
"14046";1279;1115;56;1059;616;443
"14047";9394;7608;370;7238;3954;3284
"14049";113;104;6;98;33;65
"14050";135;108;6;102;48;54
"14052";137;118;6;112;69;43
"14053";126;105;7;98;47;51
"14054";165;134;11;123;50;73
"14055";357;324;19;305;104;201
"14056";200;171;17;154;97;57
"14057";1140;985;49;936;605;331
"14058";103;90;5;85;21;64
"14059";420;366;9;357;69;288
"14060";1579;1412;87;1325;781;544
"14061";818;679;46;633;322;311
"14062";274;244;9;235;108;127
"14063";159;129;9;120;57;63
"14064";199;159;14;145;63;82
"14065";411;335;26;309;164;145
"14066";1894;1550;89;1461;785;676
"14068";2062;1811;89;1722;829;893
"14069";952;817;44;773;416;357
"14070";200;174;21;153;53;100
"14073";168;131;11;120;49;71
"14074";248;221;10;211;105;106
"14075";139;122;3;119;67;52
"14076";4126;3402;169;3233;2162;1071
"14077";540;449;17;432;155;277
"14078";287;255;25;230;119;111
"14079";1277;1094;51;1043;321;722
"14080";101;74;5;69;39;30
"14081";174;151;7;144;52;92
"14082";150;118;11;107;41;66
"14083";551;487;20;467;193;274
"14084";290;250;20;230;113;117
"14085";656;567;32;535;195;340
"14086";297;270;12;258;62;196
"14087";99;84;9;75;32;43
"14088";336;276;23;253;166;87
"14089";266;233;17;216;127;89
"14090";372;321;23;298;174;124
"14091";162;139;7;132;33;99
"14092";1012;831;51;780;461;319
"14093";162;140;6;134;40;94
"14096";177;154;13;141;66;75
"14097";209;194;13;181;118;63
"14098";1890;1632;108;1524;869;655
"14099";255;206;11;195;88;107
"14100";1159;1052;69;983;612;371
"14101";3132;2723;125;2598;1418;1180
"14102";768;679;38;641;222;419
"14103";280;256;12;244;108;136
"14104";134;119;0;119;30;89
"14105";105;87;4;83;25;58
"14106";504;450;25;425;255;170
"14107";116;93;11;82;33;49
"14109";309;283;16;267;141;126
"14110";114;96;5;91;22;69
"14111";278;237;22;215;110;105
"14113";281;225;22;203;109;94
"14115";103;89;5;84;31;53
"14116";88;79;5;74;46;28
"14117";3282;2629;114;2515;995;1520
"14118";60518;49190;2255;46935;28473;18462
"14119";1060;912;55;857;557;300
"14120";974;827;59;768;356;412
"14121";220;171;10;161;76;85
"14122";92;72;8;64;31;33
"14123";1503;1278;47;1231;668;563
"14124";475;375;29;346;132;214
"14125";1177;1040;43;997;512;485
"14126";966;794;32;762;321;441
"14127";327;287;18;269;154;115
"14128";95;76;10;66;17;49
"14129";405;346;27;319;134;185
"14130";139;113;13;100;57;43
"14131";180;150;6;144;32;112
"14132";167;146;2;144;42;102
"14134";144;127;5;122;42;80
"14135";224;199;8;191;115;76
"14136";61;55;1;54;22;32
"14137";1719;1475;97;1378;764;614
"14138";225;173;9;164;71;93
"14139";289;235;16;219;89;130
"14140";267;230;17;213;103;110
"14141";114;99;7;92;38;54
"14142";214;188;20;168;61;107
"14143";823;606;39;567;279;288
"14144";65;58;1;57;35;22
"14145";314;284;16;268;133;135
"14146";123;102;10;92;56;36
"14147";120;95;2;93;31;62
"14148";98;85;4;81;41;40
"14149";262;226;18;208;129;79
"14150";389;344;21;323;202;121
"14151";273;218;11;207;124;83
"14152";72;56;5;51;22;29
"14153";47;38;2;36;5;31
"14154";411;341;24;317;167;150
"14155";201;185;15;170;70;100
"14156";170;150;5;145;70;75
"14157";862;778;45;733;384;349
"14158";367;317;18;299;178;121
"14159";181;161;7;154;72;82
"14160";144;121;4;117;66;51
"14161";283;253;12;241;61;180
"14162";980;825;57;768;383;385
"14163";248;222;14;208;92;116
"14164";809;720;30;690;422;268
"14165";143;121;2;119;61;58
"14166";1958;1712;138;1574;834;740
"14167";4118;3215;162;3053;2218;835
"14168";163;142;10;132;53;79
"14169";142;120;4;116;84;32
"14170";336;311;13;298;146;152
"14171";105;90;3;87;56;31
"14172";377;318;12;306;125;181
"14173";342;309;24;285;156;129
"14174";3524;2903;197;2706;1552;1154
"14175";169;142;8;134;90;44
"14176";73;58;2;56;28;28
"14177";651;562;27;535;210;325
"14178";45;35;2;33;18;15
"14179";114;104;6;98;37;61
"14180";121;99;10;89;52;37
"14181";3669;3084;185;2899;1714;1185
"14182";289;236;17;219;104;115
"14183";96;77;1;76;44;32
"14184";139;126;12;114;58;56
"14185";247;211;13;198;62;136
"14186";264;250;13;237;125;112
"14187";582;515;26;489;262;227
"14188";263;228;19;209;94;115
"14189";34;34;3;31;7;24
"14190";124;108;8;100;42;58
"14191";3423;2913;159;2754;1305;1449
"14192";348;299;22;277;118;159
"14193";589;500;30;470;248;222
"14194";484;424;32;392;179;213
"14195";183;148;19;129;59;70
"14196";190;175;6;169;74;95
"14197";987;862;39;823;469;354
"14198";214;182;19;163;76;87
"14200";1159;1040;128;912;545;367
"14201";309;242;17;225;103;122
"14202";171;155;5;150;31;119
"14203";145;126;6;120;53;67
"14204";180;156;9;147;50;97
"14205";150;130;13;117;57;60
"14206";233;199;7;192;89;103
"14207";387;336;24;312;172;140
"14208";344;287;15;272;162;110
"14209";422;357;23;334;180;154
"14210";98;74;1;73;27;46
"14211";268;228;16;212;103;109
"14212";137;119;1;118;50;68
"14213";376;332;21;311;205;106
"14214";145;111;5;106;60;46
"14215";1468;1275;85;1190;761;429
"14216";149;132;7;125;60;65
"14217";108;96;6;90;45;45
"14218";254;204;9;195;68;127
"14219";130;100;7;93;50;43
"14220";3732;2920;99;2821;774;2047
"14221";2450;2144;129;2015;1315;700
"14222";60;50;5;45;10;35
"14223";78;64;4;60;25;35
"14224";57;45;6;39;18;21
"14225";4341;3545;201;3344;2142;1202
"14226";197;164;11;153;80;73
"14227";199;179;13;166;65;101
"14228";3967;3324;149;3175;1763;1412
"14229";1191;967;50;917;422;495
"14230";105;92;9;83;32;51
"14231";356;292;15;277;125;152
"14232";138;121;12;109;65;44
"14235";162;145;5;140;54;86
"14236";294;251;11;240;137;103
"14237";422;356;28;328;174;154
"14238";111;99;6;93;24;69
"14239";81;64;5;59;14;45
"14240";374;330;18;312;185;127
"14241";478;422;31;391;201;190
"14242";1066;938;49;889;498;391
"14243";943;811;31;780;320;460
"14244";243;222;9;213;107;106
"14245";231;194;9;185;101;84
"14246";530;460;25;435;237;198
"14248";162;146;12;134;81;53
"14249";932;836;39;797;444;353
"14250";278;239;13;226;128;98
"14251";364;309;13;296;153;143
"14252";156;136;10;126;65;61
"14253";242;197;17;180;70;110
"14254";1027;927;41;886;491;395
"14255";231;211;20;191;113;78
"14256";239;208;11;197;90;107
"14257";1205;1099;61;1038;510;528
"14258";5547;4284;245;4039;2362;1677
"14259";106;86;4;82;23;59
"14260";212;193;2;191;67;124
"14261";241;215;10;205;66;139
"14264";194;158;9;149;60;89
"14265";493;394;23;371;227;144
"14266";1021;893;42;851;447;404
"14268";396;331;15;316;188;128
"14269";161;138;6;132;37;95
"14270";329;292;24;268;102;166
"14271";2950;2470;118;2352;1579;773
"14272";101;78;3;75;26;49
"14273";155;111;6;105;36;69
"14274";1545;1403;74;1329;697;632
"14275";346;317;9;308;151;157
"14276";266;225;11;214;119;95
"14277";1233;1069;70;999;617;382
"14278";785;692;39;653;363;290
"14279";121;102;8;94;49;45
"14280";181;155;5;150;57;93
"14281";194;149;7;142;49;93
"14282";144;127;6;121;45;76
"14283";147;122;8;114;64;50
"14284";146;127;8;119;78;41
"14285";54;38;5;33;8;25
"14286";324;281;14;267;117;150
"14287";1320;1168;61;1107;629;478
"14288";652;580;22;558;331;227
"14289";372;342;23;319;182;137
"14290";568;471;28;443;284;159
"14291";195;181;16;165;64;101
"14292";215;161;8;153;57;96
"14293";228;197;9;188;59;129
"14294";596;512;22;490;290;200
"14296";183;140;8;132;53;79
"14297";292;256;13;243;132;111
"14298";124;110;9;101;34;67
"14299";524;443;36;407;155;252
"14300";45;41;6;35;16;19
"14301";3638;3022;161;2861;1989;872
"14302";155;144;8;136;46;90
"14303";748;625;47;578;242;336
"14304";697;596;35;561;224;337
"14305";574;494;19;475;145;330
"14306";315;283;14;269;116;153
"14307";137;116;6;110;68;42
"14308";146;122;4;118;40;78
"14309";596;511;35;476;356;120
"14310";500;448;33;415;226;189
"14311";706;601;28;573;326;247
"14312";1508;1180;67;1113;394;719
"14313";62;58;3;55;24;31
"14316";228;221;39;182;74;108
"14317";913;797;50;747;428;319
"14318";454;380;17;363;199;164
"14319";675;565;22;543;366;177
"14320";223;183;13;170;89;81
"14322";188;170;11;159;47;112
"14324";332;295;14;281;146;135
"14325";2391;1975;82;1893;987;906
"14326";653;582;38;544;217;327
"14327";13216;10482;482;10000;7228;2772
"14328";891;790;56;734;480;254
"14329";83;61;2;59;21;38
"14330";146;131;6;125;37;88
"14331";210;184;9;175;66;109
"14332";521;439;40;399;237;162
"14333";5621;4270;208;4062;2127;1935
"14334";213;176;6;170;56;114
"14335";265;229;8;221;78;143
"14336";331;292;24;268;128;140
"14337";223;206;11;195;87;108
"14338";1753;1461;65;1396;560;836
"14339";234;211;12;199;95;104
"14341";7207;6029;301;5728;3582;2146
"14342";2035;1575;76;1499;676;823
"14343";58;48;3;45;21;24
"14344";344;298;18;280;109;171
"14345";245;193;9;184;84;100
"14346";548;467;27;440;198;242
"14347";493;384;31;353;194;159
"14348";64;60;2;58;25;33
"14349";427;373;34;339;187;152
"14350";45;41;2;39;22;17
"14352";670;560;35;525;183;342
"14353";290;256;13;243;125;118
"14354";1458;1241;53;1188;685;503
"14355";520;455;21;434;265;169
"14356";479;429;14;415;182;233
"14357";250;200;17;183;67;116
"14358";68;64;5;59;19;40
"14359";131;105;10;95;48;47
"14360";122;112;5;107;58;49
"14361";131;110;11;99;41;58
"14362";139;109;5;104;39;65
"14364";343;306;12;294;120;174
"14365";2110;1791;86;1705;981;724
"14366";14167;10719;591;10128;5322;4806
"14367";354;308;18;290;124;166
"14368";266;208;11;197;81;116
"14369";216;170;15;155;70;85
"14370";2121;1723;113;1610;821;789
"14371";1571;1299;80;1219;549;670
"14372";627;529;30;499;244;255
"14373";208;179;7;172;101;71
"14374";99;86;5;81;39;42
"14375";130;100;10;90;65;25
"14376";166;148;6;142;75;67
"14377";497;438;32;406;189;217
"14378";228;195;16;179;62;117
"14379";288;244;15;229;116;113
"14380";132;124;7;117;49;68
"14381";65;57;8;49;10;39
"14382";71;63;2;61;32;29
"14383";2036;1729;103;1626;964;662
"14384";2661;2219;119;2100;1114;986
"14385";118;95;5;90;39;51
"14386";448;383;16;367;210;157
"14387";260;223;14;209;107;102
"14388";362;301;22;279;147;132
"14389";183;149;14;135;61;74
"14390";155;132;7;125;69;56
"14391";267;244;9;235;93;142
"14393";258;223;17;206;114;92
"14394";353;285;23;262;171;91
"14395";23;19;1;18;10;8
"14396";618;565;28;537;291;246
"14397";261;218;7;211;85;126
"14398";449;373;21;352;144;208
"14399";291;248;10;238;93;145
"14400";136;123;5;118;48;70
"14401";98;88;2;86;42;44
"14402";76;64;2;62;36;26
"14403";580;511;30;481;194;287
"14404";78;62;1;61;16;45
"14405";258;225;14;211;95;116
"14406";289;256;10;246;120;126
"14407";1685;1499;65;1434;622;812
"14408";1437;1233;80;1153;724;429
"14409";1722;1455;79;1376;592;784
"14410";698;612;38;574;339;235
"14411";166;148;5;143;73;70
"14412";57;46;3;43;18;25
"14413";229;191;12;179;88;91
"14414";176;157;15;142;53;89
"14415";35;32;1;31;16;15
"14416";82;77;7;70;37;33
"14417";733;625;42;583;319;264
"14418";247;207;15;192;84;108
"14419";262;203;15;188;64;124
"14420";198;178;15;163;67;96
"14421";439;389;13;376;184;192
"14422";794;681;36;645;268;377
"14423";216;188;12;176;79;97
"14424";152;122;13;109;45;64
"14425";147;124;7;117;48;69
"14426";158;139;10;129;43;86
"14427";220;200;13;187;108;79
"14429";303;230;24;206;86;120
"14430";144;128;7;121;36;85
"14431";3234;2604;171;2433;1633;800
"14432";400;342;13;329;154;175
"14433";126;99;6;93;43;50
"14435";147;128;2;126;47;79
"14436";395;351;17;334;173;161
"14437";6956;5735;316;5419;3635;1784
"14438";374;313;22;291;162;129
"14439";91;77;3;74;15;59
"14440";72;54;3;51;20;31
"14441";184;155;15;140;59;81
"14442";382;331;22;309;187;122
"14443";265;201;9;192;70;122
"14444";115;100;8;92;35;57
"14445";83;78;3;75;32;43
"14446";64;64;13;51;22;29
"14448";47;38;1;37;17;20
"14449";347;309;17;292;135;157
"14450";169;127;7;120;48;72
"14452";403;334;18;316;164;152
"14453";261;233;17;216;99;117
"14454";964;861;42;819;464;355
"14455";194;169;10;159;95;64
"14456";1371;1196;72;1124;632;492
"14457";96;80;2;78;24;54
"14458";254;207;10;197;84;113
"14459";63;56;1;55;12;43
"14460";1027;871;52;819;315;504
"14461";274;245;19;226;132;94
"14462";359;284;19;265;132;133
"14465";368;329;15;314;167;147
"14466";249;209;16;193;60;133
"14467";216;179;18;161;87;74
"14468";257;231;16;215;108;107
"14469";86;78;4;74;33;41
"14471";302;258;17;241;87;154
"14473";99;85;5;80;29;51
"14474";130;107;5;102;28;74
"14475";810;709;38;671;377;294
"14476";162;142;10;132;72;60
"14477";232;199;12;187;103;84
"14478";1521;1215;77;1138;481;657
"14480";410;339;13;326;134;192
"14481";211;173;9;164;60;104
"14482";170;159;7;152;84;68
"14483";152;125;10;115;64;51
"14484";149;135;4;131;48;83
"14486";406;342;31;311;185;126
"14487";653;579;29;550;217;333
"14488";7710;6184;278;5906;2935;2971
"14489";222;171;8;163;83;80
"14491";150;133;17;116;80;36
"14492";254;228;9;219;52;167
"14493";200;167;15;152;72;80
"14494";114;95;4;91;29;62
"14495";398;364;20;344;137;207
"14496";42;40;2;38;22;16
"14497";229;193;16;177;114;63
"14498";178;155;9;146;72;74
"14499";399;344;22;322;159;163
"14500";129;112;5;107;30;77
"14501";185;163;15;148;81;67
"14502";74;58;3;55;25;30
"14503";179;159;7;152;93;59
"14504";574;492;39;453;174;279
"14505";116;101;7;94;45;49
"14506";197;171;9;162;67;95
"14508";254;209;22;187;90;97
"14509";191;168;3;165;77;88
"14510";42;38;6;32;18;14
"14511";64;54;1;53;27;26
"14512";76;68;8;60;36;24
"14513";371;316;17;299;144;155
"14514";3111;2476;115;2361;1033;1328
"14515";1599;1278;58;1220;488;732
"14516";1307;1109;74;1035;735;300
"14517";70;66;2;64;26;38
"14518";46;40;4;36;9;27
"14519";89;85;6;79;43;36
"14520";615;536;40;496;214;282
"14521";190;167;8;159;52;107
"14522";310;274;30;244;110;134
"14523";297;257;27;230;122;108
"14524";257;226;6;220;100;120
"14525";309;271;16;255;138;117
"14527";247;209;10;199;82;117
"14528";296;230;9;221;60;161
"14529";166;144;8;136;78;58
"14530";1471;1227;68;1159;641;518
"14531";38;35;1;34;12;22
"14532";205;177;17;160;84;76
"14533";75;57;5;52;19;33
"14534";283;242;11;231;70;161
"14535";445;390;24;366;214;152
"14536";1388;1156;68;1088;555;533
"14538";529;478;23;455;285;170
"14539";77;65;11;54;32;22
"14540";300;264;11;253;59;194
"14541";115;94;7;87;38;49
"14542";492;427;17;410;213;197
"14543";1030;938;42;896;446;450
"14544";144;131;6;125;64;61
"14545";749;685;45;640;351;289
"14546";159;138;4;134;78;56
"14547";98;85;3;82;32;50
"14548";120;105;3;102;58;44
"14549";168;145;15;130;54;76
"14550";79;71;4;67;20;47
"14551";132;111;6;105;41;64
"14552";390;336;25;311;152;159
"14553";94;76;5;71;26;45
"14554";332;307;25;282;165;117
"14555";346;298;12;286;100;186
"14556";1335;1164;60;1104;681;423
"14557";938;792;47;745;239;506
"14558";589;523;22;501;222;279
"14559";194;147;9;138;48;90
"14562";1854;1545;72;1473;766;707
"14563";296;268;16;252;110;142
"14564";144;129;6;123;68;55
"14565";222;220;30;190;67;123
"14566";1987;1744;83;1661;817;844
"14568";229;203;9;194;110;84
"14569";194;170;8;162;76;86
"14570";479;404;24;380;191;189
"14571";239;204;9;195;74;121
"14572";632;538;39;499;258;241
"14573";68;57;5;52;24;28
"14574";1368;1122;71;1051;453;598
"14575";380;323;16;307;90;217
"14576";128;110;7;103;39;64
"14577";233;192;9;183;91;92
"14578";1128;954;52;902;342;560
"14579";568;463;33;430;208;222
"14580";96;81;5;76;28;48
"14581";225;188;16;172;104;68
"14582";569;499;35;464;216;248
"14583";138;127;2;125;33;92
"14584";1537;1343;90;1253;666;587
"14585";740;644;47;597;313;284
"14586";143;123;2;121;39;82
"14587";1729;1446;77;1369;899;470
"14588";206;180;13;167;97;70
"14589";672;592;36;556;376;180
"14590";106;85;2;83;27;56
"14591";417;345;18;327;136;191
"14592";1047;905;61;844;440;404
"14593";566;451;26;425;158;267
"14595";184;160;6;154;54;100
"14596";157;136;7;129;68;61
"14597";261;217;13;204;91;113
"14598";159;141;11;130;43;87
"14599";374;319;26;293;135;158
"14600";477;417;37;380;158;222
"14601";160;138;9;129;46;83
"14602";181;146;8;138;73;65
"14603";354;308;19;289;174;115
"14604";158;139;9;130;55;75
"14605";268;227;10;217;97;120
"14606";146;129;2;127;62;65
"14607";138;121;9;112;49;63
"14608";161;130;4;126;53;73
"14609";288;251;17;234;107;127
"14610";1344;1156;69;1087;523;564
"14611";406;352;25;327;158;169
"14613";87;71;5;66;25;41
"14614";629;497;35;462;233;229
"14615";157;136;7;129;66;63
"14616";319;241;16;225;100;125
"14618";467;403;28;375;195;180
"14619";74;63;4;59;13;46
"14620";341;273;10;263;78;185
"14621";411;308;30;278;115;163
"14622";108;88;7;81;43;38
"14623";1873;1593;88;1505;840;665
"14625";684;587;37;550;273;277
"14626";676;557;47;510;261;249
"14627";318;262;15;247;140;107
"14628";438;356;16;340;182;158
"14629";858;674;51;623;293;330
"14630";545;450;25;425;224;201
"14632";198;162;11;151;62;89
"14633";86;77;1;76;39;37
"14634";136;122;7;115;47;68
"14635";125;111;8;103;55;48
"14636";264;216;16;200;99;101
"14637";152;137;10;127;71;56
"14638";79;69;1;68;24;44
"14639";228;193;14;179;76;103
"14640";188;174;7;167;55;112
"14643";570;455;37;418;245;173
"14644";516;449;20;429;165;264
"14645";143;133;8;125;27;98
"14646";303;279;19;260;142;118
"14647";363;316;23;293;119;174
"14648";356;312;20;292;117;175
"14649";313;278;19;259;137;122
"14650";133;103;9;94;55;39
"14651";166;131;13;118;60;58
"14652";71;53;1;52;22;30
"14653";294;245;21;224;105;119
"14654";2420;1767;93;1674;819;855
"14655";270;221;11;210;110;100
"14656";778;644;50;594;352;242
"14657";248;229;14;215;95;120
"14658";964;783;42;741;345;396
"14659";879;758;39;719;377;342
"14660";84;67;1;66;7;59
"14661";112;103;6;97;41;56
"14662";186;146;6;140;76;64
"14663";1614;1378;82;1296;631;665
"14664";177;145;7;138;52;86
"14665";222;186;11;175;80;95
"14666";1322;1127;70;1057;592;465
"14667";173;146;7;139;71;68
"14668";176;145;8;137;62;75
"14669";145;127;8;119;48;71
"14670";293;265;11;254;116;138
"14671";294;246;8;238;84;154
"14672";317;257;19;238;92;146
"14674";69;67;2;65;34;31
"14675";1526;1358;84;1274;762;512
"14676";790;691;37;654;367;287
"14677";211;178;11;167;87;80
"14678";414;347;17;330;206;124
"14679";491;431;29;402;210;192
"14680";122;102;6;96;27;69
"14681";106;94;12;82;24;58
"14682";402;358;24;334;144;190
"14684";175;154;11;143;63;80
"14685";1135;1029;54;975;586;389
"14686";190;159;8;151;60;91
"14687";138;115;14;101;44;57
"14688";244;201;13;188;96;92
"14689";1407;1175;63;1112;619;493
"14690";118;118;26;92;52;40
"14691";96;86;6;80;38;42
"14692";1246;1175;262;913;499;414
"14693";201;168;7;161;43;118
"14694";353;313;23;290;107;183
"14695";305;257;16;241;131;110
"14696";111;93;4;89;29;60
"14697";1121;940;35;905;417;488
"14698";230;175;7;168;85;83
"14699";2919;2339;109;2230;833;1397
"14700";413;373;26;347;154;193
"14701";824;709;23;686;125;561
"14702";262;226;12;214;116;98
"14703";260;224;11;213;116;97
"14704";420;350;24;326;160;166
"14705";137;116;8;108;56;52
"14706";233;204;9;195;60;135
"14707";810;715;50;665;395;270
"14708";265;210;11;199;99;100
"14709";282;257;20;237;95;142
"14710";83;69;1;68;21;47
"14711";749;589;38;551;229;322
"14712";2588;2216;103;2113;1149;964
"14713";279;238;17;221;96;125
"14714";555;475;33;442;226;216
"14715";4049;3123;134;2989;1180;1809
"14716";176;145;10;135;52;83
"14717";459;405;29;376;157;219
"14718";90;84;0;84;34;50
"14719";379;332;21;311;171;140
"14720";627;544;39;505;300;205
"14721";366;327;27;300;150;150
"14722";228;193;12;181;73;108
"14723";233;200;12;188;65;123
"14724";821;706;38;668;220;448
"14726";1308;1111;92;1019;498;521
"14727";348;258;19;239;127;112
"14728";306;268;13;255;102;153
"14729";161;136;10;126;70;56
"14730";1180;1053;52;1001;524;477
"14731";210;166;5;161;58;103
"14732";257;228;11;217;116;101
"14733";226;205;11;194;106;88
"14734";229;207;14;193;95;98
"14735";635;500;30;470;225;245
"14737";318;278;14;264;115;149
"14738";2701;2330;129;2201;1321;880
"14739";1226;1078;64;1014;492;522
"14740";787;631;35;596;263;333
"14741";74;68;2;66;33;33
"14742";52;40;8;32;10;22
"14743";109;95;6;89;16;73
"14744";237;208;9;199;90;109
"14745";253;212;8;204;63;141
"14746";609;511;52;459;232;227
"14747";492;446;32;414;269;145
"14748";90;71;5;66;20;46
"14749";333;291;24;267;173;94
"14750";238;196;10;186;82;104
"14751";211;188;10;178;75;103
"14752";2024;1699;112;1587;865;722
"14753";492;432;27;405;233;172
"14754";2301;1864;75;1789;598;1191
"14755";595;528;22;506;227;279
"14756";154;134;8;126;63;63
"14757";225;194;10;184;110;74
"14758";583;505;29;476;236;240
"14759";203;182;11;171;83;88
"14760";543;473;33;440;249;191
"14761";463;396;15;381;207;174
"14762";8376;6707;387;6320;3562;2758
"14763";140;112;4;108;42;66
"14764";740;625;45;580;344;236
"15001";822;651;42;609;330;279
"15002";191;164;18;146;51;95
"15003";601;504;21;483;272;211
"15004";374;316;23;293;143;150
"15005";269;245;21;224;107;117
"15006";661;557;35;522;236;286
"15007";106;93;4;89;24;65
"15008";241;208;10;198;111;87
"15009";232;187;5;182;107;75
"15010";172;152;14;138;92;46
"15011";181;162;9;153;78;75
"15012";5058;4337;277;4060;2372;1688
"15013";206;167;17;150;62;88
"15014";18638;14980;814;14166;8743;5423
"15015";210;170;11;159;77;82
"15016";489;423;31;392;205;187
"15017";118;99;8;91;32;59
"15018";124;102;9;93;41;52
"15019";210;184;7;177;131;46
"15020";95;69;3;66;23;43
"15021";539;463;33;430;200;230
"15022";179;160;14;146;75;71
"15024";74;60;9;51;23;28
"15025";250;224;13;211;79;132
"15026";205;178;13;165;63;102
"15027";382;319;18;301;142;159
"15028";305;275;18;257;122;135
"15029";479;401;22;379;176;203
"15030";215;182;15;167;97;70
"15031";215;174;8;166;68;98
"15032";75;66;3;63;32;31
"15033";246;204;6;198;68;130
"15034";174;149;13;136;57;79
"15035";419;351;17;334;157;177
"15036";480;372;31;341;161;180
"15037";957;761;42;719;510;209
"15038";944;776;41;735;462;273
"15040";135;102;8;94;39;55
"15041";218;190;6;184;73;111
"15042";301;261;18;243;70;173
"15043";109;91;9;82;34;48
"15044";126;113;12;101;52;49
"15045";707;618;39;579;223;356
"15046";211;184;16;168;107;61
"15047";109;97;13;84;31;53
"15048";41;32;1;31;6;25
"15049";268;224;8;216;70;146
"15050";231;179;8;171;59;112
"15051";224;179;11;168;55;113
"15052";189;149;13;136;74;62
"15053";390;331;33;298;196;102
"15054";814;659;49;610;310;300
"15055";353;306;20;286;142;144
"15056";543;488;21;467;274;193
"15057";210;179;8;171;90;81
"15058";147;125;10;115;60;55
"15059";124;118;3;115;54;61
"15060";50;42;2;40;10;30
"15061";276;240;6;234;78;156
"15063";357;303;27;276;149;127
"15064";69;52;6;46;21;25
"15065";75;66;2;64;25;39
"15066";155;124;8;116;69;47
"15067";51;44;3;41;18;23
"15068";328;258;14;244;93;151
"15069";284;231;18;213;93;120
"15070";239;196;14;182;92;90
"15071";66;58;4;54;32;22
"15072";185;148;12;136;76;60
"15073";96;82;1;81;21;60
"15074";616;538;26;512;248;264
"15075";69;54;7;47;15;32
"15076";196;162;5;157;87;70
"15077";56;53;2;51;6;45
"15078";135;121;10;111;38;73
"15079";366;319;13;306;184;122
"15080";167;135;12;123;47;76
"15081";112;102;2;100;47;53
"15082";291;247;10;237;81;156
"15083";1581;1374;79;1295;684;611
"15084";218;196;11;185;54;131
"15085";373;312;21;291;149;142
"15086";64;53;4;49;9;40
"15087";256;230;23;207;105;102
"15088";388;350;27;323;177;146
"15089";406;341;25;316;127;189
"15090";442;389;40;349;146;203
"15091";114;85;5;80;31;49
"15092";1242;1062;60;1002;579;423
"15093";95;80;8;72;20;52
"15094";644;546;27;519;298;221
"15095";283;243;10;233;100;133
"15096";251;211;20;191;85;106
"15097";116;101;6;95;39;56
"15098";112;93;9;84;30;54
"15099";220;181;8;173;77;96
"15100";97;85;3;82;29;53
"15101";481;413;26;387;183;204
"15102";116;103;5;98;34;64
"15103";212;173;6;167;74;93
"15104";305;262;20;242;120;122
"15105";39;37;0;37;9;28
"15106";162;148;8;140;32;108
"15107";192;156;10;146;60;86
"15108";415;360;23;337;160;177
"15110";168;138;5;133;69;64
"15111";204;171;11;160;83;77
"15112";105;91;11;80;17;63
"15113";250;207;11;196;77;119
"15114";472;383;17;366;150;216
"15116";186;152;9;143;63;80
"15117";510;457;49;408;182;226
"15118";596;521;28;493;220;273
"15119";1449;1238;78;1160;575;585
"15120";2835;2320;154;2166;1189;977
"15121";84;66;7;59;17;42
"15122";1694;1452;93;1359;796;563
"15123";162;143;7;136;62;74
"15124";469;396;16;380;218;162
"15125";112;96;2;94;37;57
"15126";109;87;10;77;26;51
"15127";261;224;15;209;111;98
"15128";140;119;6;113;56;57
"15129";215;171;14;157;85;72
"15130";128;111;6;105;37;68
"15131";254;204;14;190;83;107
"15132";60;51;1;50;12;38
"15133";95;86;9;77;41;36
"15134";657;591;26;565;249;316
"15135";98;94;4;90;32;58
"15136";294;239;24;215;88;127
"15137";274;232;11;221;108;113
"15138";1390;1193;64;1129;571;558
"15139";93;80;1;79;17;62
"15140";1685;1438;89;1349;794;555
"15141";812;691;44;647;338;309
"15142";971;839;46;793;321;472
"15143";111;100;6;94;38;56
"15144";265;241;16;225;110;115
"15145";234;193;13;180;71;109
"15146";164;134;7;127;19;108
"15147";275;242;20;222;136;86
"15148";398;337;13;324;129;195
"15149";181;152;6;146;36;110
"15150";226;200;10;190;98;92
"15151";176;138;13;125;44;81
"15152";675;582;26;556;187;369
"15153";1529;1298;82;1216;653;563
"15154";941;813;29;784;389;395
"15155";98;73;1;72;41;31
"15156";446;380;33;347;164;183
"15157";258;227;13;214;118;96
"15158";117;95;1;94;41;53
"15159";280;236;10;226;84;142
"15160";872;751;33;718;435;283
"15161";112;91;8;83;22;61
"15162";2188;1737;86;1651;903;748
"15163";813;696;45;651;319;332
"15164";499;439;28;411;170;241
"15165";183;151;10;141;81;60
"15166";207;177;21;156;69;87
"15167";103;90;5;85;41;44
"15168";527;445;22;423;198;225
"15169";719;599;34;565;319;246
"15170";239;199;12;187;91;96
"15171";152;130;4;126;56;70
"15172";108;92;5;87;39;48
"15173";158;126;3;123;58;65
"15174";270;227;23;204;62;142
"15175";837;697;33;664;286;378
"15176";212;184;19;165;75;90
"15178";121;99;3;96;28;68
"15179";218;192;13;179;66;113
"15180";70;64;3;61;35;26
"15181";515;446;29;417;239;178
"15182";107;90;7;83;52;31
"15183";104;84;1;83;34;49
"15184";598;533;33;500;280;220
"15185";220;169;12;157;91;66
"15186";202;158;14;144;75;69
"15187";4255;3514;245;3269;1582;1687
"15188";869;758;40;718;348;370
"15189";212;188;7;181;102;79
"15190";109;94;5;89;33;56
"15191";604;476;32;444;196;248
"15192";275;237;19;218;108;110
"15194";128;116;13;103;55;48
"15195";225;176;7;169;76;93
"15196";1135;991;67;924;473;451
"15197";79;70;3;67;31;36
"15198";107;94;3;91;24;67
"15199";68;52;2;50;17;33
"15200";147;118;11;107;55;52
"15201";230;196;6;190;59;131
"15202";716;594;42;552;305;247
"15203";155;137;5;132;49;83
"15204";1183;1053;66;987;622;365
"15205";132;110;7;103;40;63
"15206";157;126;5;121;55;66
"15207";313;284;17;267;113;154
"15208";134;111;2;109;48;61
"15209";125;109;5;104;16;88
"15211";262;218;9;209;112;97
"15212";274;233;26;207;120;87
"15213";243;192;14;178;68;110
"15214";177;161;13;148;102;46
"15215";947;840;57;783;413;370
"15216";364;318;13;305;61;244
"15217";88;77;4;73;29;44
"15218";90;66;1;65;36;29
"15219";299;265;12;253;92;161
"15220";165;142;8;134;67;67
"15221";1039;911;50;861;530;331
"15222";188;168;5;163;74;89
"15223";195;164;16;148;78;70
"15224";117;105;9;96;62;34
"15225";197;166;7;159;54;105
"15226";198;169;13;156;54;102
"15227";134;114;7;107;44;63
"15228";504;421;30;391;189;202
"15229";99;87;4;83;23;60
"15230";182;159;5;154;92;62
"15231";516;435;36;399;162;237
"15232";193;164;6;158;71;87
"15233";183;170;16;154;81;73
"15234";314;262;13;249;107;142
"15235";427;364;43;321;146;175
"15236";580;490;26;464;204;260
"15237";156;135;6;129;49;80
"15238";148;121;13;108;47;61
"15240";179;150;16;134;74;60
"15241";54;47;1;46;14;32
"15242";92;79;6;73;24;49
"15243";516;415;24;391;182;209
"15244";357;304;26;278;117;161
"15245";197;172;8;164;74;90
"15246";236;188;16;172;88;84
"15247";33;25;0;25;3;22
"15248";489;438;32;406;141;265
"15249";85;77;4;73;30;43
"15250";454;360;28;332;199;133
"15251";159;131;13;118;56;62
"15252";304;277;12;265;146;119
"15253";79;68;2;66;37;29
"15254";130;114;7;107;73;34
"15255";932;826;43;783;411;372
"15256";85;66;3;63;29;34
"15257";129;108;8;100;54;46
"15258";1534;1320;96;1224;600;624
"15259";237;207;10;197;80;117
"15260";97;82;6;76;39;37
"15261";816;685;53;632;333;299
"15262";481;410;30;380;174;206
"15263";145;125;7;118;53;65
"15264";261;206;16;190;103;87
"15265";1442;1234;70;1164;772;392
"15266";458;394;21;373;225;148
"15267";3225;2817;163;2654;1540;1114
"15268";753;648;36;612;348;264
"15269";126;102;9;93;55;38
"16001";382;308;17;291;149;142
"16002";340;290;30;260;164;96
"16003";611;515;31;484;277;207
"16004";231;195;14;181;107;74
"16005";724;611;28;583;278;305
"16007";414;335;15;320;216;104
"16008";269;223;15;208;119;89
"16009";281;242;21;221;140;81
"16010";144;118;7;111;46;65
"16011";395;346;23;323;186;137
"16012";387;328;19;309;162;147
"16013";323;277;16;261;132;129
"16014";93;76;4;72;33;39
"16015";26120;19751;990;18761;11303;7458
"16016";692;588;39;549;382;167
"16017";144;127;10;117;87;30
"16018";615;513;36;477;219;258
"16019";987;823;57;766;422;344
"16020";172;154;2;152;77;75
"16021";119;98;3;95;36;59
"16023";244;214;19;195;104;91
"16024";376;329;24;305;171;134
"16025";977;817;62;755;372;383
"16026";1027;910;48;862;536;326
"16027";120;109;6;103;58;45
"16028";3287;2684;144;2540;1484;1056
"16029";207;168;12;156;91;65
"16030";804;651;51;600;321;279
"16031";312;275;23;252;154;98
"16032";374;327;24;303;180;123
"16033";98;75;2;73;49;24
"16034";124;104;2;102;46;56
"16035";223;179;15;164;81;83
"16036";203;163;9;154;85;69
"16037";114;99;10;89;38;51
"16038";277;233;9;224;160;64
"16039";354;305;18;287;171;116
"16040";222;194;15;179;108;71
"16041";104;92;11;81;42;39
"16042";134;116;9;107;67;40
"16043";170;148;18;130;72;58
"16044";173;155;14;141;92;49
"16045";272;236;8;228;113;115
"16046";625;523;46;477;274;203
"16047";184;166;7;159;65;94
"16048";104;86;7;79;54;25
"16049";282;236;23;213;119;94
"16050";197;169;14;155;58;97
"16051";134;115;7;108;71;37
"16052";216;182;15;167;97;70
"16053";115;98;7;91;70;21
"16054";130;112;9;103;49;54
"16055";706;583;57;526;301;225
"16056";612;479;49;430;240;190
"16057";285;244;15;229;78;151
"16058";1078;927;57;870;505;365
"16059";125;106;8;98;57;41
"16060";389;319;20;299;164;135
"16061";2946;2455;151;2304;1566;738
"16062";102;88;2;86;53;33
"16063";145;115;14;101;49;52
"16064";734;634;59;575;310;265
"16065";413;352;14;338;210;128
"16066";384;324;20;304;204;100
"16067";351;312;23;289;164;125
"16068";401;336;25;311;177;134
"16069";285;245;16;229;152;77
"16070";1362;1103;70;1033;642;391
"16071";393;325;25;300;206;94
"16072";375;326;20;306;170;136
"16073";1382;1070;64;1006;599;407
"16074";236;206;21;185;111;74
"16075";200;169;16;153;81;72
"16076";758;617;34;583;382;201
"16077";430;370;28;342;183;159
"16078";4282;3672;249;3423;2028;1395
"16079";230;183;16;167;85;82
"16081";161;133;14;119;64;55
"16082";274;241;16;225;129;96
"16083";290;253;14;239;127;112
"16084";254;219;16;203;134;69
"16085";2220;1823;106;1717;1068;649
"16086";670;572;39;533;378;155
"16087";119;91;5;86;55;31
"16088";876;765;47;718;405;313
"16089";2590;2198;145;2053;1174;879
"16090";2448;2020;130;1890;1116;774
"16091";148;114;8;106;57;49
"16092";158;122;4;118;84;34
"16093";1187;1001;75;926;563;363
"16094";115;106;12;94;53;41
"16095";123;109;11;98;60;38
"16096";340;251;11;240;140;100
"16097";1925;1580;104;1476;787;689
"16098";122;96;8;88;33;55
"16099";139;120;10;110;75;35
"16100";566;482;28;454;310;144
"16101";686;606;34;572;351;221
"16102";12698;9724;530;9194;5098;4096
"16103";100;87;5;82;46;36
"16104";358;323;15;308;174;134
"16105";460;397;28;369;200;169
"16106";1990;1709;115;1594;988;606
"16107";346;292;17;275;163;112
"16108";124;87;8;79;31;48
"16109";441;368;20;348;214;134
"16110";338;282;18;264;146;118
"16111";164;134;11;123;64;59
"16112";59;48;4;44;28;16
"16113";5125;3979;295;3684;2378;1306
"16114";134;109;4;105;56;49
"16115";133;112;12;100;52;48
"16116";337;240;10;230;98;132
"16117";94;83;3;80;49;31
"16118";103;86;6;80;52;28
"16119";1016;865;54;811;464;347
"16120";1132;969;60;909;522;387
"16121";346;276;24;252;119;133
"16122";127;110;12;98;48;50
"16123";409;349;30;319;127;192
"16124";502;404;35;369;255;114
"16125";207;177;10;167;80;87
"16127";90;82;8;74;51;23
"16128";168;139;7;132;99;33
"16129";181;147;17;130;53;77
"16130";147;124;12;112;50;62
"16131";370;324;13;311;202;109
"16132";800;654;49;605;397;208
"16133";144;113;16;97;44;53
"16134";843;696;47;649;480;169
"16135";255;217;20;197;108;89
"16136";499;442;35;407;262;145
"16137";250;220;24;196;94;102
"16138";2755;2379;130;2249;1273;976
"16139";161;124;6;118;51;67
"16140";299;262;19;243;147;96
"16141";261;227;19;208;148;60
"16142";169;152;9;143;93;50
"16143";546;470;27;443;241;202
"16144";328;280;20;260;160;100
"16145";452;392;26;366;200;166
"16146";1460;1252;78;1174;610;564
"16147";211;175;17;158;71;87
"16148";624;530;31;499;287;212
"16149";458;374;16;358;265;93
"16150";1386;1176;85;1091;622;469
"16151";695;594;42;552;350;202
"16152";595;521;26;495;294;201
"16153";364;286;17;269;145;124
"16154";3911;3258;203;3055;1896;1159
"16155";125;107;11;96;47;49
"16156";495;411;26;385;253;132
"16157";133;109;9;100;69;31
"16158";228;203;7;196;118;78
"16160";416;356;29;327;130;197
"16161";136;102;10;92;59;33
"16162";130;120;4;116;50;66
"16163";834;673;54;619;291;328
"16164";213;185;21;164;103;61
"16165";268;243;27;216;126;90
"16166";3790;3224;196;3028;1824;1204
"16167";3334;2608;124;2484;1379;1105
"16168";611;535;33;502;290;212
"16169";464;388;22;366;184;182
"16170";330;282;23;259;118;141
"16171";526;417;34;383;201;182
"16172";91;82;9;73;36;37
"16173";166;134;12;122;80;42
"16174";382;322;27;295;161;134
"16175";373;328;28;300;157;143
"16176";251;215;13;202;96;106
"16177";93;77;3;74;22;52
"16178";137;126;11;115;59;56
"16179";175;147;14;133;77;56
"16180";165;144;12;132;78;54
"16181";413;371;24;347;236;111
"16182";355;290;20;270;154;116
"16183";150;123;8;115;67;48
"16184";82;70;5;65;37;28
"16185";148;131;5;126;75;51
"16186";425;357;23;334;120;214
"16187";1627;1401;83;1318;791;527
"16188";248;225;22;203;142;61
"16189";176;150;8;142;90;52
"16190";157;120;5;115;69;46
"16191";135;108;10;98;52;46
"16192";1902;1631;102;1529;1067;462
"16193";830;705;39;666;367;299
"16194";107;94;5;89;56;33
"16195";247;191;14;177;130;47
"16196";611;499;22;477;289;188
"16197";89;74;5;69;38;31
"16198";370;318;24;294;148;146
"16199";2631;2163;134;2029;1248;781
"16200";398;344;19;325;238;87
"16201";158;128;14;114;58;56
"16202";495;424;30;394;185;209
"16203";85;79;8;71;27;44
"16204";329;258;23;235;110;125
"16205";434;357;24;333;218;115
"16206";1097;911;64;847;455;392
"16207";437;342;18;324;216;108
"16208";316;272;24;248;145;103
"16209";566;516;48;468;304;164
"16210";630;528;50;478;306;172
"16211";437;385;26;359;181;178
"16212";345;289;24;265;134;131
"16213";308;253;19;234;137;97
"16214";72;58;4;54;36;18
"16215";137;116;6;110;57;53
"16216";627;529;35;494;252;242
"16217";846;682;67;615;382;233
"16218";295;251;19;232;122;110
"16220";442;371;32;339;189;150
"16221";217;187;10;177;98;79
"16222";318;247;12;235;106;129
"16223";1732;1466;107;1359;754;605
"16224";464;370;30;340;194;146
"16225";489;415;21;394;243;151
"16226";607;498;49;449;221;228
"16227";118;100;8;92;57;35
"16228";116;94;3;91;56;35
"16229";209;180;9;171;87;84
"16230";776;657;36;621;365;256
"16231";237;198;16;182;116;66
"16232";1722;1467;97;1370;930;440
"16233";393;320;24;296;163;133
"16234";556;471;20;451;236;215
"16236";2026;1682;126;1556;967;589
"16237";226;177;12;165;101;64
"16238";82;75;5;70;35;35
"16239";110;89;6;83;60;23
"16240";71;62;4;58;28;30
"16241";171;153;9;144;96;48
"16242";1082;890;71;819;490;329
"16243";878;706;37;669;370;299
"16244";1900;1443;105;1338;783;555
"16245";788;613;43;570;410;160
"16246";247;200;16;184;108;76
"16247";155;125;7;118;54;64
"16248";174;150;10;140;60;80
"16249";229;183;22;161;111;50
"16250";188;168;15;153;87;66
"16251";198;174;11;163;100;63
"16252";138;111;13;98;57;41
"16253";320;259;21;238;121;117
"16254";212;172;15;157;94;63
"16255";115;88;1;87;49;38
"16256";166;139;6;133;84;49
"16257";294;217;12;205;103;102
"16258";390;319;18;301;180;121
"16259";397;334;17;317;209;108
"16260";209;180;18;162;77;85
"16261";350;294;17;277;159;118
"16262";123;103;5;98;69;29
"16263";285;243;19;224;135;89
"16264";278;236;17;219;133;86
"16267";77;65;2;63;29;34
"16268";153;130;6;124;68;56
"16269";745;625;39;586;366;220
"16270";310;266;24;242;172;70
"16271";2176;1870;91;1779;1030;749
"16272";382;338;24;314;166;148
"16273";125;105;8;97;58;39
"16274";310;251;21;230;137;93
"16275";137;111;6;105;65;40
"16276";517;444;26;418;225;193
"16277";425;359;24;335;194;141
"16279";197;174;5;169;95;74
"16280";1382;1198;82;1116;741;375
"16281";2361;1895;121;1774;955;819
"16282";388;327;17;310;164;146
"16283";435;370;32;338;189;149
"16284";98;85;8;77;43;34
"16285";350;296;13;283;179;104
"16286";1337;1103;70;1033;583;450
"16287";2964;2574;187;2387;1387;1000
"16289";236;183;14;169;89;80
"16290";187;155;10;145;92;53
"16291";5486;4418;273;4145;2767;1378
"16292";2479;1945;118;1827;1109;718
"16293";316;271;17;254;151;103
"16294";548;468;22;446;280;166
"16295";992;835;70;765;465;300
"16296";257;212;16;196;110;86
"16297";282;241;12;229;120;109
"16298";343;299;20;279;140;139
"16300";481;403;33;370;224;146
"16301";188;164;14;150;62;88
"16302";148;120;8;112;55;57
"16303";280;241;20;221;98;123
"16304";827;708;46;662;305;357
"16306";260;217;19;198;117;81
"16307";226;198;3;195;114;81
"16308";751;604;29;575;323;252
"16309";139;113;10;103;64;39
"16310";201;163;15;148;84;64
"16312";636;533;31;502;287;215
"16314";144;118;7;111;69;42
"16315";112;94;2;92;49;43
"16316";294;248;18;230;102;128
"16317";385;329;15;314;178;136
"16318";223;176;14;162;100;62
"16320";610;512;27;485;278;207
"16321";41;39;4;35;16;19
"16322";76;67;3;64;37;27
"16323";394;357;35;322;188;134
"16325";102;86;10;76;55;21
"16326";110;99;4;95;48;47
"16328";255;216;14;202;98;104
"16329";611;483;36;447;318;129
"16330";709;604;35;569;342;227
"16331";77;67;1;66;24;42
"16332";115;101;7;94;54;40
"16334";115;96;8;88;38;50
"16335";111;95;13;82;46;36
"16336";295;260;15;245;142;103
"16337";718;617;37;580;402;178
"16338";220;186;16;170;85;85
"16339";230;199;12;187;97;90
"16340";818;681;30;651;361;290
"16341";2238;1736;118;1618;1092;526
"16342";229;190;11;179;62;117
"16343";222;185;9;176;80;96
"16344";787;694;40;654;356;298
"16345";171;150;14;136;84;52
"16346";232;190;13;177;103;74
"16347";353;280;18;262;141;121
"16348";1096;917;75;842;508;334
"16349";430;364;28;336;221;115
"16350";658;548;34;514;328;186
"16351";445;373;24;349;191;158
"16352";180;143;13;130;76;54
"16353";630;551;36;515;336;179
"16354";94;78;6;72;47;25
"16355";909;762;55;707;387;320
"16356";30;30;1;29;22;7
"16357";130;99;4;95;40;55
"16358";5348;4507;289;4218;2531;1687
"16359";856;695;40;655;312;343
"16360";368;309;28;281;162;119
"16361";276;227;21;206;125;81
"16362";291;223;16;207;100;107
"16363";337;297;23;274;158;116
"16364";55;47;3;44;19;25
"16365";84;64;9;55;23;32
"16366";1682;1323;78;1245;586;659
"16368";628;520;39;481;287;194
"16369";785;663;42;621;354;267
"16370";977;807;48;759;511;248
"16371";174;152;25;127;63;64
"16372";126;107;13;94;55;39
"16373";177;160;7;153;88;65
"16374";6443;5033;270;4763;2945;1818
"16375";266;227;11;216;139;77
"16376";212;178;8;170;104;66
"16377";83;72;7;65;40;25
"16378";456;394;34;360;219;141
"16379";1143;991;63;928;599;329
"16380";292;242;26;216;129;87
"16381";127;99;10;89;56;33
"16382";637;547;32;515;293;222
"16383";583;489;45;444;259;185
"16384";494;402;31;371;222;149
"16385";938;806;46;760;485;275
"16386";331;269;25;244;97;147
"16387";326;285;18;267;150;117
"16388";637;543;44;499;288;211
"16389";79;64;1;63;44;19
"16390";229;198;9;189;119;70
"16391";124;107;9;98;55;43
"16392";169;138;8;130;85;45
"16393";1528;1285;97;1188;680;508
"16394";78;64;9;55;19;36
"16395";245;218;9;209;125;84
"16396";81;70;2;68;39;29
"16397";329;280;16;264;148;116
"16398";68;64;5;59;32;27
"16399";278;235;21;214;69;145
"16400";469;407;28;379;213;166
"16401";113;97;7;90;52;38
"16402";222;186;23;163;99;64
"16403";91;78;1;77;49;28
"16404";86;70;4;66;42;24
"16405";150;119;10;109;46;63
"16406";282;246;19;227;158;69
"16408";488;419;22;397;217;180
"16409";751;643;33;610;357;253
"16410";210;188;24;164;98;66
"16411";458;378;24;354;192;162
"16412";278;233;11;222;139;83
"16413";96;80;7;73;46;27
"16414";322;267;26;241;177;64
"16415";772;673;44;629;390;239
"16416";409;348;26;322;210;112
"16417";115;94;12;82;45;37
"16418";1362;1158;69;1089;676;413
"16419";284;253;20;233;111;122
"16420";246;210;21;189;107;82
"16421";323;284;21;263;144;119
"16422";497;420;28;392;251;141
"16423";250;212;13;199;90;109
"16424";371;287;21;266;144;122
"16425";427;372;19;353;226;127
"17002";99;82;4;78;43;35
"17003";2755;2271;134;2137;1257;880
"17004";228;206;10;196;76;120
"17005";155;124;12;112;49;63
"17006";207;174;3;171;51;120
"17007";243;206;18;188;100;88
"17008";1374;1169;65;1104;634;470
"17009";568;483;39;444;252;192
"17010";3031;2555;113;2442;1368;1074
"17011";256;221;7;214;117;97
"17012";134;106;14;92;44;48
"17013";270;249;19;230;115;115
"17015";559;461;22;439;198;241
"17016";617;491;43;448;195;253
"17017";465;377;18;359;165;194
"17018";570;482;28;454;251;203
"17019";1110;947;54;893;322;571
"17020";259;224;20;204;97;107
"17021";2547;2117;137;1980;872;1108
"17022";775;628;62;566;294;272
"17023";255;212;13;199;90;109
"17024";1144;926;76;850;401;449
"17025";524;417;18;399;206;193
"17026";341;285;26;259;119;140
"17027";400;345;32;313;173;140
"17028";6208;5087;274;4813;2926;1887
"17029";153;129;7;122;70;52
"17030";395;331;20;311;142;169
"17031";172;137;6;131;80;51
"17032";467;413;29;384;200;184
"17033";357;293;18;275;146;129
"17034";347;277;17;260;115;145
"17035";109;91;1;90;47;43
"17036";496;438;28;410;187;223
"17037";484;394;30;364;201;163
"17038";360;309;35;274;168;106
"17039";148;122;11;111;40;71
"17040";319;274;20;254;114;140
"17041";716;606;43;563;311;252
"17042";307;259;9;250;131;119
"17043";564;472;48;424;244;180
"17044";770;649;59;590;302;288
"17045";741;607;53;554;268;286
"17046";348;270;21;249;121;128
"17047";195;160;17;143;49;94
"17048";261;225;14;211;103;108
"17049";73;63;3;60;26;34
"17050";346;282;35;247;113;134
"17051";2168;1868;71;1797;691;1106
"17052";544;457;54;403;219;184
"17053";922;761;50;711;337;374
"17054";174;145;17;128;92;36
"17055";171;143;12;131;74;57
"17056";378;331;29;302;151;151
"17057";456;392;23;369;208;161
"17058";2701;2216;125;2091;884;1207
"17059";838;729;48;681;394;287
"17060";174;147;8;139;55;84
"17061";115;95;6;89;51;38
"17062";204;175;19;156;111;45
"17063";305;258;19;239;119;120
"17064";2268;1915;94;1821;758;1063
"17065";1238;1124;85;1039;550;489
"17066";215;179;7;172;62;110
"17067";161;132;10;122;57;65
"17068";221;186;11;175;90;85
"17069";183;140;8;132;59;73
"17070";650;520;31;489;249;240
"17071";370;307;15;292;124;168
"17072";936;753;62;691;360;331
"17073";985;887;62;825;463;362
"17074";708;599;50;549;315;234
"17075";920;787;66;721;364;357
"17076";260;212;19;193;115;78
"17077";983;798;51;747;374;373
"17078";333;295;16;279;114;165
"17079";1023;884;60;824;356;468
"17080";613;514;42;472;254;218
"17081";296;241;17;224;131;93
"17082";420;356;14;342;145;197
"17083";476;388;29;359;155;204
"17084";430;351;29;322;142;180
"17085";283;230;17;213;128;85
"17086";2895;2494;150;2344;1172;1172
"17087";123;113;3;110;48;62
"17089";644;553;27;526;320;206
"17091";1454;1114;94;1020;517;503
"17092";135;117;8;109;58;51
"17093";3362;2723;154;2569;1108;1461
"17094";4941;4128;164;3964;1930;2034
"17095";170;151;6;145;88;57
"17096";67;62;5;57;24;33
"17097";552;492;38;454;183;271
"17098";472;407;21;386;141;245
"17099";537;471;31;440;248;192
"17100";877;747;46;701;370;331
"17101";256;203;9;194;104;90
"17102";941;822;50;772;424;348
"17103";105;89;5;84;48;36
"17104";757;628;38;590;334;256
"17105";312;254;18;236;128;108
"17106";199;172;16;156;63;93
"17107";759;659;48;611;300;311
"17108";293;267;17;250;154;96
"17109";801;696;34;662;364;298
"17110";770;642;59;583;386;197
"17111";633;535;30;505;247;258
"17112";409;366;26;340;147;193
"17113";485;398;41;357;168;189
"17114";159;141;16;125;67;58
"17115";260;221;15;206;136;70
"17116";212;178;11;167;86;81
"17117";114;95;5;90;60;30
"17118";273;230;17;213;113;100
"17119";763;650;57;593;264;329
"17120";1187;993;75;918;445;473
"17121";1246;1077;29;1048;357;691
"17122";195;168;19;149;65;84
"17124";248;183;20;163;78;85
"17125";354;313;16;297;170;127
"17126";225;196;19;177;94;83
"17127";1057;872;69;803;440;363
"17128";544;454;39;415;231;184
"17129";337;276;29;247;89;158
"17130";370;314;18;296;177;119
"17131";1543;1305;75;1230;500;730
"17132";457;384;27;357;215;142
"17133";479;390;19;371;168;203
"17134";307;262;17;245;148;97
"17135";194;165;9;156;99;57
"17136";829;702;35;667;367;300
"17137";171;145;7;138;100;38
"17138";225;193;19;174;80;94
"17139";275;234;10;224;91;133
"17140";2675;2239;114;2125;863;1262
"17141";358;309;17;292;154;138
"17142";4015;3425;183;3242;1706;1536
"17143";525;451;41;410;244;166
"17145";365;315;23;292;138;154
"17146";2628;2237;165;2072;1005;1067
"17147";803;676;59;617;366;251
"17148";352;303;16;287;155;132
"17149";50;37;3;34;21;13
"17150";425;352;31;321;184;137
"17151";786;641;56;585;264;321
"17152";623;493;44;449;167;282
"17153";1594;1328;81;1247;761;486
"17154";468;396;31;365;187;178
"17155";1760;1419;83;1336;574;762
"17156";95;86;6;80;35;45
"17157";126;106;12;94;53;41
"17158";507;434;22;412;244;168
"17159";297;242;18;224;120;104
"17160";253;208;17;191;74;117
"17161";2522;2210;117;2093;821;1272
"17162";156;120;12;108;51;57
"17163";376;319;35;284;146;138
"17164";1892;1644;77;1567;904;663
"17165";309;263;20;243;97;146
"17166";890;734;63;671;379;292
"17167";528;421;34;387;209;178
"17168";3679;3094;160;2934;1325;1609
"17169";46;42;4;38;32;6
"17171";504;435;33;402;203;199
"17172";1921;1620;110;1510;686;824
"17173";212;177;14;163;70;93
"17174";597;489;31;458;189;269
"17175";425;353;21;332;170;162
"17176";78;61;5;56;10;46
"17177";93;78;3;75;38;37
"17178";63;53;0;53;24;29
"17179";1184;1026;72;954;496;458
"17180";85;70;3;67;48;19
"17181";228;194;11;183;107;76
"17182";374;307;14;293;156;137
"17183";623;516;43;473;178;295
"17184";412;323;31;292;146;146
"17185";1329;1119;74;1045;491;554
"17186";481;410;19;391;211;180
"17187";341;287;27;260;119;141
"17188";331;286;23;263;163;100
"17189";530;440;19;421;184;237
"17190";2017;1774;74;1700;953;747
"17191";273;222;14;208;107;101
"17192";617;526;33;493;254;239
"17193";1757;1500;75;1425;837;588
"17194";2398;1973;131;1842;1135;707
"17195";244;189;15;174;105;69
"17196";361;302;23;279;113;166
"17197";2702;2023;107;1916;1035;881
"17198";197;168;12;156;85;71
"17199";92;83;6;77;35;42
"17200";5795;4899;194;4705;2397;2308
"17201";272;236;10;226;109;117
"17202";421;376;26;350;190;160
"17203";483;412;19;393;224;169
"17204";241;205;8;197;96;101
"17205";277;247;18;229;119;110
"17206";249;183;11;172;103;69
"17207";682;583;21;562;186;376
"17208";562;494;36;458;247;211
"17209";195;176;15;161;76;85
"17210";411;331;25;306;119;187
"17211";592;473;29;444;277;167
"17212";127;110;3;107;58;49
"17213";130;102;9;93;46;47
"17214";324;284;25;259;132;127
"17215";42;38;7;31;15;16
"17216";674;583;32;551;317;234
"17217";209;171;10;161;91;70
"17218";3503;2781;176;2605;1393;1212
"17219";4327;3369;223;3146;1454;1692
"17220";308;254;15;239;118;121
"17221";612;507;37;470;271;199
"17222";2145;1844;110;1734;878;856
"17223";164;142;6;136;92;44
"17224";1681;1381;113;1268;662;606
"17225";1600;1346;56;1290;501;789
"17226";712;608;39;569;307;262
"17227";190;152;21;131;56;75
"17228";2151;1789;113;1676;703;973
"17229";175;140;13;127;84;43
"17230";2658;2252;143;2109;847;1262
"17231";83;74;3;71;41;30
"17232";1039;852;66;786;313;473
"17233";257;222;18;204;106;98
"17234";279;224;18;206;109;97
"17235";482;432;21;411;184;227
"17236";1070;872;67;805;430;375
"17237";397;322;23;299;134;165
"17238";138;117;9;108;62;46
"17239";339;296;14;282;116;166
"17240";2271;1895;102;1793;1027;766
"17241";1124;909;63;846;429;417
"17242";602;524;37;487;218;269
"17243";899;743;59;684;389;295
"17244";488;413;35;378;166;212
"17245";545;452;26;426;244;182
"17246";337;277;17;260;104;156
"17247";636;549;40;509;238;271
"17248";845;637;53;584;270;314
"17249";144;123;7;116;39;77
"17250";385;314;22;292;166;126
"17252";235;207;23;184;86;98
"17253";819;683;60;623;331;292
"17254";165;140;13;127;67;60
"17255";483;418;24;394;192;202
"17256";242;198;19;179;108;71
"17257";577;446;21;425;220;205
"17258";249;194;14;180;98;82
"17259";133;115;3;112;46;66
"17260";329;294;26;268;169;99
"17261";300;249;22;227;134;93
"17262";872;749;47;702;333;369
"17263";460;352;25;327;196;131
"17264";4789;4065;221;3844;2235;1609
"17265";785;655;30;625;304;321
"17266";496;387;23;364;182;182
"17267";692;593;46;547;278;269
"17268";181;161;13;148;78;70
"17269";549;466;42;424;201;223
"17270";442;373;15;358;196;162
"17271";259;223;18;205;133;72
"17272";290;242;11;231;155;76
"17273";732;631;38;593;297;296
"17274";5539;4741;231;4510;2542;1968
"17275";665;557;40;517;295;222
"17276";65;52;3;49;28;21
"17277";570;460;31;429;217;212
"17278";433;373;32;341;181;160
"17279";440;363;34;329;142;187
"17280";512;457;30;427;211;216
"17281";126;107;8;99;64;35
"17282";164;139;5;134;52;82
"17283";3214;2514;198;2316;1275;1041
"17284";1309;1130;84;1046;407;639
"17285";864;750;49;701;402;299
"17286";743;657;19;638;180;458
"17287";195;159;12;147;86;61
"17288";210;178;14;164;74;90
"17289";314;284;17;267;139;128
"17290";234;199;11;188;93;95
"17291";3814;3325;153;3172;1786;1386
"17292";309;258;18;240;124;116
"17293";482;404;23;381;190;191
"17294";166;119;9;110;65;45
"17295";361;317;21;296;135;161
"17296";852;694;61;633;343;290
"17297";2025;1727;88;1639;591;1048
"17298";659;552;41;511;265;246
"17299";17438;13234;754;12480;7067;5413
"17300";49988;39254;1813;37441;23240;14201
"17301";62;59;5;54;31;23
"17302";494;402;22;380;177;203
"17303";763;620;55;565;335;230
"17304";342;294;22;272;143;129
"17305";333;268;7;261;135;126
"17306";14872;12107;683;11424;4506;6918
"17307";988;813;54;759;398;361
"17308";1931;1641;115;1526;761;765
"17309";1541;1247;111;1136;629;507
"17310";725;605;32;573;250;323
"17311";949;805;43;762;311;451
"17312";638;526;25;501;215;286
"17313";327;273;21;252;154;98
"17314";698;570;40;530;342;188
"17315";846;714;31;683;376;307
"17316";346;294;24;270;130;140
"17317";403;342;23;319;134;185
"17318";625;547;25;522;203;319
"17319";101;85;7;78;55;23
"17320";276;214;14;200;106;94
"17321";212;180;10;170;75;95
"17322";373;316;21;295;147;148
"17323";1316;1101;64;1037;446;591
"17324";92;80;6;74;38;36
"17325";448;372;21;351;127;224
"17326";258;213;13;200;90;110
"17327";222;184;17;167;92;75
"17328";703;579;36;543;222;321
"17329";254;217;11;206;103;103
"17330";868;654;45;609;303;306
"17331";833;684;51;633;314;319
"17332";309;261;18;243;144;99
"17333";4569;3796;212;3584;1489;2095
"17334";178;157;12;145;68;77
"17335";192;160;4;156;64;92
"17336";1986;1751;104;1647;840;807
"17337";3348;2835;187;2648;1299;1349
"17338";1356;1129;73;1056;608;448
"17339";999;834;50;784;467;317
"17340";831;728;54;674;381;293
"17341";169;142;17;125;57;68
"17342";273;248;15;233;110;123
"17343";94;73;5;68;35;33
"17344";899;715;57;658;399;259
"17345";258;233;26;207;107;100
"17346";993;809;64;745;384;361
"17347";5670;4258;234;4024;2301;1723
"17348";384;328;34;294;129;165
"17349";1685;1406;85;1321;694;627
"17350";692;605;30;575;293;282
"17351";1378;1152;81;1071;552;519
"17352";81;66;3;63;22;41
"17353";1397;1234;78;1156;598;558
"17354";502;427;43;384;181;203
"17355";400;330;32;298;119;179
"17356";264;212;12;200;88;112
"17357";445;355;16;339;170;169
"17358";246;199;12;187;93;94
"17359";834;705;44;661;375;286
"17360";2843;2428;136;2292;955;1337
"17361";109;94;8;86;52;34
"17362";186;155;14;141;58;83
"17363";343;290;17;273;129;144
"17364";311;258;14;244;98;146
"17365";416;316;25;291;153;138
"17366";324;265;8;257;137;120
"17367";128;97;5;92;40;52
"17369";1612;1364;57;1307;504;803
"17371";108;100;4;96;37;59
"17372";59;46;0;46;22;24
"17373";1248;1067;52;1015;576;439
"17374";176;145;24;121;80;41
"17375";793;693;43;650;269;381
"17376";866;747;61;686;392;294
"17377";89;82;2;80;51;29
"17378";325;277;18;259;147;112
"17379";173;135;6;129;37;92
"17380";3794;3160;161;2999;1158;1841
"17381";186;165;16;149;88;61
"17382";379;326;23;303;185;118
"17383";281;236;9;227;105;122
"17384";154;127;1;126;64;62
"17385";5638;4621;285;4336;1856;2480
"17386";263;212;35;177;98;79
"17387";1208;1059;70;989;468;521
"17388";196;176;14;162;81;81
"17389";404;329;25;304;116;188
"17390";128;107;6;101;47;54
"17391";1596;1346;74;1272;739;533
"17392";50;42;4;38;15;23
"17393";1220;1021;75;946;428;518
"17394";622;542;31;511;288;223
"17395";406;338;24;314;194;120
"17396";1098;918;36;882;455;427
"17397";1849;1500;96;1404;756;648
"17398";124;106;3;103;49;54
"17400";452;399;23;376;218;158
"17401";88;81;6;75;36;39
"17402";120;107;9;98;48;50
"17403";528;426;22;404;242;162
"17404";372;329;25;304;130;174
"17405";150;133;8;125;61;64
"17406";267;221;12;209;76;133
"17407";2851;2395;113;2282;1315;967
"17408";509;408;36;372;195;177
"17409";2265;1920;120;1800;785;1015
"17410";487;389;31;358;132;226
"17411";1191;989;30;959;445;514
"17412";424;370;26;344;199;145
"17413";798;679;44;635;291;344
"17414";3558;3073;167;2906;1659;1247
"17415";19260;14581;809;13772;7918;5854
"17416";47;43;1;42;33;9
"17417";138;109;3;106;50;56
"17418";516;417;21;396;197;199
"17420";1562;1374;68;1306;631;675
"17421";5403;4374;280;4094;1978;2116
"17422";77;61;6;55;19;36
"17423";55;46;3;43;25;18
"17424";213;175;14;161;87;74
"17425";1519;1287;91;1196;593;603
"17426";198;160;4;156;82;74
"17427";167;142;6;136;71;65
"17428";406;329;21;308;162;146
"17429";1309;1072;70;1002;448;554
"17430";300;252;30;222;129;93
"17431";521;448;22;426;209;217
"17432";295;259;14;245;131;114
"17433";170;149;4;145;76;69
"17434";4564;3727;206;3521;2027;1494
"17435";126;113;6;107;55;52
"17436";553;443;23;420;256;164
"17437";112;101;3;98;32;66
"17438";235;202;8;194;68;126
"17439";521;428;44;384;198;186
"17440";292;239;13;226;136;90
"17441";785;648;48;600;300;300
"17442";276;235;16;219;90;129
"17443";1117;937;64;873;468;405
"17444";1046;896;74;822;467;355
"17445";253;208;6;202;88;114
"17446";365;315;20;295;157;138
"17447";1177;994;70;924;535;389
"17448";885;746;46;700;362;338
"17449";5934;4687;338;4349;2455;1894
"17450";211;180;7;173;95;78
"17451";385;308;21;287;148;139
"17452";4024;3293;207;3086;1291;1795
"17453";964;814;55;759;345;414
"17454";293;245;9;236;108;128
"17455";556;443;37;406;165;241
"17457";567;459;31;428;249;179
"17458";122;103;6;97;53;44
"17459";433;363;34;329;171;158
"17460";607;532;34;498;277;221
"17461";3480;2869;142;2727;1016;1711
"17462";530;473;22;451;275;176
"17463";801;701;50;651;369;282
"17464";118;105;6;99;50;49
"17465";495;428;40;388;215;173
"17466";1444;1232;60;1172;661;511
"17467";172;148;9;139;93;46
"17468";132;104;12;92;47;45
"17469";401;333;21;312;133;179
"17470";225;186;10;176;95;81
"17471";199;154;11;143;86;57
"17472";1160;1014;69;945;522;423
"17473";90;73;6;67;31;36
"17474";556;458;24;434;261;173
"17476";204;176;16;160;65;95
"17477";106;80;7;73;33;40
"17478";45;37;4;33;20;13
"17479";237;204;11;193;87;106
"17480";439;369;34;335;193;142
"17481";126;107;4;103;46;57
"17482";461;388;27;361;184;177
"17483";999;835;55;780;379;401
"17484";1506;1306;79;1227;535;692
"17485";827;721;46;675;294;381
"17486";745;594;35;559;217;342
"18001";294;263;29;234;133;101
"18002";165;144;7;137;63;74
"18003";1372;1145;96;1049;538;511
"18004";808;635;56;579;291;288
"18005";687;588;43;545;304;241
"18006";203;175;15;160;74;86
"18007";70;61;4;57;18;39
"18008";368;316;22;294;166;128
"18009";248;198;11;187;117;70
"18010";170;158;10;148;71;77
"18011";1798;1440;128;1312;614;698
"18012";366;294;22;272;141;131
"18013";267;228;15;213;134;79
"18014";162;145;10;135;60;75
"18015";4296;3503;268;3235;1496;1739
"18016";267;212;20;192;108;84
"18017";258;221;13;208;95;113
"18018";1447;1199;115;1084;443;641
"18019";350;291;16;275;141;134
"18020";672;575;44;531;268;263
"18021";223;194;13;181;80;101
"18022";301;260;21;239;86;153
"18023";1039;852;48;804;365;439
"18024";92;79;8;71;19;52
"18025";552;478;31;447;336;111
"18026";711;593;39;554;329;225
"18027";471;411;39;372;196;176
"18028";815;729;53;676;355;321
"18029";267;215;21;194;94;100
"18030";932;747;55;692;308;384
"18031";470;380;32;348;181;167
"18032";1145;962;78;884;426;458
"18033";44851;33181;2274;30907;17543;13364
"18034";258;238;16;222;131;91
"18035";603;513;38;475;202;273
"18036";474;402;27;375;184;191
"18037";902;743;33;710;209;501
"18038";420;353;32;321;182;139
"18039";290;254;14;240;44;196
"18040";272;219;19;200;86;114
"18041";148;119;14;105;46;59
"18042";255;222;14;208;125;83
"18043";154;134;10;124;57;67
"18044";290;235;19;216;124;92
"18045";304;241;29;212;120;92
"18046";122;102;6;96;44;52
"18047";508;410;38;372;176;196
"18048";289;234;22;212;134;78
"18049";391;355;22;333;143;190
"18050";2811;2286;212;2074;1250;824
"18051";158;119;5;114;45;69
"18052";859;725;56;669;328;341
"18053";265;208;14;194;101;93
"18054";190;152;18;134;53;81
"18055";771;626;57;569;357;212
"18056";212;172;15;157;91;66
"18057";1503;1237;77;1160;657;503
"18058";1134;892;57;835;470;365
"18059";788;666;54;612;343;269
"18060";35;30;3;27;17;10
"18061";93;75;5;70;42;28
"18062";234;191;11;180;92;88
"18063";146;126;14;112;81;31
"18064";182;139;8;131;71;60
"18065";554;470;32;438;293;145
"18066";732;597;44;553;283;270
"18067";558;467;32;435;136;299
"18068";45;40;2;38;13;25
"18069";317;278;19;259;133;126
"18070";182;167;11;156;65;91
"18071";25;24;3;21;7;14
"18072";199;174;15;159;88;71
"18073";182;160;11;149;96;53
"18074";170;140;8;132;63;69
"18075";774;682;57;625;379;246
"18076";372;302;27;275;117;158
"18077";278;227;21;206;110;96
"18078";63;53;2;51;29;22
"18079";418;356;32;324;144;180
"18080";114;104;6;98;48;50
"18081";281;233;20;213;107;106
"18082";864;732;67;665;384;281
"18083";619;517;38;479;233;246
"18084";174;145;10;135;53;82
"18085";169;156;12;144;92;52
"18086";438;390;33;357;208;149
"18087";2981;2347;181;2166;1156;1010
"18088";171;154;11;143;47;96
"18089";354;288;22;266;141;125
"18090";318;272;21;251;129;122
"18091";153;139;15;124;75;49
"18092";627;527;45;482;209;273
"18093";117;92;9;83;40;43
"18094";279;241;16;225;114;111
"18095";146;122;12;110;55;55
"18096";1508;1243;79;1164;719;445
"18097";1651;1379;69;1310;682;628
"18098";118;106;8;98;35;63
"18099";198;144;10;134;50;84
"18100";601;488;46;442;187;255
"18101";294;242;15;227;113;114
"18102";235;189;13;176;94;82
"18103";1091;878;55;823;448;375
"18104";135;113;4;109;50;59
"18105";338;275;30;245;109;136
"18106";219;178;9;169;110;59
"18107";109;96;9;87;44;43
"18108";2758;2101;157;1944;1149;795
"18109";1401;1144;94;1050;543;507
"18110";826;709;37;672;321;351
"18111";154;125;8;117;61;56
"18112";282;239;24;215;90;125
"18113";141;127;12;115;51;64
"18114";166;130;13;117;50;67
"18115";666;556;40;516;257;259
"18116";230;184;9;175;65;110
"18117";402;340;25;315;124;191
"18118";1103;858;72;786;432;354
"18119";161;140;5;135;66;69
"18120";424;371;33;338;192;146
"18121";102;93;11;82;44;38
"18122";145;121;9;112;65;47
"18123";37;34;2;32;10;22
"18124";264;228;12;216;100;116
"18125";1014;793;55;738;362;376
"18126";966;820;55;765;401;364
"18127";1170;990;61;929;529;400
"18128";117;101;7;94;46;48
"18129";156;146;14;132;61;71
"18130";236;204;13;191;105;86
"18131";32;32;4;28;13;15
"18132";135;118;9;109;26;83
"18133";1033;836;55;781;532;249
"18134";493;425;35;390;231;159
"18135";214;179;15;164;81;83
"18136";247;205;18;187;107;80
"18137";463;393;29;364;213;151
"18138";1725;1443;114;1329;690;639
"18139";526;456;36;420;299;121
"18140";1135;944;78;866;489;377
"18141";5113;4131;332;3799;2019;1780
"18142";587;493;38;455;249;206
"18143";249;189;14;175;99;76
"18144";428;350;23;327;93;234
"18145";1184;1020;93;927;421;506
"18146";287;240;16;224;113;111
"18147";213;165;12;153;65;88
"18148";2017;1658;138;1520;808;712
"18149";471;376;37;339;184;155
"18150";533;463;22;441;239;202
"18151";323;267;11;256;129;127
"18152";92;83;7;76;49;27
"18153";250;197;18;179;96;83
"18154";181;137;16;121;63;58
"18155";369;311;40;271;137;134
"18156";405;335;11;324;232;92
"18157";483;426;41;385;231;154
"18158";537;463;36;427;199;228
"18159";708;592;27;565;216;349
"18160";1057;855;71;784;377;407
"18161";221;179;10;169;89;80
"18162";226;199;21;178;87;91
"18163";244;199;14;185;116;69
"18164";115;106;3;103;36;67
"18165";994;828;73;755;373;382
"18166";325;294;25;269;116;153
"18167";233;200;12;188;103;85
"18168";225;181;14;167;96;71
"18169";182;157;15;142;83;59
"18170";603;489;36;453;186;267
"18171";197;154;16;138;85;53
"18172";1519;1277;111;1166;689;477
"18173";236;198;27;171;88;83
"18174";142;120;14;106;52;54
"18175";515;398;30;368;196;172
"18176";331;279;23;256;167;89
"18177";45;37;4;33;16;17
"18178";192;168;19;149;75;74
"18179";615;561;29;532;270;262
"18180";1385;1174;67;1107;595;512
"18181";390;341;24;317;212;105
"18182";155;141;11;130;55;75
"18183";110;88;6;82;29;53
"18184";200;173;15;158;90;68
"18185";207;187;20;167;67;100
"18186";358;292;23;269;119;150
"18187";486;396;30;366;203;163
"18188";206;183;20;163;101;62
"18189";358;298;15;283;160;123
"18190";604;474;52;422;191;231
"18191";155;128;10;118;47;71
"18192";235;190;15;175;101;74
"18193";202;172;13;159;109;50
"18194";803;679;66;613;327;286
"18195";171;143;10;133;60;73
"18196";74;62;8;54;22;32
"18197";7765;5843;435;5408;2939;2469
"18198";294;257;10;247;136;111
"18199";227;194;26;168;100;68
"18200";280;233;27;206;91;115
"18201";505;433;30;403;220;183
"18202";34;32;1;31;10;21
"18203";92;72;9;63;37;26
"18204";271;235;31;204;82;122
"18205";7155;5832;363;5469;2825;2644
"18206";1186;1006;65;941;497;444
"18207";4963;3881;245;3636;2183;1453
"18208";344;301;27;274;124;150
"18209";347;306;30;276;166;110
"18210";456;381;21;360;197;163
"18211";585;514;30;484;267;217
"18212";449;376;17;359;169;190
"18213";3834;3060;209;2851;1764;1087
"18214";516;417;18;399;278;121
"18215";132;104;8;96;41;55
"18216";448;363;26;337;171;166
"18217";143;116;6;110;56;54
"18218";501;426;32;394;203;191
"18219";304;252;27;225;133;92
"18220";314;271;19;252;163;89
"18221";222;196;22;174;99;75
"18222";34;32;1;31;10;21
"18223";1752;1423;84;1339;753;586
"18224";257;215;11;204;86;118
"18225";220;184;21;163;64;99
"18226";324;293;26;267;140;127
"18227";201;180;8;172;54;118
"18228";187;157;15;142;71;71
"18229";495;438;35;403;185;218
"18230";247;211;18;193;91;102
"18231";586;472;36;436;235;201
"18232";218;177;7;170;94;76
"18233";1235;965;62;903;397;506
"18234";382;298;19;279;150;129
"18235";948;800;70;730;410;320
"18236";106;77;4;73;43;30
"18237";372;327;22;305;144;161
"18238";116;95;5;90;48;42
"18239";132;99;11;88;43;45
"18240";566;446;29;417;204;213
"18241";1025;864;55;809;302;507
"18242";2361;1884;127;1757;935;822
"18243";359;279;16;263;94;169
"18244";60;52;8;44;18;26
"18245";355;297;26;271;139;132
"18246";808;691;35;656;292;364
"18247";499;432;34;398;191;207
"18248";302;258;18;240;135;105
"18249";353;293;22;271;123;148
"18250";54;45;5;40;23;17
"18251";49;47;2;45;18;27
"18252";298;238;14;224;117;107
"18253";351;310;24;286;141;145
"18254";507;409;32;377;198;179
"18255";699;617;47;570;269;301
"18256";275;235;8;227;105;122
"18257";485;418;37;381;219;162
"18258";528;455;26;429;143;286
"18259";255;209;14;195;95;100
"18260";59;45;7;38;12;26
"18261";329;286;21;265;135;130
"18262";269;226;6;220;110;110
"18263";462;379;29;350;213;137
"18264";77;61;4;57;20;37
"18265";596;481;16;465;302;163
"18266";254;208;15;193;106;87
"18267";3172;2697;169;2528;1420;1108
"18268";320;263;20;243;145;98
"18269";616;508;24;484;170;314
"18270";583;484;37;447;307;140
"18271";929;805;41;764;361;403
"18272";455;396;22;374;203;171
"18273";665;562;56;506;267;239
"18274";262;231;13;218;38;180
"18275";128;110;13;97;46;51
"18276";142;122;7;115;45;70
"18277";36;35;3;32;10;22
"18278";437;364;28;336;176;160
"18279";19140;14340;937;13403;8701;4702
"18280";572;497;37;460;231;229
"18281";1529;1243;94;1149;605;544
"18282";413;352;33;319;159;160
"18283";82;58;5;53;29;24
"18284";185;149;9;140;68;72
"18285";333;275;27;248;131;117
"18286";346;313;30;283;133;150
"18287";268;215;7;208;90;118
"18288";183;153;11;142;68;74
"18289";376;337;37;300;149;151
"18290";390;314;27;287;156;131
"19001";305;267;10;257;178;79
"19002";333;295;11;284;192;92
"19003";233;215;10;205;146;59
"19004";618;556;25;531;375;156
"19005";2933;2564;149;2415;1511;904
"19006";102;95;8;87;46;41
"19007";709;618;37;581;333;248
"19008";221;194;3;191;143;48
"19009";113;96;6;90;68;22
"19010";2487;2115;116;1999;1363;636
"19011";995;874;38;836;535;301
"19012";219;199;11;188;121;67
"19013";698;583;39;544;351;193
"19014";189;172;3;169;106;63
"19015";567;501;30;471;310;161
"19016";271;242;10;232;140;92
"19017";88;77;2;75;44;31
"19018";171;151;3;148;93;55
"19019";846;749;35;714;446;268
"19020";109;102;8;94;79;15
"19021";88;76;3;73;57;16
"19022";252;229;9;220;169;51
"19023";1002;906;43;863;566;297
"19024";445;387;20;367;230;137
"19025";326;293;9;284;162;122
"19026";177;161;15;146;103;43
"19027";136;128;6;122;89;33
"19028";2229;1861;103;1758;1120;638
"19029";223;209;18;191;129;62
"19030";747;668;44;624;452;172
"19031";33137;26112;1360;24752;14864;9888
"19032";153;138;6;132;83;49
"19033";671;566;37;529;334;195
"19034";242;206;8;198;116;82
"19035";418;379;24;355;243;112
"19036";1093;939;59;880;565;315
"19037";973;869;55;814;561;253
"19038";1304;1178;51;1127;887;240
"19039";194;174;8;166;103;63
"19040";171;148;7;141;103;38
"19041";457;426;22;404;307;97
"19042";518;446;19;427;356;71
"19043";355;332;14;318;226;92
"19044";196;175;11;164;98;66
"19045";201;169;4;165;115;50
"19046";117;96;17;79;47;32
"19047";309;272;15;257;159;98
"19048";261;244;10;234;187;47
"19049";559;502;19;483;334;149
"19050";357;326;20;306;192;114
"19051";168;146;10;136;85;51
"19052";66;57;0;57;21;36
"19053";193;170;12;158;88;70
"19054";181;166;4;162;99;63
"19055";243;224;19;205;139;66
"19056";334;297;16;281;197;84
"19057";459;421;22;399;262;137
"19058";309;274;19;255;142;113
"19059";367;342;19;323;173;150
"19060";540;468;30;438;279;159
"19061";880;768;29;739;525;214
"19062";931;840;55;785;494;291
"19063";2338;2076;121;1955;1201;754
"19064";83;75;3;72;47;25
"19065";60;53;5;48;24;24
"19066";1344;1181;83;1098;705;393
"19067";196;179;15;164;102;62
"19068";562;505;29;476;331;145
"19069";160;147;8;139;65;74
"19070";312;277;24;253;168;85
"19071";204;189;10;179;131;48
"19072";2001;1768;115;1653;975;678
"19073";2416;2099;128;1971;1184;787
"19074";39;34;3;31;18;13
"19075";293;264;15;249;176;73
"19076";337;305;21;284;208;76
"19077";104;96;7;89;44;45
"19078";328;300;10;290;192;98
"19079";396;348;18;330;187;143
"19080";479;417;33;384;250;134
"19081";473;416;25;391;269;122
"19082";837;770;42;728;531;197
"19083";117;103;8;95;72;23
"19084";266;231;7;224;141;83
"19085";624;563;42;521;382;139
"19086";291;245;12;233;153;80
"19087";100;91;8;83;63;20
"19088";61;58;3;55;54;1
"19089";164;150;6;144;108;36
"19090";104;94;5;89;54;35
"19091";242;216;12;204;151;53
"19092";96;84;6;78;60;18
"19093";654;598;34;564;367;197
"19094";908;793;53;740;492;248
"19095";120;104;3;101;61;40
"19096";416;371;11;360;256;104
"19097";128;120;10;110;79;31
"19098";681;617;31;586;426;160
"19099";189;175;12;163;87;76
"19100";884;759;37;722;515;207
"19101";1030;899;42;857;678;179
"19102";266;241;11;230;164;66
"19103";72;63;13;50;27;23
"19104";85;75;2;73;41;32
"19105";454;400;23;377;253;124
"19106";322;284;24;260;172;88
"19107";1214;1077;59;1018;614;404
"19108";92;84;5;79;36;43
"19109";138;121;12;109;90;19
"19110";141;128;3;125;85;40
"19111";96;84;10;74;55;19
"19112";88;77;3;74;48;26
"19113";506;434;37;397;236;161
"19114";164;153;15;138;81;57
"19115";259;236;13;223;127;96
"19116";194;183;12;171;107;64
"19117";558;501;44;457;270;187
"19118";706;639;40;599;365;234
"19119";109;100;6;94;64;30
"19120";194;163;8;155;102;53
"19121";1856;1573;97;1476;892;584
"19122";174;151;5;146;101;45
"19123";5592;4898;272;4626;2846;1780
"19124";1046;935;53;882;621;261
"19125";810;734;36;698;460;238
"19126";177;155;14;141;99;42
"19127";134;122;5;117;96;21
"19128";218;200;12;188;108;80
"19129";534;481;24;457;290;167
"19130";314;279;10;269;156;113
"19131";460;398;17;381;208;173
"19132";86;74;4;70;54;16
"19133";237;206;9;197;119;78
"19134";572;485;32;453;333;120
"19135";299;276;19;257;164;93
"19136";1862;1557;64;1493;956;537
"19137";61;55;4;51;35;16
"19138";1037;893;50;843;517;326
"19139";77;70;2;68;41;27
"19140";575;519;22;497;288;209
"19141";165;141;12;129;77;52
"19142";135;114;13;101;48;53
"19143";482;423;34;389;256;133
"19144";191;170;8;162;101;61
"19145";363;323;12;311;215;96
"19146";1879;1714;95;1619;1214;405
"19147";474;420;23;397;241;156
"19148";1277;1102;54;1048;671;377
"19149";207;184;11;173;141;32
"19150";322;292;16;276;182;94
"19151";647;587;30;557;355;202
"19152";357;325;19;306;226;80
"19153";2818;2465;147;2318;1377;941
"19154";290;250;8;242;143;99
"19155";219;199;16;183;132;51
"19156";109;106;7;99;57;42
"19157";189;164;12;152;104;48
"19158";161;151;12;139;117;22
"19159";95;87;11;76;48;28
"19160";186;158;9;149;99;50
"19161";393;366;26;340;215;125
"19162";858;780;35;745;500;245
"19163";243;224;13;211;138;73
"19164";578;522;28;494;382;112
"19165";130;126;4;122;71;51
"19166";91;81;7;74;66;8
"19167";54;45;6;39;22;17
"19168";101;90;5;85;78;7
"19169";236;218;8;210;133;77
"19170";167;155;4;151;97;54
"19171";174;155;9;146;103;43
"19172";129;120;4;116;72;44
"19173";266;238;8;230;105;125
"19174";146;130;10;120;86;34
"19175";88;79;8;71;48;23
"19176";914;809;52;757;560;197
"19177";152;135;12;123;94;29
"19178";692;614;38;576;418;158
"19179";178;161;7;154;95;59
"19180";595;523;32;491;315;176
"19181";390;350;24;326;204;122
"19182";690;615;55;560;349;211
"19183";133;118;11;107;83;24
"19184";143;126;6;120;82;38
"19185";173;159;2;157;125;32
"19186";175;153;9;144;105;39
"19187";311;275;11;264;180;84
"19188";283;256;18;238;149;89
"19189";45;41;2;39;17;22
"19190";167;141;9;132;77;55
"19191";527;458;39;419;276;143
"19192";412;358;14;344;274;70
"19193";162;150;12;138;78;60
"19194";1036;926;34;892;715;177
"19195";285;268;15;253;142;111
"19196";356;320;15;305;214;91
"19198";100;83;5;78;49;29
"19199";231;211;13;198;122;76
"19200";77;68;6;62;25;37
"19201";540;478;29;449;266;183
"19202";1494;1357;71;1286;776;510
"19203";1523;1385;68;1317;977;340
"19204";255;225;17;208;120;88
"19205";97;87;5;82;49;33
"19206";85;70;9;61;49;12
"19207";820;734;42;692;471;221
"19208";200;176;8;168;124;44
"19209";150;136;8;128;75;53
"19210";78;69;2;67;58;9
"19211";783;692;18;674;482;192
"19212";84;78;4;74;47;27
"19213";506;467;18;449;286;163
"19214";419;358;20;338;209;129
"19215";124;103;6;97;58;39
"19216";233;208;12;196;139;57
"19217";152;131;9;122;74;48
"19218";383;318;17;301;201;100
"19219";48;40;2;38;23;15
"19220";420;381;18;363;256;107
"19221";93;91;5;86;52;34
"19222";349;310;13;297;212;85
"19223";231;205;13;192;113;79
"19225";159;144;5;139;109;30
"19226";114;104;2;102;43;59
"19227";1021;941;49;892;731;161
"19228";68;58;1;57;49;8
"19229";3744;3291;205;3086;1949;1137
"19230";292;267;15;252;145;107
"19231";160;148;6;142;101;41
"19232";79;76;6;70;50;20
"19233";242;215;18;197;126;71
"19234";406;374;27;347;262;85
"19235";216;198;7;191;122;69
"19236";405;372;25;347;259;88
"19237";861;782;34;748;448;300
"19238";207;180;8;172;116;56
"19239";300;274;19;255;148;107
"19240";285;250;18;232;155;77
"19241";255;226;11;215;111;104
"19242";329;298;5;293;189;104
"19243";758;680;47;633;379;254
"19244";83;74;3;71;45;26
"19245";110;89;3;86;61;25
"19246";1354;1232;64;1168;778;390
"19247";181;163;5;158;81;77
"19248";555;501;44;457;262;195
"19249";351;306;38;268;193;75
"19250";568;489;32;457;291;166
"19251";240;219;15;204;114;90
"19252";338;286;23;263;167;96
"19253";207;188;7;181;123;58
"19254";186;160;7;153;114;39
"19255";1430;1281;71;1210;728;482
"19256";325;287;10;277;174;103
"19257";257;226;17;209;143;66
"19258";444;405;18;387;283;104
"19259";193;167;10;157;89;68
"19260";212;185;11;174;107;67
"19261";556;478;17;461;289;172
"19262";160;140;12;128;71;57
"19263";263;238;17;221;136;85
"19264";426;384;25;359;172;187
"19265";313;264;11;253;152;101
"19266";84;72;7;65;42;23
"19268";46;43;5;38;23;15
"19269";1070;951;47;904;546;358
"19270";425;377;26;351;256;95
"19271";213;186;4;182;115;67
"19272";9836;8318;334;7984;6044;1940
"19273";685;605;39;566;335;231
"19274";3175;2830;138;2692;1543;1149
"19275";6773;5599;357;5242;3369;1873
"19276";1952;1603;95;1508;967;541
"19277";149;140;12;128;58;70
"19278";1751;1540;95;1445;901;544
"19279";248;228;15;213;120;93
"19280";158;145;2;143;75;68
"19281";84;75;3;72;54;18
"19282";425;371;12;359;245;114
"19283";65;57;4;53;33;20
"19284";101;87;6;81;47;34
"19285";967;852;38;814;553;261
"19286";475;411;26;385;268;117
"19287";203;183;14;169;113;56
"19288";968;861;45;816;520;296
"19289";596;530;42;488;318;170
"21001";314;268;13;255;119;136
"21002";263;225;12;213;115;98
"21003";964;842;41;801;357;444
"21004";255;214;8;206;75;131
"21005";864;760;53;707;343;364
"21006";138;112;4;108;57;51
"21007";168;144;11;133;78;55
"21008";353;303;21;282;174;108
"21009";179;151;14;137;63;74
"21010";123;102;5;97;39;58
"21011";68;61;2;59;15;44
"21012";299;248;24;224;103;121
"21013";295;263;12;251;154;97
"21014";74;61;8;53;32;21
"21015";77;67;11;56;21;35
"21016";573;487;34;453;155;298
"21017";400;329;28;301;171;130
"21018";36;30;0;30;14;16
"21020";179;160;5;155;60;95
"21021";1833;1640;113;1527;674;853
"21022";385;295;29;266;124;142
"21023";1079;870;61;809;382;427
"21024";127;89;1;88;34;54
"21025";53;43;2;41;17;24
"21026";136;119;9;110;41;69
"21027";861;750;30;720;266;454
"21028";518;420;42;378;178;200
"21029";61;55;6;49;26;23
"21030";77;72;0;72;42;30
"21031";281;236;15;221;116;105
"21032";132;114;18;96;39;57
"21033";123;97;10;87;30;57
"21034";133;122;11;111;48;63
"21035";245;217;16;201;88;113
"21036";51;48;4;44;14;30
"21037";284;249;20;229;77;152
"21038";4965;3751;252;3499;1555;1944
"21039";38;35;3;32;7;25
"21040";62;54;4;50;17;33
"21041";153;124;15;109;45;64
"21042";114;99;4;95;46;49
"21043";182;160;7;153;71;82
"21044";84;69;19;50;15;35
"21045";198;173;6;167;95;72
"21046";73;70;8;62;42;20
"21047";67;56;5;51;37;14
"21048";344;314;23;291;143;148
"21049";40;31;2;29;16;13
"21050";211;179;5;174;111;63
"21051";91;72;11;61;24;37
"21052";38;32;1;31;12;19
"21053";163;138;6;132;56;76
"21054";14310;11197;617;10580;4635;5945
"21055";18;15;0;15;7;8
"21056";579;495;25;470;195;275
"21057";248;193;12;181;92;89
"21058";219;182;7;175;78;97
"21059";637;567;23;544;225;319
"21060";1125;983;56;927;432;495
"21061";66;56;8;48;13;35
"21062";190;159;16;143;72;71
"21063";93;85;2;83;34;49
"21064";70;58;2;56;23;33
"21065";92;83;4;79;33;46
"21066";62;59;3;56;21;35
"21067";461;391;19;372;206;166
"21068";110;94;8;86;42;44
"21069";108;98;7;91;53;38
"21070";79;71;3;68;41;27
"21071";564;477;24;453;180;273
"21072";127;115;11;104;56;48
"21073";80;69;4;65;33;32
"21074";180;163;17;146;65;81
"21075";58;49;0;49;26;23
"21076";480;415;19;396;162;234
"21077";108;87;2;85;19;66
"21078";54;49;7;42;16;26
"21079";114;97;5;92;40;52
"21080";494;405;36;369;204;165
"21081";98;89;3;86;44;42
"21082";59;54;2;52;25;27
"21083";115;90;5;85;37;48
"21084";62;56;3;53;25;28
"21085";118;101;8;93;31;62
"21086";985;832;32;800;320;480
"21087";601;474;26;448;243;205
"21088";198;183;6;177;96;81
"21089";314;284;26;258;93;165
"21090";58;51;1;50;25;25
"21091";42;37;3;34;15;19
"21092";163;141;7;134;62;72
"21093";133;101;6;95;39;56
"21094";260;226;25;201;75;126
"21095";58;43;3;40;10;30
"21096";118;90;8;82;44;38
"21097";32;31;1;30;9;21
"21098";130;108;7;101;42;59
"21099";256;212;25;187;90;97
"21100";28;23;3;20;14;6
"21101";154;125;8;117;53;64
"21102";131;116;9;107;52;55
"21103";1889;1484;118;1366;595;771
"21104";77;65;2;63;16;47
"21105";467;428;29;399;189;210
"21106";511;479;31;448;247;201
"21107";678;606;35;571;224;347
"21108";91;81;10;71;40;31
"21109";196;156;17;139;63;76
"21110";479;412;16;396;189;207
"21111";197;179;11;168;64;104
"21112";311;261;19;242;104;138
"21113";111;100;8;92;41;51
"21114";150;120;14;106;48;58
"21115";307;258;12;246;89;157
"21116";149;124;10;114;37;77
"21117";72;67;9;58;25;33
"21118";33;29;0;29;6;23
"21119";50;47;6;41;8;33
"21120";141;106;3;103;46;57
"21121";75;67;5;62;27;35
"21122";245;203;14;189;96;93
"21123";31;25;0;25;5;20
"21124";165;135;6;129;52;77
"21125";215;190;18;172;88;84
"21126";491;424;30;394;211;183
"21127";394;361;26;335;146;189
"21128";193;162;13;149;59;90
"21129";40;33;3;30;9;21
"21130";236;205;14;191;96;95
"21131";330;272;21;251;110;141
"21132";257;238;17;221;100;121
"21133";247;202;11;191;63;128
"21134";226;187;14;173;103;70
"21135";255;226;16;210;94;116
"21136";23;22;0;22;10;12
"21137";78;59;3;56;31;25
"21138";458;370;17;353;151;202
"21139";264;235;20;215;107;108
"21140";76;66;5;61;20;41
"21141";41;36;5;31;23;8
"21142";158;134;12;122;67;55
"21143";79;63;4;59;32;27
"21144";38;33;3;30;9;21
"21145";39;33;2;31;14;17
"21146";101;85;8;77;35;42
"21147";38;36;2;34;18;16
"21148";253;205;13;192;71;121
"21149";125;108;9;99;32;67
"21150";299;263;13;250;85;165
"21151";73;56;3;53;37;16
"21152";82;72;3;69;27;42
"21153";148;120;17;103;49;54
"21154";3638;2798;192;2606;1142;1464
"21155";34;33;5;28;14;14
"21156";34;31;3;28;11;17
"21157";14;10;2;8;2;6
"21158";135;112;6;106;35;71
"21159";105;83;2;81;44;37
"21160";70;59;5;54;32;22
"21161";70;70;16;54;20;34
"21162";354;311;16;295;155;140
"21163";180;156;16;140;48;92
"21164";119;101;7;94;43;51
"21165";56;49;1;48;23;25
"21166";8854;6680;373;6307;4152;2155
"21167";85;77;5;72;27;45
"21168";48;38;6;32;16;16
"21169";111;98;4;94;60;34
"21170";221;198;8;190;69;121
"21171";6785;5698;376;5322;2747;2575
"21172";222;183;11;172;88;84
"21173";431;380;18;362;112;250
"21175";114;100;12;88;42;46
"21176";86;77;1;76;31;45
"21177";147;133;12;121;55;66
"21178";93;85;6;79;44;35
"21179";620;523;40;483;202;281
"21180";116;80;7;73;53;20
"21181";125;113;9;104;55;49
"21182";73;62;5;57;32;25
"21183";536;439;40;399;208;191
"21184";50;32;4;28;16;12
"21185";357;303;17;286;106;180
"21186";473;391;16;375;241;134
"21187";123;113;6;107;49;58
"21189";305;272;15;257;86;171
"21190";401;352;19;333;163;170
"21191";586;527;35;492;226;266
"21192";548;497;22;475;214;261
"21193";272;245;17;228;109;119
"21194";715;578;42;536;250;286
"21195";126;104;6;98;54;44
"21196";825;648;51;597;344;253
"21197";30;29;4;25;6;19
"21198";204;164;17;147;79;68
"21199";125;108;7;101;56;45
"21200";954;825;42;783;344;439
"21201";211;177;9;168;64;104
"21202";146;125;10;115;49;66
"21203";113;93;2;91;48;43
"21204";86;67;1;66;43;23
"21205";203;180;15;165;84;81
"21207";63;50;1;49;37;12
"21208";138;121;10;111;44;67
"21209";1366;1199;57;1142;496;646
"21210";356;299;13;286;136;150
"21211";122;109;3;106;41;65
"21212";258;230;22;208;124;84
"21213";529;452;28;424;164;260
"21214";146;124;8;116;74;42
"21215";102;92;4;88;28;60
"21216";70;55;5;50;29;21
"21217";107;104;7;97;50;47
"21218";82;71;0;71;46;25
"21219";93;88;1;87;46;41
"21220";123;106;10;96;43;53
"21221";39;37;6;31;22;9
"21222";108;92;5;87;26;61
"21223";1216;1070;32;1038;417;621
"21224";69;57;5;52;17;35
"21225";110;93;6;87;49;38
"21226";271;236;10;226;127;99
"21227";301;269;11;258;84;174
"21228";113;94;6;88;48;40
"21229";75;69;2;67;23;44
"21230";221;197;10;187;71;116
"21231";81634;67504;3250;64254;34466;29788
"21232";168;149;11;138;59;79
"21233";136;114;9;105;45;60
"21234";51;44;2;42;26;16
"21235";47;42;7;35;10;25
"21236";170;142;8;134;82;52
"21237";80;69;4;65;19;46
"21238";97;82;5;77;41;36
"21239";510;422;12;410;201;209
"21240";177;145;10;135;61;74
"21241";229;201;11;190;75;115
"21242";191;153;11;142;72;70
"21243";81;64;8;56;27;29
"21244";54;38;1;37;16;21
"21245";231;207;9;198;76;122
"21246";129;110;9;101;41;60
"21247";569;471;23;448;214;234
"21248";66;59;4;55;22;33
"21249";534;425;37;388;178;210
"21250";90;78;10;68;25;43
"21251";157;133;13;120;54;66
"21252";80;71;2;69;18;51
"21253";124;104;9;95;23;72
"21254";134;121;4;117;57;60
"21255";223;208;8;200;73;127
"21256";208;176;12;164;52;112
"21257";53;48;2;46;18;28
"21258";162;136;9;127;66;61
"21259";220;194;19;175;76;99
"21260";115;103;8;95;48;47
"21261";482;430;27;403;173;230
"21262";38;28;2;26;0;26
"21263";1211;1056;61;995;387;608
"21264";59;46;2;44;22;22
"21265";662;580;24;556;229;327
"21266";134;116;6;110;43;67
"21267";410;351;31;320;124;196
"21268";138;114;6;108;22;86
"21269";349;281;20;261;97;164
"21270";148;131;4;127;46;81
"21271";279;230;9;221;87;134
"21272";131;109;10;99;54;45
"21273";849;750;31;719;369;350
"21274";114;99;7;92;31;61
"21275";141;103;8;95;64;31
"21276";110;103;6;97;23;74
"21277";581;473;40;433;185;248
"21278";6718;5873;266;5607;2121;3486
"21279";36;28;1;27;15;12
"21280";119;97;11;86;31;55
"21281";112;92;11;81;30;51
"21282";84;68;4;64;33;31
"21283";64;57;6;51;19;32
"21284";213;187;11;176;71;105
"21285";331;285;20;265;102;163
"21286";71;61;1;60;20;40
"21287";139;117;6;111;48;63
"21288";174;141;15;126;66;60
"21289";91;85;2;83;48;35
"21290";556;478;32;446;213;233
"21291";277;241;16;225;126;99
"21292";3643;2922;204;2718;1414;1304
"21293";111;97;4;93;44;49
"21294";298;246;12;234;89;145
"21295";2180;1815;111;1704;855;849
"21296";169;150;8;142;58;84
"21297";465;412;32;380;173;207
"21298";79;68;7;61;20;41
"21299";96;85;2;83;40;43
"21300";270;242;22;220;110;110
"21301";171;136;14;122;53;69
"21302";106;89;7;82;48;34
"21303";12;11;0;11;5;6
"21304";209;191;9;182;78;104
"21305";186;154;7;147;66;81
"21306";134;125;8;117;37;80
"21307";124;119;9;110;64;46
"21308";215;178;16;162;67;95
"21309";67;59;7;52;23;29
"21310";95;78;7;71;35;36
"21311";64;55;8;47;28;19
"21312";31;24;5;19;9;10
"21313";53;44;1;43;13;30
"21314";90;75;8;67;38;29
"21315";874;758;38;720;318;402
"21316";261;224;11;213;94;119
"21317";3023;2405;139;2266;1172;1094
"21318";136;110;10;100;44;56
"21319";540;476;34;442;191;251
"21320";573;483;29;454;199;255
"21321";91;80;5;75;37;38
"21322";231;183;15;168;92;76
"21323";88;83;9;74;27;47
"21324";31;27;5;22;10;12
"21325";157;134;8;126;31;95
"21326";72;64;3;61;26;35
"21327";94;83;1;82;43;39
"21328";52;47;4;43;28;15
"21329";52;49;8;41;18;23
"21330";304;266;14;252;96;156
"21331";261;228;21;207;84;123
"21332";694;586;47;539;236;303
"21333";150;134;13;121;40;81
"21334";458;342;12;330;198;132
"21335";96;87;8;79;48;31
"21336";618;528;42;486;243;243
"21337";947;790;59;731;369;362
"21338";140;121;3;118;50;68
"21339";381;352;26;326;179;147
"21340";148;119;9;110;53;57
"21341";79;74;4;70;34;36
"21342";291;231;14;217;88;129
"21343";90;76;13;63;28;35
"21344";166;139;10;129;44;85
"21345";142;123;14;109;37;72
"21346";252;209;6;203;97;106
"21347";250;220;5;215;60;155
"21348";76;65;6;59;25;34
"21349";491;399;28;371;188;183
"21350";45;36;4;32;12;20
"21351";833;673;44;629;303;326
"21352";455;385;22;363;156;207
"21353";916;814;35;779;383;396
"21354";52;46;3;43;17;26
"21355";5615;4502;286;4216;2315;1901
"21356";1039;881;72;809;343;466
"21357";93;80;4;76;24;52
"21358";164;142;13;129;61;68
"21359";54;48;5;43;16;27
"21360";101;84;4;80;39;41
"21361";365;294;15;279;112;167
"21362";100;83;3;80;48;32
"21363";267;229;18;211;84;127
"21364";74;59;2;57;32;25
"21365";69;61;2;59;20;39
"21366";163;141;13;128;56;72
"21367";171;147;9;138;72;66
"21368";205;182;13;169;88;81
"21369";216;175;13;162;57;105
"21370";626;528;37;491;195;296
"21371";608;501;37;464;191;273
"21372";75;68;6;62;39;23
"21373";595;518;43;475;277;198
"21374";172;143;9;134;58;76
"21375";203;165;7;158;75;83
"21376";77;73;5;68;27;41
"21377";39;35;1;34;14;20
"21378";93;72;7;65;34;31
"21379";145;111;10;101;34;67
"21380";50;42;3;39;14;25
"21381";75;69;5;64;18;46
"21382";178;156;10;146;61;85
"21383";1173;967;48;919;433;486
"21384";54;52;0;52;18;34
"21385";264;225;9;216;122;94
"21386";229;198;12;186;98;88
"21387";152;134;8;126;40;86
"21388";307;252;14;238;112;126
"21389";222;181;14;167;89;78
"21390";4037;3386;219;3167;1517;1650
"21391";584;524;17;507;177;330
"21392";55;48;5;43;13;30
"21393";110;104;6;98;45;53
"21394";155;133;11;122;75;47
"21395";83;73;7;66;23;43
"21396";70;63;4;59;23;36
"21397";121;105;11;94;36;58
"21398";235;205;17;188;98;90
"21399";146;136;4;132;41;91
"21400";44;41;0;41;9;32
"21401";277;251;13;238;110;128
"21402";17;16;0;16;3;13
"21403";77;71;6;65;39;26
"21404";357;302;22;280;157;123
"21405";579;531;26;505;192;313
"21406";196;155;12;143;73;70
"21407";173;156;10;146;78;68
"21408";1078;946;36;910;345;565
"21409";394;341;30;311;167;144
"21410";33;29;3;26;6;20
"21411";359;302;25;277;102;175
"21412";1234;1006;42;964;298;666
"21413";303;272;18;254;96;158
"21414";205;174;19;155;63;92
"21415";204;177;4;173;31;142
"21416";1289;1115;82;1033;507;526
"21417";84;73;2;71;42;29
"21418";60;40;5;35;14;21
"21419";204;187;16;171;67;104
"21420";145;111;11;100;49;51
"21421";182;159;4;155;81;74
"21422";124;110;5;105;44;61
"21423";561;498;36;462;204;258
"21424";93;78;4;74;36;38
"21425";3837;2998;226;2772;1595;1177
"21426";198;169;13;156;73;83
"21427";140;126;7;119;46;73
"21428";159;132;9;123;28;95
"21429";244;214;14;200;81;119
"21430";67;63;4;59;24;35
"21431";112;95;8;87;54;33
"21432";250;215;12;203;68;135
"21433";324;269;21;248;99;149
"21434";111;89;5;84;37;47
"21435";211;178;16;162;69;93
"21436";80;74;3;71;34;37
"21437";134;121;13;108;46;62
"21438";82;73;5;68;30;38
"21439";71;66;2;64;35;29
"21440";186;151;13;138;63;75
"21441";237;192;9;183;77;106
"21442";521;425;20;405;155;250
"21444";66;54;3;51;19;32
"21445";169;137;11;126;60;66
"21446";161;134;2;132;68;64
"21447";67;59;7;52;17;35
"21448";71;59;6;53;36;17
"21449";165;143;12;131;64;67
"21450";159;146;10;136;56;80
"21451";72;61;3;58;24;34
"21452";1313;1117;55;1062;562;500
"21454";117;91;6;85;27;58
"21455";200;155;10;145;79;66
"21456";146;113;2;111;74;37
"21457";72;64;2;62;25;37
"21458";705;636;36;600;277;323
"21459";158;137;9;128;57;71
"21460";68;59;2;57;20;37
"21461";1079;858;63;795;393;402
"21462";622;554;31;523;216;307
"21463";41;39;4;35;15;20
"21464";3738;3098;196;2902;1425;1477
"21465";59;48;4;44;19;25
"21466";35;27;2;25;13;12
"21467";118;104;5;99;45;54
"21468";94;74;6;68;14;54
"21469";362;328;17;311;103;208
"21470";32;29;3;26;2;24
"21471";24;19;1;18;6;12
"21472";146;121;11;110;53;57
"21473";705;587;46;541;258;283
"21474";295;234;20;214;89;125
"21475";372;323;25;298;124;174
"21476";127;102;4;98;49;49
"21477";66;56;2;54;31;23
"21478";227;200;15;185;79;106
"21479";93;82;7;75;22;53
"21480";233;202;16;186;79;107
"21481";1152;1008;75;933;424;509
"21482";498;414;33;381;167;214
"21483";201;179;14;165;70;95
"21484";57;51;2;49;21;28
"21485";1990;1551;62;1489;801;688
"21486";396;336;24;312;147;165
"21487";299;251;18;233;111;122
"21488";173;138;12;126;57;69
"21489";54;41;4;37;9;28
"21490";140;116;6;110;40;70
"21491";57;47;1;46;18;28
"21492";402;330;17;313;80;233
"21493";406;353;26;327;163;164
"21494";69;63;4;59;30;29
"21495";86;74;6;68;31;37
"21496";945;739;52;687;332;355
"21497";156;137;7;130;54;76
"21498";54;51;6;45;19;26
"21499";124;107;3;104;40;64
"21500";417;335;23;312;186;126
"21501";952;765;41;724;272;452
"21502";458;371;27;344;176;168
"21503";119;100;9;91;38;53
"21504";72;68;2;66;46;20
"21505";526;422;33;389;198;191
"21506";295;242;13;229;81;148
"21507";109;96;12;84;42;42
"21508";294;248;12;236;89;147
"21510";154;135;7;128;54;74
"21511";125;107;9;98;41;57
"21512";351;292;16;276;90;186
"21513";147;132;12;120;53;67
"21514";95;85;8;77;28;49
"21515";6625;5460;273;5187;3306;1881
"21516";63;56;3;53;31;22
"21517";351;309;16;293;139;154
"21518";179;158;11;147;71;76
"21519";304;243;21;222;65;157
"21520";101;90;2;88;45;43
"21521";601;535;29;506;238;268
"21522";325;287;11;276;131;145
"21523";92;87;4;83;47;36
"21524";83;77;3;74;35;39
"21525";726;615;38;577;272;305
"21526";41;37;3;34;20;14
"21527";230;181;17;164;59;105
"21528";118;107;13;94;34;60
"21529";39;34;6;28;15;13
"21530";145;123;19;104;64;40
"21531";399;312;11;301;139;162
"21532";751;663;27;636;205;431
"21533";96;82;3;79;32;47
"21534";551;485;33;452;188;264
"21535";949;841;40;801;320;481
"21536";232;189;18;171;61;110
"21537";100;89;5;84;46;38
"21538";122;109;10;99;62;37
"21539";57;49;3;46;9;37
"21540";5320;4520;241;4279;2073;2206
"21541";209;186;10;176;41;135
"21542";287;266;17;249;114;135
"21543";167;127;5;122;49;73
"21544";49;44;2;42;18;24
"21545";703;546;47;499;278;221
"21546";181;136;6;130;55;75
"21547";161;149;11;138;48;90
"21548";148;135;16;119;64;55
"21549";87;67;2;65;30;35
"21550";83;69;6;63;29;34
"21552";42;40;4;36;15;21
"21553";97;83;9;74;36;38
"21554";700;485;31;454;175;279
"21555";1067;900;49;851;372;479
"21556";171;142;7;135;43;92
"21557";109;93;2;91;34;57
"21558";671;574;40;534;232;302
"21559";504;443;20;423;205;218
"21560";259;216;19;197;112;85
"21561";333;298;19;279;98;181
"21562";165;145;11;134;62;72
"21563";115;92;4;88;50;38
"21564";359;289;24;265;120;145
"21565";330;307;18;289;120;169
"21566";105;95;8;87;50;37
"21567";219;174;12;162;49;113
"21568";600;515;36;479;237;242
"21569";200;169;7;162;64;98
"21570";138;117;3;114;32;82
"21571";170;143;12;131;69;62
"21572";215;170;18;152;57;95
"21573";245;214;10;204;64;140
"21574";323;265;33;232;93;139
"21575";236;209;12;197;82;115
"21576";112;98;8;90;28;62
"21577";816;683;52;631;294;337
"21578";218;198;16;182;87;95
"21579";181;149;13;136;60;76
"21580";126;109;5;104;52;52
"21581";132;106;5;101;42;59
"21582";559;471;40;431;178;253
"21583";42;36;6;30;15;15
"21584";1802;1436;81;1355;616;739
"21585";735;619;40;579;244;335
"21586";454;406;26;380;157;223
"21587";183;164;10;154;58;96
"21588";69;62;6;56;18;38
"21589";64;52;4;48;23;25
"21590";1088;949;39;910;320;590
"21591";640;576;35;541;228;313
"21592";177;150;2;148;76;72
"21593";81;75;3;72;42;30
"21594";164;142;6;136;45;91
"21595";125;116;7;109;43;66
"21596";233;202;14;188;80;108
"21597";49;44;2;42;21;21
"21598";143;129;10;119;85;34
"21599";1693;1406;72;1334;740;594
"21600";97;83;10;73;35;38
"21601";92;80;9;71;47;24
"21602";40;32;2;30;11;19
"21603";2792;2372;139;2233;1218;1015
"21604";121;108;8;100;55;45
"21605";1764;1480;80;1400;714;686
"21606";1309;1147;81;1066;437;629
"21607";1682;1282;67;1215;640;575
"21608";100;88;5;83;37;46
"21609";349;269;15;254;108;146
"21610";251;212;16;196;77;119
"21611";619;515;28;487;216;271
"21612";79;72;9;63;26;37
"21613";115;101;5;96;46;50
"21614";225;197;21;176;69;107
"21615";234;193;11;182;77;105
"21616";171;143;8;135;40;95
"21617";7664;6480;283;6197;3042;3155
"21618";429;343;16;327;136;191
"21619";186;161;3;158;64;94
"21620";142;125;8;117;49;68
"21621";170;151;12;139;69;70
"21622";182;162;6;156;75;81
"21623";974;785;53;732;346;386
"21624";108;95;8;87;44;43
"21625";80;69;4;65;21;44
"21626";72;58;6;52;18;34
"21627";103;91;4;87;51;36
"21628";72;60;5;55;17;38
"21629";247;211;10;201;70;131
"21630";165;149;12;137;55;82
"21631";53;44;1;43;23;20
"21632";732;629;39;590;280;310
"21633";171;138;8;130;58;72
"21634";142;117;7;110;54;56
"21635";114;102;5;97;42;55
"21636";262;212;20;192;75;117
"21637";176;151;9;142;57;85
"21638";697;608;32;576;273;303
"21639";503;424;35;389;162;227
"21640";143;120;10;110;64;46
"21641";319;286;26;260;120;140
"21642";350;268;31;237;129;108
"21643";257;210;19;191;71;120
"21644";122;106;13;93;61;32
"21645";408;336;24;312;153;159
"21646";111;89;7;82;27;55
"21647";106;89;7;82;53;29
"21648";161;142;7;135;50;85
"21649";57;51;6;45;13;32
"21650";124;112;10;102;58;44
"21651";169;152;9;143;51;92
"21652";229;203;13;190;83;107
"21653";44;40;6;34;15;19
"21655";217;164;10;154;67;87
"21656";525;455;26;429;189;240
"21657";1729;1507;102;1405;547;858
"21658";40;32;4;28;17;11
"21659";136;119;8;111;56;55
"21660";59;52;6;46;21;25
"21661";1187;1061;66;995;494;501
"21662";42;37;3;34;18;16
"21663";2068;1714;119;1595;991;604
"21664";77;71;3;68;24;44
"21665";115;106;9;97;44;53
"21666";66;55;4;51;22;29
"21667";305;262;15;247;108;139
"21669";53;52;5;47;25;22
"21670";201;176;16;160;81;79
"21671";51;41;2;39;13;26
"21672";34;25;2;23;10;13
"21673";171;150;8;142;65;77
"21674";199;159;8;151;44;107
"21675";66;55;2;53;27;26
"21676";205;160;11;149;78;71
"21677";85;68;10;58;26;32
"21678";172;145;6;139;84;55
"21679";107;90;4;86;39;47
"21680";358;309;15;294;153;141
"21681";85;75;6;69;19;50
"21682";161;147;11;136;48;88
"21683";316;248;16;232;80;152
"21684";588;511;33;478;192;286
"21685";209;160;17;143;42;101
"21686";127;109;5;104;29;75
"21687";166;137;6;131;67;64
"21688";120;105;7;98;45;53
"21689";127;113;2;111;60;51
"21690";108;98;2;96;37;59
"21691";286;256;17;239;129;110
"21692";210;189;13;176;72;104
"21693";65;47;4;43;13;30
"21694";41;38;5;33;9;24
"21695";39;35;1;34;9;25
"21696";69;56;3;53;27;26
"21698";329;296;25;271;164;107
"21699";762;633;45;588;286;302
"21700";87;72;6;66;28;38
"21701";101;85;3;82;35;47
"21702";223;178;11;167;76;91
"21703";46;40;3;37;31;6
"21704";88;81;7;74;28;46
"21705";62;55;5;50;29;21
"21706";107;82;10;72;28;44
"21707";204;166;15;151;68;83
"21708";235;208;16;192;66;126
"21709";151;134;9;125;78;47
"21710";722;576;37;539;276;263
"21711";95;82;6;76;47;29
"21712";248;220;15;205;30;175
"21713";243;204;17;187;111;76
"21714";336;285;13;272;55;217
"21715";164;138;9;129;56;73
"21716";164;139;11;128;47;81
"21717";252;225;13;212;104;108
"22001";432;392;21;371;207;164
"22002";839;746;51;695;388;307
"22003";629;544;42;502;325;177
"22004";3671;3012;166;2846;1981;865
"22005";753;680;51;629;430;199
"22006";173;151;11;140;82;58
"22007";3255;2783;127;2656;1304;1352
"22008";845;766;48;718;451;267
"22009";132;114;11;103;63;40
"22011";764;669;41;628;384;244
"22012";632;576;41;535;308;227
"22013";1741;1473;78;1395;923;472
"22014";797;696;41;655;396;259
"22015";1144;1026;68;958;513;445
"22016";452;382;15;367;156;211
"22018";256;220;7;213;150;63
"22019";289;258;19;239;112;127
"22020";2055;1807;92;1715;896;819
"22021";817;721;47;674;447;227
"22023";330;302;13;289;173;116
"22024";175;144;7;137;73;64
"22025";1712;1470;65;1405;935;470
"22026";540;463;30;433;252;181
"22027";383;336;23;313;104;209
"22028";621;557;31;526;314;212
"22029";306;266;11;255;143;112
"22030";638;571;26;545;372;173
"22031";568;496;17;479;324;155
"22032";1784;1576;97;1479;812;667
"22033";285;246;12;234;140;94
"22034";1072;943;56;887;618;269
"22035";835;708;37;671;410;261
"22036";166;151;9;142;64;78
"22037";329;297;10;287;204;83
"22038";685;581;39;542;322;220
"22039";471;404;25;379;242;137
"22040";400;364;27;337;248;89
"22041";162;137;6;131;92;39
"22042";365;321;15;306;178;128
"22043";177;155;10;145;61;84
"22044";1186;1058;57;1001;591;410
"22045";326;281;19;262;152;110
"22046";568;479;29;450;268;182
"22047";763;679;42;637;358;279
"22048";1601;1380;68;1312;736;576
"22049";1274;1081;47;1034;512;522
"22050";8066;6352;309;6043;3321;2722
"22051";433;368;23;345;216;129
"22052";266;225;8;217;144;73
"22053";481;439;27;412;192;220
"22054";3362;2948;160;2788;1275;1513
"22055";2509;2167;97;2070;1068;1002
"22056";1180;1035;64;971;520;451
"22057";258;238;23;215;116;99
"22058";337;296;19;277;155;122
"22059";1034;923;47;876;517;359
"22060";484;422;21;401;161;240
"22061";1111;955;51;904;594;310
"22062";445;382;20;362;216;146
"22063";403;348;29;319;196;123
"22064";535;476;17;459;248;211
"22065";1239;1106;73;1033;607;426
"22066";828;734;38;696;448;248
"22067";1920;1659;90;1569;1001;568
"22068";291;271;28;243;129;114
"22069";181;165;8;157;77;80
"22070";4412;3499;182;3317;2109;1208
"22071";502;423;16;407;203;204
"22072";340;286;15;271;190;81
"22073";294;269;23;246;145;101
"22074";554;495;30;465;214;251
"22075";462;397;19;378;179;199
"22076";1094;983;38;945;437;508
"22077";865;782;38;744;405;339
"22078";157;129;14;115;67;48
"22079";1568;1381;69;1312;720;592
"22080";545;480;22;458;266;192
"22081";3213;2789;174;2615;1498;1117
"22082";627;546;30;516;355;161
"22083";538;470;24;446;247;199
"22084";1237;1099;62;1037;636;401
"22085";272;246;16;230;139;91
"22086";535;456;28;428;232;196
"22087";502;424;11;413;285;128
"22088";210;187;9;178;86;92
"22090";734;645;31;614;382;232
"22091";297;270;17;253;173;80
"22092";233;206;7;199;138;61
"22093";9009;7811;390;7421;4144;3277
"22094";1339;1200;43;1157;517;640
"22095";137;121;7;114;75;39
"22096";379;313;24;289;182;107
"22097";484;437;22;415;236;179
"22098";957;861;39;822;439;383
"22099";759;685;43;642;373;269
"22100";502;454;23;431;196;235
"22101";889;762;41;721;428;293
"22102";417;347;19;328;202;126
"22103";610;546;32;514;297;217
"22104";319;269;18;251;169;82
"22105";797;692;40;652;387;265
"22106";5508;4750;238;4512;2752;1760
"22107";587;527;19;508;336;172
"22108";98;87;0;87;65;22
"22109";195;165;6;159;87;72
"22110";330;296;16;280;184;96
"22111";382;333;34;299;165;134
"22112";350;305;17;288;166;122
"22113";13564;11624;576;11048;7559;3489
"22114";662;563;38;525;230;295
"22115";395;342;21;321;215;106
"22116";857;733;55;678;406;272
"22117";1158;1039;73;966;547;419
"22118";2985;2627;149;2478;1403;1075
"22119";500;425;18;407;284;123
"22121";1216;1073;72;1001;520;481
"22122";550;484;35;449;283;166
"22123";2160;1920;107;1813;991;822
"22124";148;131;3;128;75;53
"22126";114;105;1;104;65;39
"22127";1349;1152;38;1114;565;549
"22128";327;290;14;276;143;133
"22129";70;57;3;54;36;18
"22131";726;639;27;612;383;229
"22132";205;180;7;173;106;67
"22133";486;418;26;392;168;224
"22134";2500;2237;114;2123;1341;782
"22135";1789;1544;91;1453;1050;403
"22136";7285;6020;368;5652;3119;2533
"22137";1086;959;51;908;631;277
"22138";300;238;14;224;140;84
"22139";87;78;5;73;39;34
"22140";368;326;25;301;156;145
"22141";149;131;6;125;81;44
"22143";1360;1205;50;1155;622;533
"22144";955;856;45;811;551;260
"22145";544;481;33;448;260;188
"22146";326;282;13;269;205;64
"22147";2147;1838;89;1749;899;850
"22148";198;181;8;173;87;86
"22149";378;343;19;324;183;141
"22150";695;597;44;553;340;213
"22151";701;622;24;598;344;254
"22152";862;790;49;741;437;304
"22153";422;357;18;339;185;154
"22154";706;635;33;602;367;235
"22155";1606;1382;85;1297;669;628
"22156";472;428;19;409;294;115
"22157";478;433;21;412;296;116
"22158";1549;1402;93;1309;697;612
"22160";662;596;37;559;367;192
"22161";2174;1842;81;1761;1136;625
"22162";6402;5185;237;4948;2696;2252
"22163";516;448;26;422;260;162
"22164";1390;1223;77;1146;848;298
"22165";434;391;24;367;177;190
"22166";2394;2074;85;1989;1108;881
"22167";148;124;5;119;78;41
"22168";6895;5686;257;5429;2903;2526
"22169";116;106;4;102;72;30
"22170";1066;961;74;887;465;422
"22171";3045;2720;153;2567;1518;1049
"22172";2357;1961;101;1860;1022;838
"22173";1572;1395;72;1323;693;630
"22174";622;525;23;502;306;196
"22175";1033;908;61;847;528;319
"22176";4834;4155;245;3910;2494;1416
"22177";944;840;31;809;514;295
"22178";967;854;40;814;488;326
"22179";1520;1303;62;1241;629;612
"22180";1357;1218;57;1161;730;431
"22181";531;440;20;420;290;130
"22182";2256;2023;106;1917;1094;823
"22183";2277;1964;134;1830;1044;786
"22184";1219;1076;58;1018;554;464
"22185";1745;1499;62;1437;925;512
"22186";3646;3203;142;3061;1319;1742
"22187";10163;9101;432;8669;5087;3582
"22188";667;617;38;579;356;223
"22189";475;403;32;371;228;143
"22190";2578;2233;144;2089;1187;902
"22191";1436;1260;50;1210;592;618
"22192";79;68;4;64;40;24
"22193";1208;1046;68;978;571;407
"22194";2996;2606;130;2476;1612;864
"22195";2369;1964;106;1858;1004;854
"22196";719;637;34;603;378;225
"22197";2101;1836;112;1724;838;886
"22198";3461;3038;136;2902;1907;995
"22199";977;857;34;823;449;374
"22200";450;373;18;355;246;109
"22201";755;666;27;639;345;294
"22202";576;478;36;442;303;139
"22203";2496;2117;116;2001;1177;824
"22204";995;885;44;841;529;312
"22205";346;301;15;286;161;125
"22206";2031;1772;116;1656;1046;610
"22207";1751;1536;83;1453;935;518
"22208";1193;1034;60;974;546;428
"22209";2162;1908;98;1810;961;849
"22210";2854;2464;127;2337;1193;1144
"22211";2681;2307;107;2200;1535;665
"22212";914;796;48;748;513;235
"22213";2678;2332;112;2220;1343;877
"22214";2856;2411;135;2276;1342;934
"22215";8242;7115;440;6675;4435;2240
"22216";566;497;26;471;330;141
"22217";374;336;18;318;196;122
"22218";1227;1039;47;992;568;424
"22219";1428;1260;61;1199;525;674
"22220";1360;1235;85;1150;799;351
"22221";1417;1222;44;1178;773;405
"22222";4036;3391;191;3200;1725;1475
"22223";1427;1221;76;1145;805;340
"22224";1348;1200;58;1142;818;324
"22225";3735;3259;175;3084;2170;914
"22226";1983;1755;110;1645;1033;612
"22227";566;494;27;467;333;134
"22228";1143;980;67;913;642;271
"22229";849;737;46;691;441;250
"22231";274;238;10;228;158;70
"22232";1477;1316;87;1229;628;601
"22233";1752;1531;93;1438;871;567
"22234";763;674;43;631;367;264
"22235";186;175;1;174;105;69
"22236";541;479;34;445;262;183
"22237";1613;1456;95;1361;756;605
"22238";456;398;23;375;265;110
"22239";845;700;30;670;426;244
"22240";885;792;36;756;367;389
"22241";787;689;37;652;304;348
"22242";1164;1010;46;964;575;389
"22243";445;391;18;373;265;108
"22244";366;340;21;319;192;127
"22245";837;732;38;694;468;226
"22246";1452;1289;68;1221;711;510
"22247";812;682;36;646;382;264
"22248";1380;1186;65;1121;726;395
"22249";533;446;33;413;255;158
"22250";742;638;30;608;349;259
"22251";4755;4199;242;3957;2204;1753
"22253";138;117;6;111;68;43
"22254";858;738;35;703;412;291
"22255";622;540;34;506;289;217
"22256";903;801;44;757;445;312
"22257";307;274;7;267;183;84
"22258";2855;2488;144;2344;1288;1056
"22259";2904;2497;160;2337;1343;994
"22260";345;307;28;279;102;177
"22261";257;222;19;203;98;105
"22262";2050;1758;85;1673;961;712
"22263";232;190;8;182;132;50
"22264";870;701;36;665;407;258
"22265";1363;1193;61;1132;786;346
"22266";2311;1964;116;1848;1229;619
"22267";272;242;18;224;115;109
"22268";450;385;28;357;224;133
"22269";192;179;5;174;116;58
"22271";283;249;20;229;163;66
"22272";1646;1431;85;1346;883;463
"22273";1542;1394;103;1291;578;713
"22274";228;194;7;187;132;55
"22275";960;842;54;788;435;353
"22276";149;142;5;137;82;55
"22277";1727;1533;85;1448;879;569
"22278";31103;24267;1156;23111;14573;8538
"22279";835;715;49;666;371;295
"22280";810;661;30;631;399;232
"22281";1080;953;60;893;569;324
"22282";3318;2868;118;2750;1261;1489
"22283";692;610;22;588;403;185
"22284";234;210;7;203;123;80
"22285";227;204;8;196;110;86
"22286";343;304;16;288;139;149
"22287";1158;1024;63;961;561;400
"22288";292;252;14;238;86;152
"22289";180;161;10;151;98;53
"22290";257;234;18;216;138;78
"22291";212;198;10;188;105;83
"22292";371;316;13;303;173;130
"22293";326;283;12;271;159;112
"22294";221;183;10;173;100;73
"22295";242;223;6;217;113;104
"22296";463;394;26;368;224;144
"22297";547;474;19;455;246;209
"22298";332;303;16;287;136;151
"22299";968;855;52;803;476;327
"22300";292;258;19;239;105;134
"22302";904;807;41;766;358;408
"22303";533;448;27;421;262;159
"22304";389;342;24;318;197;121
"22305";331;284;15;269;110;159
"22306";419;380;20;360;162;198
"22307";1534;1351;94;1257;777;480
"22308";504;445;29;416;275;141
"22309";166;147;8;139;83;56
"22310";373;331;10;321;240;81
"22311";672;597;35;562;338;224
"22312";166;148;9;139;78;61
"22313";268;243;21;222;109;113
"22314";307;265;8;257;142;115
"22315";224;195;12;183;125;58
"22316";341;310;19;291;181;110
"22317";202;191;7;184;102;82
"22318";228;203;10;193;127;66
"22319";397;316;10;306;166;140
"22320";135;108;4;104;77;27
"22321";1317;1129;53;1076;683;393
"22322";284;256;24;232;135;97
"22323";617;552;34;518;273;245
"22324";1188;1024;47;977;626;351
"22325";2908;2408;116;2292;1011;1281
"22326";343;291;15;276;161;115
"22327";1090;998;59;939;573;366
"22328";301;263;9;254;168;86
"22330";317;281;14;267;126;141
"22331";145;129;1;128;66;62
"22332";329;292;23;269;152;117
"22333";549;481;32;449;293;156
"22334";101;92;1;91;45;46
"22335";198;178;11;167;65;102
"22337";838;709;32;677;380;297
"22338";564;499;36;463;323;140
"22339";1649;1482;86;1396;746;650
"22340";889;776;42;734;507;227
"22341";501;441;46;395;240;155
"22342";262;229;11;218;137;81
"22343";3377;2897;130;2767;1637;1130
"22344";518;464;16;448;331;117
"22345";614;556;25;531;340;191
"22346";724;654;41;613;329;284
"22347";883;782;44;738;474;264
"22348";386;348;15;333;219;114
"22349";1163;1043;57;986;690;296
"22350";170;151;7;144;100;44
"22351";481;422;22;400;259;141
"22352";240;218;13;205;117;88
"22353";2314;2060;92;1968;1066;902
"22354";742;653;49;604;391;213
"22356";645;591;37;554;250;304
"22357";209;194;10;184;86;98
"22358";406;362;11;351;274;77
"22359";314;277;18;259;161;98
"22360";6296;5355;302;5053;3132;1921
"22361";507;439;23;416;242;174
"22362";1536;1311;64;1247;758;489
"22363";1135;1019;40;979;620;359
"22364";1893;1659;120;1539;990;549
"22365";145;122;4;118;81;37
"22366";359;310;18;292;180;112
"22367";526;474;32;442;237;205
"22368";485;450;20;430;256;174
"22369";523;477;33;444;287;157
"22370";265;242;21;221;150;71
"22371";802;700;33;667;339;328
"22372";1356;1222;82;1140;745;395
"22373";93;81;9;72;41;31
"22375";517;458;27;431;284;147
"22376";1137;992;66;926;495;431
"22377";670;589;40;549;295;254
"22378";154;140;5;135;75;60
"22379";1147;966;36;930;560;370
"22380";529;470;25;445;292;153
"22381";250;230;12;218;130;88
"22383";194;163;5;158;106;52
"22384";764;688;38;650;350;300
"22385";727;616;28;588;335;253
"22386";522;453;29;424;212;212
"22387";1011;886;39;847;575;272
"22388";796;725;42;683;405;278
"22389";3302;2948;168;2780;1605;1175
"22390";569;500;25;475;242;233
"22391";880;738;46;692;420;272
"23001";1102;920;63;857;473;384
"23002";738;631;43;588;343;245
"23003";112;94;11;83;39;44
"23004";472;381;30;351;238;113
"23005";155;120;10;110;56;54
"23006";217;186;16;170;92;78
"23007";230;196;11;185;119;66
"23008";2792;2206;139;2067;1259;808
"23009";106;96;10;86;45;41
"23010";111;91;4;87;48;39
"23011";149;134;10;124;75;49
"23012";111;85;6;79;44;35
"23013";1008;825;53;772;481;291
"23014";102;91;3;88;59;29
"23015";723;615;23;592;317;275
"23016";138;126;4;122;59;63
"23017";180;136;7;129;81;48
"23018";243;216;21;195;106;89
"23019";36;33;2;31;25;6
"23020";329;270;19;251;175;76
"23021";621;506;26;480;256;224
"23022";316;266;17;249;158;91
"23023";89;79;9;70;42;28
"23024";436;368;34;334;217;117
"23025";1074;889;73;816;490;326
"23026";310;239;26;213;120;93
"23027";225;188;21;167;95;72
"23028";84;74;1;73;55;18
"23029";189;156;20;136;85;51
"23030";1709;1400;87;1313;842;471
"23031";1046;865;50;815;486;329
"23032";675;549;32;517;350;167
"23033";341;288;24;264;191;73
"23034";27;26;2;24;11;13
"23035";546;461;22;439;284;155
"23036";777;646;33;613;354;259
"23037";97;76;3;73;40;33
"23038";176;148;6;142;94;48
"23039";531;440;30;410;244;166
"23040";122;106;4;102;49;53
"23041";222;184;14;170;115;55
"23042";114;97;4;93;59;34
"23043";95;75;6;69;47;22
"23044";84;74;5;69;44;25
"23045";664;561;37;524;297;227
"23046";70;64;3;61;26;35
"23047";183;151;6;145;87;58
"23048";374;318;20;298;184;114
"23049";186;164;10;154;117;37
"23050";121;106;9;97;47;50
"23051";78;70;4;66;42;24
"23052";278;245;28;217;160;57
"23053";167;139;15;124;81;43
"23054";208;176;13;163;94;69
"23055";36;32;7;25;11;14
"23056";310;256;11;245;173;72
"23057";488;399;32;367;219;148
"23058";95;80;11;69;30;39
"23059";97;86;6;80;43;37
"23060";109;94;6;88;70;18
"23061";521;441;29;412;216;196
"23062";456;374;24;350;226;124
"23063";141;119;12;107;50;57
"23064";544;464;27;437;235;202
"23065";227;178;9;169;94;75
"23066";185;155;9;146;74;72
"23067";551;472;29;443;252;191
"23068";535;460;35;425;181;244
"23069";375;296;13;283;168;115
"23070";503;413;12;401;221;180
"23071";163;148;11;137;72;65
"23072";219;182;16;166;105;61
"23073";383;330;17;313;122;191
"23074";140;122;12;110;73;37
"23075";816;706;57;649;302;347
"23076";1093;921;61;860;496;364
"23077";314;278;8;270;208;62
"23078";133;114;13;101;64;37
"23079";1162;958;69;889;527;362
"23080";99;81;6;75;54;21
"23081";335;279;21;258;145;113
"23082";248;208;11;197;128;69
"23083";190;169;6;163;90;73
"23084";124;99;7;92;55;37
"23086";228;190;8;182;114;68
"23087";551;423;33;390;218;172
"23088";118;101;1;100;46;54
"23089";626;530;31;499;266;233
"23090";293;246;22;224;180;44
"23091";169;129;12;117;71;46
"23092";519;449;37;412;248;164
"23093";1232;1068;80;988;505;483
"23095";989;794;63;731;418;313
"23096";8721;7024;416;6608;4383;2225
"23097";233;199;11;188;79;109
"23098";90;69;5;64;34;30
"23099";306;259;25;234;148;86
"23100";368;317;28;289;167;122
"23101";355;317;27;290;176;114
"23102";283;228;20;208;121;87
"23103";332;260;11;249;138;111
"23104";203;176;15;161;99;62
"23105";577;430;35;395;234;161
"23106";317;269;18;251;133;118
"23107";145;129;12;117;77;40
"23108";130;109;8;101;61;40
"23109";146;122;8;114;79;35
"23110";66;57;3;54;32;22
"23111";221;196;13;183;119;64
"23112";665;551;52;499;287;212
"23113";298;256;16;240;149;91
"23114";377;329;15;314;163;151
"23115";190;159;7;152;115;37
"23116";494;404;39;365;247;118
"23117";267;241;14;227;114;113
"23118";180;146;14;132;89;43
"23119";42;28;1;27;19;8
"23120";173;143;12;131;65;66
"23121";43;40;1;39;28;11
"23122";83;72;12;60;50;10
"23123";191;161;10;151;81;70
"23124";525;440;32;408;255;153
"23125";95;85;5;80;50;30
"23126";273;236;15;221;149;72
"23127";219;177;17;160;104;56
"23128";116;106;8;98;60;38
"23129";71;56;4;52;28;24
"23130";487;418;34;384;297;87
"23131";655;510;38;472;234;238
"23132";304;254;10;244;128;116
"23133";307;244;24;220;144;76
"23134";165;144;12;132;81;51
"23136";269;234;27;207;119;88
"23137";451;392;33;359;224;135
"23138";168;144;6;138;76;62
"23139";428;342;25;317;160;157
"23140";377;315;21;294;168;126
"23141";577;459;40;419;281;138
"23142";250;217;15;202;97;105
"23143";392;342;31;311;211;100
"23144";248;206;16;190;106;84
"23145";253;225;19;206;99;107
"23146";205;164;12;152;91;61
"23147";80;68;4;64;44;20
"23148";186;156;11;145;92;53
"23149";476;403;23;380;231;149
"23150";128;110;4;106;87;19
"23151";407;343;34;309;173;136
"23152";65;51;4;47;27;20
"23154";581;471;26;445;273;172
"23155";311;269;20;249;129;120
"23156";81;66;8;58;22;36
"23157";73;61;6;55;33;22
"23158";137;122;5;117;44;73
"23159";144;130;8;122;76;46
"23160";265;230;32;198;114;84
"23161";63;52;0;52;30;22
"23162";326;275;28;247;163;84
"23164";459;378;26;352;187;165
"23165";462;395;30;365;224;141
"23166";180;150;12;138;74;64
"23167";305;263;19;244;143;101
"23168";642;523;42;481;329;152
"23169";452;406;28;378;249;129
"23170";195;184;10;174;122;52
"23171";111;90;7;83;36;47
"23172";99;80;5;75;44;31
"23173";133;110;15;95;42;53
"23174";471;364;36;328;179;149
"23175";115;99;1;98;82;16
"23176";3996;3187;189;2998;1953;1045
"23177";965;802;58;744;496;248
"23178";182;152;13;139;91;48
"23179";243;212;11;201;127;74
"23180";400;345;29;316;194;122
"23181";171;147;7;140;84;56
"23182";162;151;14;137;80;57
"23183";62;55;3;52;26;26
"23184";101;82;5;77;23;54
"23185";288;228;11;217;102;115
"23186";122;106;1;105;85;20
"23187";185;171;12;159;82;77
"23188";193;160;10;150;89;61
"23189";681;576;41;535;351;184
"23190";162;137;15;122;63;59
"23191";169;142;6;136;100;36
"23192";628;507;39;468;316;152
"23193";1974;1743;94;1649;1064;585
"23194";116;104;10;94;57;37
"23195";782;671;56;615;420;195
"23196";180;163;12;151;73;78
"23197";298;249;12;237;133;104
"23198";141;126;11;115;76;39
"23199";352;287;16;271;173;98
"23200";186;156;15;141;93;48
"23201";190;160;12;148;98;50
"23202";213;166;20;146;92;54
"23203";199;173;14;159;82;77
"23204";123;110;2;108;46;62
"23205";142;118;5;113;70;43
"23206";525;461;19;442;274;168
"23207";160;137;12;125;77;48
"23208";349;299;12;287;200;87
"23209";147;130;7;123;66;57
"23210";205;178;9;169;97;72
"23211";302;256;16;240;156;84
"23212";108;99;12;87;44;43
"23213";156;132;12;120;72;48
"23214";200;170;13;157;97;60
"23215";109;93;5;88;59;29
"23216";147;120;3;117;82;35
"23217";311;271;24;247;176;71
"23218";114;88;5;83;47;36
"23219";904;768;61;707;439;268
"23220";502;410;32;378;188;190
"23221";214;173;13;160;112;48
"23222";146;130;12;118;63;55
"23223";209;171;13;158;106;52
"23224";92;85;4;81;50;31
"23225";104;79;2;77;49;28
"23226";159;134;11;123;66;57
"23227";226;176;21;155;106;49
"23228";163;140;14;126;76;50
"23229";265;225;21;204;119;85
"23230";150;121;5;116;74;42
"23231";708;596;40;556;371;185
"23232";226;184;16;168;105;63
"23233";133;107;10;97;52;45
"23234";151;121;11;110;64;46
"23235";581;459;32;427;265;162
"23236";234;191;11;180;123;57
"23237";61;52;8;44;23;21
"23238";314;267;7;260;148;112
"23239";590;492;32;460;306;154
"23240";400;332;29;303;201;102
"23241";206;175;12;163;87;76
"23242";178;150;9;141;77;64
"23243";129;112;5;107;64;43
"23244";521;388;22;366;182;184
"23245";1684;1448;93;1355;916;439
"23246";307;258;17;241;136;105
"23247";1360;1163;76;1087;744;343
"23248";309;270;26;244;173;71
"23249";188;160;9;151;71;80
"23250";255;207;16;191;133;58
"23251";113;96;9;87;48;39
"23252";153;118;6;112;82;30
"23253";144;129;11;118;81;37
"23254";289;220;15;205;141;64
"23255";96;88;10;78;46;32
"23257";660;556;44;512;289;223
"23258";230;198;9;189;121;68
"23259";90;76;10;66;28;38
"23260";157;134;11;123;67;56
"23261";239;203;10;193;128;65
"23262";120;107;4;103;62;41
"23263";290;246;12;234;116;118
"23264";43;41;5;36;28;8
"23265";83;65;4;61;31;30
"23266";158;135;9;126;62;64
"24001";511;423;37;386;211;175
"24002";1357;1157;86;1071;665;406
"24004";274;236;17;219;137;82
"24005";297;260;17;243;130;113
"24006";181;150;15;135;73;62
"24007";439;376;27;349;222;127
"24008";508;450;32;418;222;196
"24009";248;229;17;212;118;94
"24010";1019;919;80;839;533;306
"24011";847;770;44;726;462;264
"24012";288;264;22;242;144;98
"24013";1469;1284;86;1198;743;455
"24014";495;444;17;427;284;143
"24015";242;205;16;189;114;75
"24016";644;565;41;524;295;229
"24018";351;304;19;285;158;127
"24019";330;299;19;280;145;135
"24020";644;563;28;535;333;202
"24021";360;337;14;323;190;133
"24022";167;146;18;128;74;54
"24023";295;264;19;245;161;84
"24024";38;37;1;36;22;14
"24025";200;179;9;170;108;62
"24026";1356;1220;79;1141;725;416
"24027";277;238;28;210;128;82
"24028";790;689;57;632;313;319
"24029";419;351;31;320;147;173
"24030";553;501;26;475;357;118
"24031";186;168;6;162;93;69
"24032";298;260;17;243;149;94
"24033";153;120;8;112;82;30
"24034";166;154;4;150;76;74
"24035";1083;883;50;833;509;324
"24036";145;121;7;114;87;27
"24037";19855;15806;1075;14731;8133;6598
"24038";308;274;37;237;166;71
"24039";158;145;3;142;73;69
"24040";381;328;17;311;178;133
"24041";129;112;13;99;64;35
"24042";419;369;24;345;247;98
"24043";126;100;10;90;49;41
"24044";363;322;23;299;186;113
"24045";181;162;11;151;87;64
"24046";106;93;4;89;60;29
"24047";208;188;13;175;108;67
"24048";248;207;14;193;102;91
"24050";299;255;10;245;133;112
"24051";188;160;14;146;74;72
"24052";113;98;10;88;44;44
"24053";4830;4096;250;3846;2518;1328
"24054";400;351;21;330;191;139
"24055";525;456;19;437;292;145
"24056";182;163;13;150;92;58
"24057";54;45;6;39;34;5
"24058";178;160;16;144;73;71
"24059";278;251;28;223;136;87
"24060";68;60;7;53;23;30
"24061";109;93;5;88;46;42
"24062";125;101;10;91;56;35
"24063";120;113;16;97;53;44
"24064";1579;1377;88;1289;639;650
"24065";186;160;10;150;92;58
"24066";206;178;18;160;106;54
"24067";2017;1760;111;1649;898;751
"24068";1605;1371;88;1283;763;520
"24069";287;236;29;207;132;75
"24070";396;342;23;319;180;139
"24071";332;278;21;257;146;111
"24073";295;265;18;247;142;105
"24074";410;354;27;327;189;138
"24075";233;216;12;204;123;81
"24076";281;257;12;245;122;123
"24077";297;259;15;244;94;150
"24079";155;143;5;138;90;48
"24080";300;259;17;242;135;107
"24081";506;434;29;405;244;161
"24082";1162;1032;78;954;637;317
"24083";174;151;3;148;77;71
"24084";89;81;4;77;44;33
"24085";134;124;7;117;77;40
"24086";430;356;18;338;209;129
"24087";488;419;26;393;235;158
"24088";241;205;30;175;87;88
"24089";379;340;19;321;216;105
"24090";466;426;37;389;195;194
"24091";952;826;51;775;472;303
"24092";371;315;15;300;159;141
"24093";158;141;19;122;68;54
"24094";308;259;13;246;127;119
"24095";353;303;18;285;174;111
"24096";609;541;33;508;341;167
"24097";287;252;10;242;136;106
"24098";2065;1850;116;1734;1097;637
"24099";141;125;8;117;68;49
"24100";402;362;19;343;202;141
"24101";244;226;25;201;107;94
"24102";3541;3048;201;2847;1780;1067
"24103";516;449;28;421;279;142
"24104";473;419;13;406;283;123
"24105";113;101;1;100;63;37
"24106";357;326;14;312;212;100
"24107";339;302;19;283;154;129
"24108";869;752;50;702;470;232
"24109";114;100;8;92;55;37
"24110";59;52;2;50;39;11
"24111";63;51;3;48;28;20
"24113";69;61;5;56;36;20
"24114";55;49;4;45;21;24
"24115";1790;1503;86;1417;879;538
"24116";129;116;9;107;80;27
"24117";303;277;15;262;161;101
"24118";258;216;16;200;126;74
"24119";236;196;12;184;96;88
"24120";525;469;21;448;268;180
"24121";47;41;5;36;19;17
"24122";77;70;5;65;46;19
"24123";108;87;6;81;47;34
"24124";215;196;14;182;88;94
"24126";194;174;10;164;75;89
"24127";168;155;4;151;92;59
"24128";155;137;4;133;102;31
"24129";361;302;15;287;187;100
"24130";642;563;38;525;350;175
"24131";68;66;5;61;25;36
"24132";191;161;7;154;76;78
"24133";1047;895;58;837;478;359
"24134";644;592;29;563;350;213
"24135";554;504;28;476;310;166
"24136";134;119;9;110;58;52
"24137";590;534;26;508;347;161
"24138";6253;5142;274;4868;3247;1621
"24139";1405;1258;97;1161;709;452
"24140";1136;992;70;922;537;385
"24141";156;140;9;131;96;35
"24142";733;654;44;610;399;211
"24143";562;485;32;453;279;174
"24144";93;82;6;76;43;33
"24145";1396;1160;93;1067;636;431
"24146";182;166;10;156;105;51
"24147";584;499;26;473;299;174
"24148";250;214;12;202;122;80
"24150";436;392;19;373;176;197
"24151";104;91;4;87;51;36
"24152";746;669;25;644;344;300
"24153";334;307;24;283;196;87
"24154";253;224;14;210;137;73
"24155";352;307;25;282;183;99
"24156";832;697;44;653;429;224
"24157";578;510;48;462;291;171
"24158";354;331;21;310;185;125
"24159";330;288;29;259;136;123
"24160";336;304;25;279;182;97
"24161";111;91;7;84;44;40
"24162";379;338;17;321;227;94
"24163";119;104;7;97;74;23
"24164";831;711;50;661;404;257
"24165";287;247;17;230;116;114
"24166";606;528;25;503;331;172
"24167";1889;1597;98;1499;739;760
"24168";354;297;20;277;142;135
"24170";238;205;16;189;96;93
"24171";481;421;25;396;228;168
"24172";707;598;50;548;354;194
"24174";137;117;7;110;57;53
"24175";255;211;7;204;144;60
"24176";31;27;3;24;16;8
"24177";526;451;25;426;245;181
"24178";204;170;17;153;72;81
"24179";545;491;24;467;313;154
"24180";244;201;6;195;140;55
"24181";236;203;13;190;85;105
"24182";1102;911;70;841;463;378
"24183";208;179;5;174;108;66
"24184";126;108;5;103;77;26
"24186";201;176;13;163;70;93
"24188";416;371;27;344;177;167
"24189";370;308;24;284;140;144
"24190";154;141;10;131;56;75
"24191";142;121;14;107;68;39
"24192";79;71;7;64;37;27
"24193";367;320;24;296;134;162
"24194";991;887;57;830;412;418
"24195";108;90;3;87;61;26
"24196";405;379;28;351;203;148
"24197";601;530;33;497;282;215
"24198";198;161;9;152;101;51
"24199";268;236;18;218;88;130
"24200";448;397;24;373;225;148
"24202";171;156;9;147;74;73
"24203";48;40;2;38;20;18
"24204";170;159;12;147;79;68
"24205";459;405;26;379;260;119
"24206";111;100;11;89;44;45
"24207";479;427;23;404;223;181
"24208";162;133;6;127;83;44
"24209";107;94;9;85;46;39
"24210";697;605;23;582;329;253
"24211";332;296;16;280;174;106
"24212";561;456;37;419;208;211
"24213";122;104;12;92;51;41
"24214";775;640;31;609;264;345
"24215";166;149;9;140;89;51
"24216";95;77;9;68;30;38
"24217";355;313;20;293;124;169
"24218";923;787;46;741;458;283
"24219";152;128;13;115;48;67
"24220";516;438;46;392;233;159
"24221";105;94;8;86;61;25
"24222";1783;1513;127;1386;841;545
"24223";2493;2093;146;1947;1190;757
"24224";504;453;34;419;226;193
"24225";1783;1477;102;1375;709;666
"24226";965;800;68;732;355;377
"24227";763;672;39;633;363;270
"24228";409;365;35;330;241;89
"24229";1453;1220;76;1144;791;353
"24230";105;83;0;83;66;17
"24231";83;76;12;64;34;30
"24232";68;63;4;59;25;34
"24233";124;107;10;97;64;33
"24234";291;235;21;214;123;91
"24235";235;213;17;196;108;88
"24236";708;637;45;592;395;197
"24237";1072;960;66;894;453;441
"24238";117;98;11;87;58;29
"24239";201;187;14;173;110;63
"24240";282;263;19;244;154;90
"24241";383;327;13;314;235;79
"24242";216;190;13;177;104;73
"24243";721;602;42;560;326;234
"24244";96;79;4;75;32;43
"24245";210;190;7;183;108;75
"24246";279;245;20;225;127;98
"24247";128;114;11;103;54;49
"24248";282;250;21;229;129;100
"24249";130;116;5;111;43;68
"24251";460;395;37;358;220;138
"24252";617;539;18;521;323;198
"24253";765;670;30;640;351;289
"24254";173;149;2;147;90;57
"24255";465;425;33;392;236;156
"24256";2070;1802;132;1670;1069;601
"24257";204;181;15;166;117;49
"24258";743;676;36;640;417;223
"24259";814;705;61;644;334;310
"24260";452;399;35;364;226;138
"24261";273;230;16;214;120;94
"24262";241;219;14;205;142;63
"24263";278;231;9;222;115;107
"24264";1345;1128;86;1042;579;463
"24266";1138;998;70;928;567;361
"24267";138;123;6;117;47;70
"24268";501;438;25;413;261;152
"24269";578;476;33;443;298;145
"24270";463;422;18;404;262;142
"24271";492;418;20;398;231;167
"24272";333;273;15;258;145;113
"24273";258;225;9;216;119;97
"24274";729;608;35;573;258;315
"24276";273;234;15;219;121;98
"24277";235;203;16;187;116;71
"24278";57;45;3;42;19;23
"24279";50;45;5;40;22;18
"24280";370;330;17;313;202;111
"24281";154;137;14;123;74;49
"24282";128;115;6;109;42;67
"24283";141;128;10;118;66;52
"24284";123;106;12;94;45;49
"24285";294;257;16;241;109;132
"24286";408;362;20;342;192;150
"24287";101;94;19;75;22;53
"24288";244;211;17;194;96;98
"24289";1035;900;45;855;401;454
"24290";150;129;7;122;71;51
"24291";2306;1956;99;1857;1097;760
"24292";349;290;20;270;146;124
"24293";211;185;10;175;115;60
"24294";4186;3511;255;3256;1825;1431
"24295";992;879;63;816;522;294
"24296";830;702;51;651;335;316
"24297";633;522;55;467;272;195
"24298";216;192;10;182;100;82
"24299";2077;1709;93;1616;976;640
"24300";275;242;6;236;123;113
"24301";293;256;12;244;123;121
"24302";283;245;10;235;132;103
"24303";171;155;15;140;83;57
"24304";764;686;45;641;433;208
"24305";230;207;18;189;127;62
"24306";96;82;8;74;37;37
"24307";153;141;8;133;86;47
"24308";650;563;36;527;327;200
"24309";2449;2112;166;1946;1177;769
"24310";163;151;5;146;73;73
"24311";2246;1958;139;1819;1037;782
"24312";2280;1990;124;1866;1118;748
"24313";59;53;1;52;35;17
"24314";87;78;12;66;39;27
"24316";318;279;19;260;159;101
"24317";224;198;9;189;96;93
"24318";234;205;16;189;86;103
"24319";375;330;12;318;159;159
"24320";817;696;55;641;380;261
"24321";604;524;38;486;314;172
"24322";18078;14980;757;14223;8509;5714
"24323";149;135;7;128;73;55
"24324";417;381;36;345;254;91
"24325";178;148;8;140;82;58
"24326";144;125;6;119;70;49
"24327";120;102;5;97;64;33
"24328";1016;903;52;851;488;363
"24329";913;751;60;691;385;306
"24330";546;475;30;445;344;101
"24331";614;518;47;471;220;251
"24333";46;38;2;36;20;16
"24334";162;147;13;134;79;55
"24335";1769;1484;99;1385;772;613
"24336";395;341;16;325;215;110
"24337";133;120;7;113;69;44
"24338";330;290;23;267;151;116
"24339";135;121;15;106;72;34
"24340";3241;2741;232;2509;1385;1124
"24341";737;633;41;592;350;242
"24343";71;60;6;54;23;31
"24344";42;36;3;33;19;14
"24345";409;356;27;329;181;148
"24346";315;268;8;260;150;110
"24347";124;110;8;102;55;47
"24348";198;166;7;159;84;75
"24349";302;269;16;253;146;107
"24350";1840;1582;98;1484;973;511
"24351";245;202;25;177;78;99
"24352";2818;2403;162;2241;1348;893
"24353";270;229;18;211;111;100
"24354";2186;1741;157;1584;816;768
"24355";423;364;21;343;188;155
"24356";1321;1178;62;1116;659;457
"24357";248;213;23;190;90;100
"24359";71;67;6;61;31;30
"24360";251;223;11;212;137;75
"24361";348;314;26;288;151;137
"24362";567;513;31;482;258;224
"24363";101;85;4;81;49;32
"24364";300;252;15;237;138;99
"24365";175;162;10;152;79;73
"24366";642;569;39;530;328;202
"24367";156;136;6;130;74;56
"24368";316;260;13;247;122;125
"24369";120;107;5;102;70;32
"24370";1338;1143;70;1073;541;532
"24371";390;322;18;304;227;77
"24372";4248;3487;207;3280;2012;1268
"24373";239;203;9;194;73;121
"24374";245;212;8;204;107;97
"24375";97;90;1;89;60;29
"24376";1047;874;54;820;516;304
"24377";118;111;7;104;66;38
"24378";83;68;13;55;29;26
"24379";378;316;22;294;180;114
"24380";367;309;25;284;147;137
"24381";220;187;16;171;114;57
"24382";402;370;22;348;204;144
"24383";98;83;6;77;47;30
"24384";27;23;0;23;18;5
"24385";181;151;11;140;45;95
"24386";181;160;24;136;81;55
"24388";423;374;23;351;221;130
"24389";103;86;2;84;46;38
"24390";233;207;12;195;114;81
"24391";158;135;8;127;41;86
"24392";412;369;37;332;177;155
"24393";75;65;6;59;33;26
"24394";129;106;11;95;55;40
"24395";316;273;19;254;156;98
"24396";1190;1012;61;951;562;389
"24397";236;211;13;198;141;57
"24398";473;416;46;370;210;160
"24399";81;69;6;63;35;28
"24401";263;238;12;226;138;88
"24402";57;39;1;38;7;31
"24403";71;60;4;56;29;27
"24404";168;149;13;136;77;59
"24405";238;213;17;196;117;79
"24406";71;59;2;57;34;23
"24407";187;166;13;153;77;76
"24408";217;203;15;188;120;68
"24409";836;737;40;697;459;238
"24410";443;384;27;357;207;150
"24411";132;111;8;103;62;41
"24412";717;642;57;585;329;256
"24413";191;160;13;147;79;68
"24414";197;171;8;163;97;66
"24415";160;144;6;138;71;67
"24416";128;118;8;110;74;36
"24417";438;378;18;360;226;134
"24418";697;634;42;592;418;174
"24419";642;553;41;512;260;252
"24420";164;140;18;122;54;68
"24421";195;152;8;144;100;44
"24422";96;89;5;84;36;48
"24423";83;72;6;66;30;36
"24424";105;95;7;88;49;39
"24425";287;254;11;243;139;104
"24426";152;130;10;120;67;53
"24427";152;135;16;119;67;52
"24428";469;408;46;362;253;109
"24429";199;175;22;153;111;42
"24430";95;83;9;74;50;24
"24431";167;150;9;141;71;70
"24432";532;445;29;416;255;161
"24433";74;69;3;66;30;36
"24434";118;98;5;93;64;29
"24435";194;166;15;151;78;73
"24436";912;788;53;735;459;276
"24437";686;612;39;573;304;269
"24438";195;177;8;169;98;71
"24439";725;656;38;618;392;226
"24441";103;94;8;86;60;26
"24442";1501;1324;104;1220;856;364
"24443";340;285;12;273;202;71
"24444";205;181;16;165;110;55
"24445";106;91;14;77;36;41
"24446";45;40;1;39;33;6
"24447";468;421;34;387;266;121
"24448";373;342;25;317;207;110
"24449";769;684;65;619;340;279
"24450";543;482;38;444;264;180
"24451";680;576;39;537;341;196
"24452";189;157;12;145;71;74
"24453";312;278;20;258;155;103
"24454";502;425;30;395;235;160
"24455";556;481;42;439;234;205
"24456";142;127;6;121;53;68
"24457";134;123;1;122;88;34
"24458";272;246;15;231;157;74
"24459";233;198;10;188;96;92
"24460";345;296;27;269;146;123
"24461";580;484;32;452;222;230
"24462";1258;1097;77;1020;658;362
"24463";434;387;22;365;226;139
"24464";212;177;7;170;102;68
"24465";233;202;19;183;105;78
"24466";297;253;17;236;118;118
"24468";243;228;20;208;112;96
"24470";219;195;17;178;122;56
"24471";461;422;36;386;256;130
"24472";679;582;44;538;303;235
"24473";312;280;15;265;147;118
"24474";124;113;8;105;78;27
"24475";133;121;5;116;71;45
"24476";129;113;9;104;71;33
"24477";172;154;12;142;102;40
"24478";124;103;4;99;64;35
"24479";970;812;60;752;413;339
"24480";214;187;6;181;115;66
"24481";389;342;30;312;196;116
"24482";251;217;11;206;119;87
"24483";106;91;11;80;25;55
"24484";705;615;38;577;330;247
"24485";339;305;20;285;177;108
"24486";335;290;14;276;164;112
"24487";1209;1059;72;987;554;433
"24488";347;290;12;278;163;115
"24489";322;287;12;275;136;139
"24490";358;308;14;294;186;108
"24491";475;400;28;372;262;110
"24492";51;42;5;37;14;23
"24493";93;81;3;78;46;32
"24494";337;307;21;286;161;125
"24495";80;76;10;66;34;32
"24496";270;232;12;220;143;77
"24497";280;245;11;234;111;123
"24498";730;639;54;585;309;276
"24499";637;582;41;541;336;205
"24500";115;106;11;95;59;36
"24501";369;313;33;280;153;127
"24502";77;77;0;77;54;23
"24503";101;92;2;90;51;39
"24504";188;174;10;164;63;101
"24505";275;233;13;220;139;81
"24507";120;101;5;96;45;51
"24508";169;150;3;147;121;26
"24509";445;389;23;366;221;145
"24510";320;268;21;247;158;89
"24511";233;204;10;194;106;88
"24512";229;202;15;187;124;63
"24513";212;195;13;182;117;65
"24514";211;174;11;163;87;76
"24515";392;337;21;316;233;83
"24516";851;750;50;700;347;353
"24517";61;58;5;53;26;27
"24518";183;158;12;146;84;62
"24519";330;287;39;248;157;91
"24520";6884;5943;325;5618;3343;2275
"24521";758;680;48;632;373;259
"24522";297;274;26;248;161;87
"24523";317;275;21;254;147;107
"24524";117;101;12;89;52;37
"24525";157;145;15;130;88;42
"24526";547;474;34;440;261;179
"24527";682;588;20;568;345;223
"24528";104;90;11;79;51;28
"24529";162;141;5;136;108;28
"24530";173;157;13;144;93;51
"24531";179;152;7;145;82;63
"24532";119;103;3;100;54;46
"24533";77;67;4;63;28;35
"24534";575;499;26;473;270;203
"24535";193;181;19;162;103;59
"24536";164;154;16;138;78;60
"24537";223;201;10;191;106;85
"24538";737;618;33;585;355;230
"24540";986;893;62;831;469;362
"24541";63;56;3;53;35;18
"24542";62;48;4;44;17;27
"24543";897;768;66;702;382;320
"24544";336;302;7;295;197;98
"24545";101;93;6;87;56;31
"24546";38;32;6;26;18;8
"24547";3973;3336;209;3127;1994;1133
"24548";241;223;17;206;117;89
"24549";256;211;17;194;94;100
"24550";967;797;48;749;424;325
"24551";2326;1949;101;1848;1036;812
"24552";227;203;15;188;102;86
"24553";1273;1111;58;1053;678;375
"24554";319;269;22;247;113;134
"24555";496;453;34;419;255;164
"24557";4845;4291;221;4070;2560;1510
"24558";430;371;22;349;207;142
"24559";268;224;14;210;128;82
"24560";117;109;5;104;53;51
"24561";307;264;28;236;128;108
"24562";231;219;16;203;136;67
"24563";224;202;11;191;122;69
"24564";513;453;28;425;245;180
"24565";303;274;22;252;154;98
"24566";359;313;16;297;168;129
"24567";218;197;8;189;102;87
"24568";761;650;46;604;318;286
"24569";120;110;12;98;57;41
"24570";47;45;5;40;24;16
"24571";1213;1061;68;993;503;490
"24572";149;129;6;123;65;58
"24573";503;458;36;422;228;194
"24574";263;248;14;234;156;78
"24575";169;154;5;149;98;51
"24576";196;183;11;172;82;90
"24577";495;434;36;398;217;181
"24579";282;229;16;213;115;98
"24580";215;196;13;183;121;62
"24581";674;596;40;556;399;157
"24582";409;374;27;347;206;141
"24584";665;555;39;516;304;212
"24585";509;447;36;411;246;165
"24586";650;567;36;531;328;203
"24587";746;657;39;618;343;275
"25001";153;137;7;130;65;65
"25002";264;225;12;213;125;88
"25003";267;219;23;196;135;61
"25004";792;635;48;587;220;367
"25005";82;70;5;65;42;23
"25006";74;61;7;54;14;40
"25007";75;66;7;59;10;49
"25008";377;315;24;291;131;160
"25009";147;125;15;110;39;71
"25011";557;483;47;436;204;232
"25012";109;97;4;93;24;69
"25013";169;149;15;134;71;63
"25014";573;499;40;459;260;199
"25015";556;487;30;457;185;272
"25016";139;119;3;116;46;70
"25017";78;75;2;73;33;40
"25018";460;407;39;368;169;199
"25019";342;285;30;255;113;142
"25020";756;623;63;560;330;230
"25021";1156;985;61;924;414;510
"25022";1055;937;90;847;349;498
"25024";618;548;35;513;192;321
"25025";514;430;16;414;153;261
"25026";184;152;13;139;77;62
"25027";185;164;9;155;76;79
"25028";128;115;11;104;40;64
"25029";202;175;14;161;44;117
"25030";291;263;21;242;105;137
"25031";8978;6638;464;6174;3724;2450
"25032";300;260;18;242;101;141
"25033";481;397;30;367;179;188
"25034";1023;890;46;844;416;428
"25035";844;718;34;684;359;325
"25036";1503;1302;73;1229;623;606
"25038";152;131;11;120;41;79
"25039";577;520;27;493;173;320
"25040";573;482;48;434;178;256
"25041";267;218;15;203;60;143
"25042";172;155;13;142;39;103
"25043";1581;1325;101;1224;529;695
"25044";49;43;5;38;17;21
"25045";54;48;5;43;20;23
"25046";51;43;1;42;9;33
"25047";3860;3092;209;2883;1500;1383
"25048";2804;2298;173;2125;1047;1078
"25049";74;64;6;58;17;41
"25050";281;247;15;232;81;151
"25051";478;420;29;391;119;272
"25052";64;60;2;58;11;47
"25053";88;79;0;79;11;68
"25054";355;306;35;271;116;155
"25055";213;187;10;177;86;91
"25056";68390;53266;2503;50763;30102;20661
"25057";3345;2614;169;2445;1651;794
"25058";1046;865;48;817;415;402
"25059";202;175;17;158;72;86
"25060";410;377;25;352;118;234
"25061";100;92;9;83;42;41
"25062";203;184;5;179;70;109
"25063";778;671;59;612;262;350
"25065";46;45;4;41;23;18
"25066";62;56;8;48;16;32
"25067";152;130;8;122;47;75
"25070";275;253;21;232;72;160
"25071";386;328;36;292;129;163
"25072";24;22;0;22;1;21
"25073";570;502;26;476;205;271
"25074";626;577;28;549;156;393
"25075";238;213;20;193;74;119
"25076";96;84;7;77;36;41
"25077";58;48;10;38;12;26
"25078";708;651;41;610;278;332
"25079";303;246;16;230;62;168
"25082";706;593;60;533;278;255
"25083";159;138;13;125;48;77
"25084";761;674;46;628;323;305
"25085";239;208;18;190;84;106
"25086";107;98;11;87;40;47
"25087";127;116;10;106;51;55
"25088";70;62;2;60;33;27
"25089";68;61;3;58;20;38
"25090";38;35;2;33;14;19
"25091";333;294;14;280;99;181
"25092";80;68;9;59;22;37
"25093";56;50;7;43;21;22
"25094";94;83;9;74;27;47
"25095";214;190;10;180;64;116
"25096";93;77;2;75;20;55
"25097";350;318;29;289;124;165
"25098";142;129;10;119;78;41
"25099";107;93;5;88;19;69
"25100";295;278;21;257;108;149
"25101";338;301;31;270;110;160
"25102";36;35;2;33;13;20
"25103";488;416;24;392;202;190
"25104";73;61;7;54;38;16
"25105";394;351;29;322;143;179
"25106";75;68;2;66;44;22
"25107";158;132;7;125;49;76
"25108";206;178;14;164;59;105
"25109";286;250;12;238;129;109
"25110";654;575;34;541;210;331
"25111";274;232;14;218;94;124
"25112";784;677;48;629;328;301
"25113";82;78;0;78;17;61
"25114";311;274;25;249;88;161
"25115";232;199;8;191;67;124
"25116";185;169;15;154;68;86
"25117";66;58;3;55;12;43
"25119";273;239;19;220;84;136
"25120";305;282;16;266;84;182
"25121";217;200;13;187;112;75
"25122";300;272;25;247;71;176
"25123";138;122;10;112;38;74
"25124";197;169;12;157;47;110
"25125";253;226;19;207;104;103
"25126";360;307;20;287;145;142
"25127";1750;1510;84;1426;585;841
"25128";180;168;9;159;67;92
"25129";98;94;8;86;33;53
"25130";32;29;4;25;10;15
"25131";99;83;7;76;24;52
"25132";102;94;3;91;29;62
"25133";1664;1442;74;1368;602;766
"25134";22;19;2;17;8;9
"25136";366;314;14;300;142;158
"25137";172;147;12;135;55;80
"25138";115;100;3;97;30;67
"25139";349;303;14;289;79;210
"25140";154;137;9;128;65;63
"25141";106;85;5;80;31;49
"25142";190;158;10;148;63;85
"25143";152;130;13;117;64;53
"25145";99;83;6;77;24;53
"25147";970;851;51;800;441;359
"25148";297;269;19;250;93;157
"25149";390;330;25;305;126;179
"25150";173;154;3;151;83;68
"25151";86;80;5;75;28;47
"25152";92;82;10;72;12;60
"25153";89;79;4;75;14;61
"25154";236;201;12;189;91;98
"25155";248;226;7;219;117;102
"25156";771;642;38;604;289;315
"25157";857;747;43;704;235;469
"25159";1154;922;91;831;481;350
"25160";521;477;28;449;138;311
"25161";36;19;1;18;10;8
"25162";130;117;10;107;53;54
"25163";82;75;7;68;42;26
"25164";98;75;4;71;35;36
"25166";57;48;5;43;12;31
"25170";894;744;49;695;319;376
"25171";64;53;5;48;11;37
"25172";123;105;16;89;40;49
"25173";140;113;1;112;17;95
"25174";169;151;10;141;38;103
"25175";75;59;3;56;18;38
"25176";212;193;14;179;79;100
"25177";141;123;7;116;56;60
"25178";100;87;5;82;32;50
"25179";48;43;3;40;19;21
"25180";107;94;6;88;55;33
"25181";103;82;5;77;35;42
"25182";69;64;4;60;20;40
"25183";71;63;1;62;18;44
"25184";177;164;17;147;76;71
"25185";53;49;4;45;16;29
"25186";620;538;36;502;233;269
"25187";383;324;27;297;116;181
"25188";609;505;34;471;240;231
"25189";149;145;11;134;47;87
"25190";1177;976;80;896;451;445
"25191";377;330;27;303;145;158
"25192";121;103;4;99;49;50
"25193";1371;1129;71;1058;425;633
"25194";94;82;5;77;37;40
"25195";802;721;35;686;347;339
"25196";1134;934;91;843;385;458
"25197";495;408;31;377;211;166
"25198";446;384;34;350;151;199
"25199";253;248;24;224;62;162
"25200";1058;924;61;863;423;440
"25201";456;401;28;373;113;260
"25202";166;147;7;140;45;95
"25203";111;107;5;102;19;83
"25204";1808;1588;109;1479;602;877
"25207";537;466;36;430;204;226
"25208";132;120;10;110;55;55
"25209";79;71;7;64;24;40
"25210";105;94;6;88;41;47
"25211";69;63;5;58;21;37
"25212";1607;1401;82;1319;663;656
"25213";487;430;21;409;209;200
"25214";365;332;28;304;129;175
"25215";58;53;3;50;25;25
"25216";247;220;21;199;76;123
"25217";435;364;22;342;158;184
"25218";78;73;7;66;14;52
"25219";405;361;20;341;111;230
"25220";391;330;21;309;121;188
"25221";38;38;0;38;13;25
"25222";751;676;44;632;229;403
"25223";291;255;13;242;98;144
"25224";597;526;48;478;222;256
"25225";133;109;18;91;46;45
"25226";181;170;14;156;57;99
"25227";148;128;10;118;43;75
"25228";2458;2078;166;1912;939;973
"25229";238;220;10;210;64;146
"25230";2451;2053;160;1893;927;966
"25231";77;67;10;57;7;50
"25232";88;75;12;63;35;28
"25233";168;143;12;131;35;96
"25234";103;91;4;87;25;62
"25235";216;193;11;182;85;97
"25236";204;184;8;176;41;135
"25237";1575;1287;124;1163;546;617
"25238";105;91;4;87;30;57
"25239";136;120;12;108;35;73
"25240";2006;1803;90;1713;617;1096
"25241";116;107;8;99;33;66
"25242";77;66;2;64;35;29
"25243";400;359;25;334;76;258
"25244";61;57;8;49;15;34
"25245";709;626;46;580;262;318
"25246";202;165;15;150;80;70
"25247";77;63;2;61;29;32
"25248";371;316;30;286;86;200
"25249";44;41;4;37;20;17
"25250";319;286;15;271;112;159
"25251";107;99;13;86;45;41
"25252";73;63;8;55;15;40
"25253";225;208;4;204;89;115
"25254";895;763;44;719;225;494
"25255";250;220;12;208;59;149
"25256";541;478;32;446;141;305
"25257";198;159;12;147;70;77
"25258";1525;1325;75;1250;666;584
"25259";1287;1092;58;1034;390;644
"25261";61;52;5;47;21;26
"25262";322;283;20;263;86;177
"25263";153;142;7;135;57;78
"25264";65;59;10;49;28;21
"25265";976;844;57;787;346;441
"25266";112;95;10;85;43;42
"25267";457;405;20;385;176;209
"25268";91;78;8;70;13;57
"25269";60;55;10;45;21;24
"25270";82;75;7;68;18;50
"25271";1033;920;50;870;295;575
"25273";158;145;12;133;70;63
"25274";276;222;21;201;110;91
"25275";177;159;9;150;40;110
"25276";141;133;9;124;48;76
"25277";58;53;8;45;27;18
"25278";382;342;17;325;141;184
"25279";103;89;10;79;41;38
"25280";112;96;8;88;21;67
"25281";215;174;24;150;82;68
"25282";498;428;32;396;138;258
"25283";47;45;4;41;13;28
"25284";3254;2611;171;2440;1529;911
"25285";1066;932;69;863;317;546
"25286";94;84;4;80;18;62
"25287";1048;915;47;868;444;424
"25288";477;409;12;397;93;304
"25289";63;58;6;52;5;47
"25290";76;66;0;66;19;47
"25293";673;598;26;572;202;370
"25295";212;186;10;176;77;99
"25296";547;473;39;434;188;246
"25297";102;92;6;86;31;55
"25298";162;142;11;131;52;79
"25299";86;77;6;71;24;47
"25300";166;154;11;143;47;96
"25301";569;506;22;484;119;365
"25302";81;74;2;72;21;51
"25303";162;147;5;142;55;87
"25304";2558;1948;143;1805;956;849
"25305";385;338;35;303;139;164
"25306";85;67;0;67;24;43
"25307";502;420;17;403;127;276
"25308";257;232;9;223;57;166
"25309";731;626;40;586;229;357
"25310";84;73;1;72;49;23
"25311";156;138;16;122;54;68
"25312";62;56;2;54;39;15
"25313";139;115;10;105;60;45
"25314";195;169;12;157;28;129
"25315";2049;1783;140;1643;904;739
"25316";230;212;27;185;82;103
"25317";168;144;14;130;64;66
"25318";1039;864;33;831;248;583
"25319";78;65;4;61;25;36
"25320";756;681;38;643;214;429
"25321";3271;2681;155;2526;897;1629
"25322";296;259;13;246;89;157
"25323";294;253;10;243;165;78
"25324";116;110;3;107;22;85
"25325";175;160;11;149;48;101
"25326";386;330;26;304;156;148
"25327";56;53;1;52;31;21
"25328";506;450;30;420;192;228
"25329";36;33;0;33;10;23
"25330";129;117;13;104;56;48
"25331";165;150;4;146;46;100
"25332";428;354;26;328;178;150
"25333";258;227;18;209;56;153
"25334";1302;1129;72;1057;369;688
"25335";140;123;20;103;54;49
"25336";371;331;23;308;188;120
"25338";79;65;2;63;24;39
"25339";177;157;13;144;64;80
"25340";178;148;10;138;69;69
"25341";131;126;7;119;35;84
"25342";54;48;8;40;13;27
"25343";113;98;10;88;11;77
"25344";42;40;4;36;8;28
"25345";469;411;36;375;199;176
"25346";137;128;11;117;33;84
"25347";502;465;26;439;144;295
"25348";315;266;11;255;95;160
"25349";347;301;18;283;80;203
"25350";596;513;46;467;259;208
"25351";147;131;9;122;36;86
"25354";140;108;16;92;32;60
"25355";33;31;2;29;3;26
"25356";2791;2278;140;2138;920;1218
"25357";466;413;15;398;100;298
"25359";135;119;7;112;53;59
"25360";105;96;7;89;44;45
"25361";490;430;28;402;149;253
"25362";158;140;13;127;47;80
"25364";1107;971;68;903;413;490
"25365";250;229;27;202;125;77
"25366";141;135;11;124;39;85
"25367";3452;2818;264;2554;1349;1205
"25368";791;715;44;671;337;334
"25369";115;96;7;89;37;52
"25370";1789;1507;117;1390;600;790
"25371";143;133;13;120;41;79
"25372";231;196;14;182;98;84
"25373";33;32;0;32;18;14
"25374";324;285;20;265;90;175
"25375";316;288;24;264;116;148
"25376";80;74;7;67;27;40
"25377";149;124;11;113;57;56
"25378";276;217;23;194;86;108
"25379";65;57;3;54;27;27
"25380";740;594;22;572;199;373
"25381";1676;1426;81;1345;587;758
"25382";318;282;12;270;147;123
"25383";240;219;17;202;84;118
"25384";71;63;8;55;34;21
"25385";95;88;9;79;32;47
"25386";125;108;3;105;21;84
"25387";285;251;28;223;89;134
"25388";14552;11176;756;10420;5719;4701
"25389";79;69;1;68;16;52
"25390";239;214;16;198;70;128
"25391";138;127;7;120;41;79
"25392";118;101;5;96;30;66
"25393";427;329;29;300;168;132
"25394";1189;999;106;893;495;398
"25395";1115;1008;41;967;421;546
"25397";1498;1318;92;1226;501;725
"25398";69;64;3;61;15;46
"25399";80;72;5;67;36;31
"25400";366;315;19;296;144;152
"25401";24;21;2;19;10;9
"25402";25;21;2;19;5;14
"25403";1534;1323;67;1256;444;812
"25404";81;69;4;65;22;43
"25405";577;519;34;485;168;317
"25406";422;379;29;350;168;182
"25408";58;45;1;44;13;31
"25410";836;751;44;707;377;330
"25411";4584;3710;206;3504;1590;1914
"25413";672;584;30;554;174;380
"25414";78;68;6;62;22;40
"25415";246;210;12;198;121;77
"25416";164;147;7;140;69;71
"25417";547;488;25;463;186;277
"25418";916;833;45;788;372;416
"25419";84;69;8;61;33;28
"25420";122;103;9;94;58;36
"25421";53;49;2;47;5;42
"25422";124;106;10;96;45;51
"25424";383;340;23;317;131;186
"25425";255;237;7;230;58;172
"25426";290;242;27;215;93;122
"25427";283;261;19;242;106;136
"25428";1361;1120;66;1054;430;624
"25429";848;735;46;689;414;275
"25430";41;39;2;37;13;24
"25431";329;271;31;240;114;126
"25432";1314;1145;58;1087;313;774
"25433";34;29;0;29;9;20
"25434";3064;2582;165;2417;1165;1252
"25435";128;112;8;104;44;60
"25436";54;46;2;44;10;34
"25437";240;207;18;189;83;106
"25438";295;259;16;243;122;121
"25439";165;146;18;128;70;58
"25440";302;250;13;237;73;164
"25441";58;50;3;47;8;39
"25442";479;414;31;383;126;257
"25443";46;35;0;35;8;27
"25444";94;86;11;75;24;51
"25445";103;91;11;80;45;35
"25446";193;157;9;148;52;96
"25447";232;201;14;187;43;144
"25448";914;840;51;789;405;384
"25449";110;83;8;75;27;48
"25450";66;55;8;47;30;17
"25451";116;92;3;89;36;53
"25452";291;251;14;237;93;144
"25453";1014;890;48;842;285;557
"25454";1404;1278;64;1214;540;674
"25455";131;114;11;103;55;48
"25456";141;134;12;122;35;87
"25457";81;80;3;77;11;66
"25458";158;147;13;134;29;105
"25459";196;176;11;165;60;105
"25460";97;80;8;72;25;47
"25461";254;204;14;190;94;96
"25462";11805;9219;507;8712;4083;4629
"25463";3292;2803;242;2561;1338;1223
"25464";82;78;8;70;17;53
"25465";145;125;7;118;44;74
"25466";558;511;50;461;226;235
"25467";1471;1306;85;1221;613;608
"25468";596;489;40;449;214;235
"25469";376;328;26;302;119;183
"25470";125;114;12;102;30;72
"25471";113;98;7;91;35;56
"25472";37;30;0;30;16;14
"25473";532;500;39;461;239;222
"25474";60;48;7;41;26;15
"25475";800;679;58;621;297;324
"25476";95;89;14;75;23;52
"25477";215;188;7;181;77;104
"25478";86;81;5;76;21;55
"25479";309;263;24;239;132;107
"25480";142;123;7;116;43;73
"25481";241;207;10;197;96;101
"25482";455;394;23;371;166;205
"25483";43;39;4;35;21;14
"25485";180;164;15;149;53;96
"25486";267;231;9;222;82;140
"25487";29;28;0;28;7;21
"25488";83;66;4;62;30;32
"25489";237;217;14;203;70;133
"25490";332;282;18;264;106;158
"25491";92;86;2;84;40;44
"25492";66;61;1;60;16;44
"25493";584;517;35;482;196;286
"25494";391;352;17;335;125;210
"25495";1549;1323;93;1230;691;539
"25496";86;77;5;72;27;45
"25497";487;435;34;401;163;238
"25498";41;37;3;34;7;27
"25499";98;76;9;67;30;37
"25500";59;59;4;55;17;38
"25501";27;24;3;21;9;12
"25502";328;293;29;264;105;159
"25503";100;92;8;84;31;53
"25504";56;52;1;51;9;42
"25505";815;698;39;659;316;343
"25506";69;58;9;49;33;16
"25507";67;57;6;51;27;24
"25508";810;686;48;638;278;360
"25509";409;341;18;323;138;185
"25510";236;212;17;195;97;98
"25511";230;200;14;186;80;106
"25512";1605;1382;64;1318;589;729
"25513";39;31;2;29;20;9
"25514";222;202;17;185;52;133
"25515";252;229;11;218;85;133
"25516";78;71;7;64;40;24
"25517";186;172;13;159;57;102
"25518";84;78;1;77;38;39
"25519";728;622;41;581;323;258
"25520";168;126;10;116;45;71
"25521";144;125;10;115;56;59
"25522";112;105;7;98;29;69
"25523";621;525;47;478;202;276
"25524";642;530;49;481;262;219
"25525";239;213;12;201;75;126
"25526";956;785;57;728;425;303
"25527";3384;2846;169;2677;1316;1361
"25528";74;71;4;67;28;39
"25529";775;663;44;619;208;411
"25530";294;247;20;227;70;157
"25531";64;56;6;50;20;30
"25532";2264;1999;130;1869;969;900
"25533";23;21;1;20;7;13
"25534";119;109;2;107;27;80
"25535";174;157;16;141;82;59
"25536";142;124;3;121;68;53
"25537";205;170;12;158;60;98
"25538";82;66;3;63;23;40
"25539";4423;3662;265;3397;1533;1864
"25540";255;218;13;205;101;104
"25541";269;234;10;224;72;152
"25542";1093;972;59;913;471;442
"25544";150;137;4;133;40;93
"25545";82;69;2;67;8;59
"25546";58;53;8;45;20;25
"25547";2343;1754;137;1617;942;675
"25548";121;107;12;95;46;49
"25549";455;396;12;384;119;265
"25550";145;133;11;122;50;72
"25551";102;86;6;80;21;59
"25552";113;86;5;81;35;46
"25553";288;238;25;213;80;133
"25554";126;107;10;97;26;71
"25555";834;712;48;664;260;404
"25556";37;32;3;29;17;12
"25557";328;310;12;298;139;159
"25558";646;584;44;540;240;300
"25559";149;121;8;113;22;91
"25560";2556;2199;136;2063;990;1073
"25561";197;173;9;164;81;83
"25562";196;173;11;162;68;94
"25563";88;82;13;69;39;30
"25564";695;615;38;577;295;282
"25565";146;136;8;128;46;82
"25566";190;167;15;152;71;81
"25567";109;96;7;89;49;40
"25569";369;330;22;308;132;176
"25570";30;30;3;27;16;11
"25571";378;326;20;306;107;199
"25572";75;75;8;67;45;22
"25573";10;10;0;10;2;8
"25574";165;137;12;125;41;84
"25575";413;356;26;330;178;152
"25576";170;153;15;138;76;62
"25578";3052;2559;151;2408;828;1580
"25579";115;100;10;90;28;62
"25580";6770;5406;356;5050;2927;2123
"25582";105;89;9;80;36;44
"25583";163;150;12;138;40;98
"25584";78;65;4;61;16;45
"25585";167;148;5;143;52;91
"25586";616;546;49;497;258;239
"25587";105;89;4;85;37;48
"25588";71;59;4;55;19;36
"25589";99;86;5;81;32;49
"25590";67;58;5;53;22;31
"25591";125;95;11;84;18;66
"25592";423;358;18;340;105;235
"25593";272;254;18;236;116;120
"25594";233;209;18;191;76;115
"25595";95;80;6;74;27;47
"25596";47;46;1;45;9;36
"25597";173;143;4;139;49;90
"25598";303;259;26;233;101;132
"25599";153;141;7;134;78;56
"25600";101;89;5;84;17;67
"25601";971;852;53;799;255;544
"25602";88;81;4;77;32;45
"25604";109;87;3;84;26;58
"25605";316;281;11;270;86;184
"25607";59;56;3;53;21;32
"25608";119;109;12;97;56;41
"25609";295;251;18;233;83;150
"25610";38;31;1;30;12;18
"25611";369;326;14;312;150;162
"25612";468;403;15;388;172;216
"25613";78;71;8;63;26;37
"25614";2021;1669;112;1557;743;814
"25615";330;283;19;264;124;140
"25616";202;191;12;179;97;82
"25617";308;254;20;234;105;129
"25618";307;268;35;233;106;127
"25619";135;116;6;110;39;71
"25620";236;214;12;202;59;143
"25621";161;145;15;130;47;83
"25622";206;181;20;161;78;83
"25623";103;91;7;84;19;65
"25624";117;102;10;92;42;50
"25625";51;43;4;39;8;31
"25626";176;170;14;156;43;113
"25627";226;207;13;194;81;113
"25628";128;117;4;113;44;69
"25629";191;169;13;156;96;60
"25630";70;63;4;59;20;39
"25631";393;338;26;312;156;156
"25632";2437;2098;163;1935;956;979
"25633";516;439;41;398;228;170
"25634";438;395;26;369;135;234
"25635";169;148;16;132;51;81
"26001";276;242;19;223;97;126
"26002";1301;1107;83;1024;522;502
"26003";41;35;1;34;19;15
"26004";1714;1487;101;1386;569;817
"26005";1256;1095;87;1008;413;595
"26006";2050;1727;127;1600;770;830
"26007";105;93;5;88;33;55
"26008";901;763;50;713;364;349
"26009";844;719;62;657;326;331
"26010";2867;2389;154;2235;1073;1162
"26011";1707;1423;113;1310;737;573
"26012";26;18;0;18;11;7
"26013";74;59;6;53;37;16
"26014";399;355;30;325;128;197
"26015";50;42;5;37;30;7
"26016";323;282;22;260;147;113
"26017";45;40;0;40;31;9
"26018";23;18;0;18;3;15
"26019";201;178;20;158;68;90
"26020";224;197;7;190;82;108
"26021";108;100;17;83;32;51
"26022";80;74;2;72;36;36
"26023";626;548;31;517;228;289
"26024";309;273;28;245;115;130
"26025";125;114;2;112;88;24
"26026";85;62;2;60;32;28
"26027";138;110;7;103;56;47
"26028";182;160;11;149;66;83
"26030";11;8;1;7;7;0
"26031";670;580;30;550;271;279
"26032";343;303;14;289;170;119
"26033";558;488;28;460;190;270
"26034";376;333;24;309;137;172
"26035";327;291;17;274;171;103
"26036";82;68;1;67;55;12
"26037";3055;2577;164;2413;1199;1214
"26038";786;681;49;632;241;391
"26039";593;507;50;457;192;265
"26040";105;89;6;83;53;30
"26041";1004;845;62;783;410;373
"26042";1255;1104;74;1030;495;535
"26043";117;101;10;91;53;38
"26045";1236;1068;68;1000;522;478
"26046";86;74;7;67;34;33
"26047";80;57;5;52;34;18
"26048";67;58;1;57;32;25
"26049";823;705;46;659;264;395
"26050";57;55;6;49;27;22
"26051";58;51;2;49;32;17
"26052";282;257;15;242;102;140
"26054";872;754;47;707;289;418
"26055";107;91;11;80;65;15
"26056";475;406;26;380;205;175
"26057";7377;5858;389;5469;2765;2704
"26058";13648;11196;617;10579;5531;5048
"26059";217;180;10;170;80;90
"26060";129;106;14;92;52;40
"26061";434;373;18;355;156;199
"26062";33;27;2;25;17;8
"26063";1764;1492;82;1410;781;629
"26064";5310;4492;260;4232;1897;2335
"26065";539;470;27;443;218;225
"26066";42;37;1;36;10;26
"26067";49;40;1;39;26;13
"26068";155;143;9;134;61;73
"26069";122;108;7;101;65;36
"26070";458;391;34;357;152;205
"26071";843;755;45;710;307;403
"26072";817;681;44;637;334;303
"26073";197;189;14;175;76;99
"26074";561;490;44;446;227;219
"26075";51;43;2;41;22;19
"26076";40;37;1;36;31;5
"26077";630;549;36;513;237;276
"26078";531;476;35;441;243;198
"26079";898;789;69;720;286;434
"26080";44;42;1;41;32;9
"26081";427;380;18;362;185;177
"26082";83;70;7;63;35;28
"26083";1137;990;68;922;367;555
"26084";2713;2268;150;2118;830;1288
"26085";1894;1588;135;1453;651;802
"26086";489;391;16;375;192;183
"26087";907;763;53;710;304;406
"26088";3933;3325;186;3139;1219;1920
"26089";60;48;3;45;23;22
"26090";31;28;0;28;12;16
"26091";46;42;3;39;20;19
"26092";393;346;30;316;121;195
"26093";465;399;26;373;145;228
"26094";578;503;40;463;217;246
"26095";674;582;33;549;248;301
"26096";1475;1220;82;1138;528;610
"26097";525;466;31;435;225;210
"26098";142;125;5;120;74;46
"26099";423;365;20;345;136;209
"26100";360;291;20;271;134;137
"26101";148;130;8;122;64;58
"26102";122;107;6;101;38;63
"26103";298;231;19;212;90;122
"26104";68;65;11;54;36;18
"26105";68;55;3;52;29;23
"26106";686;609;59;550;241;309
"26107";421;363;20;343;162;181
"26108";5974;4896;277;4619;2642;1977
"26110";404;366;30;336;139;197
"26111";71;64;5;59;33;26
"26112";160;133;9;124;59;65
"26113";3335;2763;139;2624;1701;923
"26114";2437;2057;124;1933;1210;723
"26115";422;356;25;331;189;142
"26116";3844;3131;244;2887;1301;1586
"26117";50;40;2;38;20;18
"26118";983;815;87;728;326;402
"26119";582;502;41;461;217;244
"26121";830;729;48;681;293;388
"26122";106;98;1;97;71;26
"26123";41;34;1;33;23;10
"26124";3674;3088;180;2908;1288;1620
"26125";945;846;74;772;436;336
"26126";80;68;1;67;45;22
"26127";93;79;9;70;44;26
"26128";63;53;4;49;33;16
"26129";646;562;30;532;197;335
"26130";35;30;6;24;10;14
"26131";119;104;3;101;56;45
"26133";139;124;6;118;79;39
"26134";63;52;3;49;29;20
"26135";114;103;12;91;37;54
"26136";53;49;4;45;34;11
"26137";137;124;6;118;72;46
"26138";1010;849;70;779;319;460
"26139";1610;1408;85;1323;540;783
"26140";463;400;34;366;173;193
"26141";154;138;5;133;98;35
"26142";123;110;4;106;80;26
"26143";630;510;32;478;233;245
"26144";1422;1215;105;1110;598;512
"26145";436;387;29;358;164;194
"26146";1356;1171;77;1094;483;611
"26147";35;30;1;29;11;18
"26148";1383;1126;73;1053;425;628
"26149";694;606;45;561;244;317
"26150";10;9;0;9;3;6
"26152";32;27;2;25;15;10
"26153";81;68;11;57;45;12
"26154";218;190;13;177;96;81
"26155";839;689;65;624;302;322
"26156";727;655;31;624;256;368
"26157";479;430;34;396;184;212
"26159";97;88;6;82;55;27
"26160";695;600;49;551;332;219
"26161";38;34;5;29;17;12
"26162";636;535;57;478;216;262
"26163";59;55;1;54;20;34
"26164";75;69;0;69;42;27
"26165";6493;5131;389;4742;2240;2502
"26166";4164;3330;238;3092;1524;1568
"26167";389;331;24;307;177;130
"26168";447;396;28;368;194;174
"26169";1387;1198;108;1090;546;544
"26170";2778;2372;123;2249;1077;1172
"26171";142;121;12;109;61;48
"26172";454;391;31;360;159;201
"26173";589;509;16;493;195;298
"26174";687;573;49;524;232;292
"26175";149;134;21;113;93;20
"26176";1048;897;62;835;399;436
"26177";496;439;25;414;202;212
"26178";397;345;27;318;218;100
"26179";1643;1394;88;1306;510;796
"26180";178;157;11;146;74;72
"26181";195;174;7;167;75;92
"26182";1211;1029;66;963;459;504
"26183";746;639;47;592;351;241
"26184";218;177;16;161;76;85
"26185";435;375;19;356;185;171
"26186";53;51;2;49;29;20
"26187";92;77;3;74;43;31
"26188";878;732;33;699;344;355
"26189";113;98;9;89;62;27
"26190";86;70;3;67;50;17
"26191";1614;1417;92;1325;531;794
"26192";243;217;26;191;87;104
"26193";357;309;19;290;175;115
"26194";465;403;11;392;188;204
"26195";163;139;10;129;77;52
"26196";1207;1051;37;1014;450;564
"26197";2942;2539;157;2382;925;1457
"26198";25384;19997;1229;18768;9004;9764
"26199";34;31;0;31;22;9
"26200";84;69;5;64;36;28
"26201";49;43;4;39;23;16
"26202";272;236;12;224;154;70
"26203";225;191;15;176;77;99
"26204";136;121;16;105;44;61
"26205";65;58;2;56;37;19
"26206";2151;1869;102;1767;905;862
"26207";435;384;33;351;132;219
"26208";1418;1226;86;1140;492;648
"26209";39;30;2;28;15;13
"26210";386;309;17;292;125;167
"26211";899;789;46;743;348;395
"26212";820;714;40;674;282;392
"26213";497;441;20;421;242;179
"26214";67;58;4;54;43;11
"26215";325;289;19;270;155;115
"26216";510;456;44;412;229;183
"26217";130;115;2;113;58;55
"26218";1971;1749;102;1647;712;935
"26219";288;250;19;231;112;119
"26220";5256;4158;266;3892;2017;1875
"26221";90;73;0;73;28;45
"26222";33;29;1;28;20;8
"26223";450;376;17;359;167;192
"26224";173;151;10;141;78;63
"26225";424;363;26;337;135;202
"26226";338;281;17;264;124;140
"26227";17;17;1;16;14;2
"26228";16;9;0;9;5;4
"26229";85;73;8;65;30;35
"26231";1951;1575;79;1496;625;871
"26232";518;462;27;435;199;236
"26233";216;196;13;183;69;114
"26234";724;594;36;558;313;245
"26235";8981;7277;497;6780;2870;3910
"26236";121;101;6;95;65;30
"26238";165;141;11;130;93;37
"26239";167;142;14;128;59;69
"26240";141;126;7;119;61;58
"26241";97;83;4;79;48;31
"26242";26;26;0;26;25;1
"26243";698;601;37;564;327;237
"26244";95;76;3;73;46;27
"26245";25;23;1;22;15;7
"26246";106;97;8;89;67;22
"26247";362;307;21;286;154;132
"26248";152;123;10;113;72;41
"26249";453;389;23;366;204;162
"26250";2170;1837;89;1748;776;972
"26251";328;291;18;273;143;130
"26252";7185;5945;400;5545;3088;2457
"26253";66;48;2;46;31;15
"26254";29;24;3;21;11;10
"26255";31;28;1;27;20;7
"26256";69;63;5;58;39;19
"26257";327;289;19;270;136;134
"26258";653;569;53;516;294;222
"26259";231;199;8;191;91;100
"26261";326;273;24;249;134;115
"26262";183;169;18;151;94;57
"26263";120;102;8;94;51;43
"26264";268;233;23;210;85;125
"26266";35;29;1;28;18;10
"26267";20;20;3;17;14;3
"26268";103;86;11;75;49;26
"26269";87;60;4;56;33;23
"26270";127;109;6;103;44;59
"26271";2414;2069;122;1947;785;1162
"26272";274;225;20;205;120;85
"26273";747;655;55;600;285;315
"26274";11;9;0;9;2;7
"26275";1178;1027;75;952;312;640
"26276";327;289;19;270;138;132
"26277";143;119;7;112;70;42
"26278";244;203;11;192;133;59
"26279";71;58;5;53;29;24
"26281";21075;16477;896;15581;8287;7294
"26282";180;166;8;158;88;70
"26283";27;23;0;23;17;6
"26284";323;271;14;257;95;162
"26285";253;236;18;218;102;116
"26286";32;21;2;19;15;4
"26287";339;294;22;272;111;161
"26288";261;210;6;204;112;92
"26289";999;838;47;791;527;264
"26290";336;278;16;262;113;149
"26291";56;47;2;45;33;12
"26292";184;157;9;148;80;68
"26293";212;177;20;157;71;86
"26294";492;431;26;405;177;228
"26295";1486;1253;111;1142;626;516
"26296";38;36;1;35;29;6
"26297";199;166;20;146;52;94
"26298";302;240;36;204;109;95
"26299";107;86;10;76;43;33
"26300";43;33;4;29;24;5
"26301";2764;2240;159;2081;962;1119
"26302";409;328;17;311;145;166
"26303";79;70;7;63;50;13
"26304";198;174;16;158;80;78
"26305";599;502;41;461;210;251
"26306";202;171;7;164;88;76
"26307";2115;1822;105;1717;840;877
"26308";147;135;9;126;78;48
"26309";199;179;12;167;92;75
"26310";117;95;9;86;38;48
"26311";870;730;58;672;356;316
"26312";979;827;65;762;312;450
"26313";4044;3433;210;3223;1407;1816
"26314";273;233;16;217;104;113
"26315";325;285;14;271;151;120
"26316";149;132;12;120;40;80
"26317";517;446;36;410;194;216
"26318";54;46;4;42;25;17
"26319";387;326;12;314;134;180
"26320";466;393;33;360;187;173
"26321";178;155;6;149;82;67
"26322";361;309;33;276;116;160
"26323";1245;1053;66;987;391;596
"26324";6641;5575;347;5228;2279;2949
"26325";3638;2919;194;2725;1408;1317
"26326";1228;1065;58;1007;391;616
"26327";131;111;9;102;78;24
"26328";48;44;0;44;17;27
"26329";179;148;6;142;80;62
"26330";1531;1262;102;1160;561;599
"26331";366;322;9;313;139;174
"26332";1169;1005;63;942;524;418
"26333";2230;1749;104;1645;951;694
"26334";100;89;8;81;43;38
"26335";176;143;8;135;60;75
"26336";418;371;28;343;226;117
"26337";1243;1047;72;975;483;492
"26338";1526;1334;101;1233;641;592
"26339";1117;922;71;851;340;511
"26340";249;206;9;197;86;111
"26341";494;419;35;384;161;223
"26342";241;219;16;203;77;126
"26343";79;73;8;65;43;22
"26344";306;261;22;239;123;116
"26345";1463;1283;95;1188;435;753
"26346";239;212;15;197;117;80
"26347";3910;3256;207;3049;1499;1550
"26348";1201;1066;98;968;540;428
"26349";234;193;14;179;63;116
"26350";69;57;0;57;33;24
"26351";21;19;3;16;11;5
"26352";199;181;12;169;96;73
"26353";648;537;42;495;255;240
"26354";174;141;10;131;67;64
"26355";462;417;23;394;163;231
"26356";104;88;3;85;68;17
"26357";1381;1176;78;1098;488;610
"26358";1123;994;70;924;449;475
"26359";28;23;0;23;19;4
"26360";479;415;32;383;179;204
"26361";153;130;9;121;95;26
"26362";38951;30925;1563;29362;15678;13684
"26363";34;30;1;29;23;6
"26364";289;245;18;227;112;115
"26365";493;445;14;431;199;232
"26366";231;202;18;184;88;96
"26367";571;504;36;468;239;229
"26368";268;228;6;222;143;79
"26369";59;53;3;50;37;13
"26370";121;102;9;93;44;49
"26371";44;43;1;42;16;26
"26372";44;41;2;39;15;24
"26373";209;173;10;163;98;65
"26374";29;24;5;19;10;9
"26375";18;16;1;15;6;9
"26376";96;85;3;82;37;45
"26377";933;820;40;780;388;392
"26378";40;38;2;36;15;21
"26379";772;657;28;629;235;394
"26380";387;338;37;301;155;146
"26381";580;517;25;492;173;319
"26382";373;325;15;310;127;183
"27001";195;168;14;154;75;79
"27002";356;281;16;265;100;165
"27003";1238;971;63;908;393;515
"27004";225;188;13;175;67;108
"27005";837;692;55;637;175;462
"27006";93;85;2;83;44;39
"27007";236;187;17;170;64;106
"27008";1102;973;71;902;596;306
"27009";423;329;14;315;137;178
"27010";157;128;10;118;59;59
"27011";677;562;40;522;258;264
"27012";315;260;26;234;99;135
"27013";401;344;22;322;170;152
"27014";602;494;29;465;206;259
"27015";815;685;43;642;289;353
"27016";5392;4164;284;3880;1921;1959
"27017";954;798;38;760;347;413
"27018";743;634;41;593;275;318
"27019";135;116;7;109;36;73
"27020";1206;1009;40;969;443;526
"27021";227;210;14;196;70;126
"27022";3116;2536;182;2354;1303;1051
"27023";568;492;30;462;212;250
"27024";250;207;15;192;75;117
"27025";662;569;30;539;203;336
"27026";279;235;13;222;75;147
"27027";219;184;10;174;75;99
"27028";267;207;18;189;119;70
"27031";929;801;39;762;395;367
"27032";312;275;7;268;133;135
"27033";254;216;9;207;85;122
"27034";386;342;26;316;157;159
"27035";101;90;7;83;23;60
"27036";378;320;19;301;131;170
"27037";791;670;52;618;299;319
"27038";174;141;9;132;47;85
"27039";371;335;18;317;157;160
"27040";335;290;22;268;120;148
"27041";649;537;38;499;161;338
"27042";67;58;3;55;23;32
"27043";501;420;27;393;130;263
"27044";804;658;42;616;280;336
"27045";528;447;33;414;218;196
"27046";121;102;10;92;30;62
"27047";244;211;11;200;107;93
"27048";183;160;9;151;49;102
"27049";491;388;28;360;172;188
"27050";546;454;29;425;200;225
"27051";2009;1667;132;1535;709;826
"27052";327;290;16;274;107;167
"27053";192;156;9;147;77;70
"27054";381;334;24;310;154;156
"27055";224;179;17;162;49;113
"27056";7222;5779;304;5475;2924;2551
"27057";201;170;11;159;67;92
"27058";277;220;12;208;71;137
"27059";257;203;15;188;70;118
"27060";212;182;12;170;53;117
"27061";237;194;16;178;76;102
"27062";640;528;36;492;247;245
"27063";129;115;14;101;30;71
"27064";436;371;22;349;198;151
"27065";2880;2317;154;2163;954;1209
"27066";188;160;20;140;67;73
"27067";1020;836;63;773;358;415
"27068";150;130;10;120;42;78
"27069";574;472;23;449;175;274
"27070";579;505;35;470;195;275
"27071";190;159;14;145;34;111
"27072";623;527;32;495;208;287
"27073";838;653;45;608;256;352
"27074";259;210;7;203;87;116
"27075";298;233;23;210;79;131
"27076";351;293;17;276;101;175
"27077";564;470;25;445;257;188
"27078";193;159;17;142;49;93
"27079";256;211;10;201;103;98
"27081";129;114;6;108;45;63
"27082";1531;1316;104;1212;686;526
"27083";169;142;9;133;69;64
"27084";228;186;8;178;88;90
"27085";305;256;25;231;124;107
"27088";113;87;3;84;29;55
"27089";347;292;24;268;123;145
"27090";2597;2216;165;2051;1078;973
"27091";485;418;20;398;186;212
"27092";444;382;24;358;182;176
"27093";270;228;7;221;104;117
"27094";105;88;11;77;31;46
"27095";376;327;18;309;138;171
"27096";265;208;12;196;68;128
"27097";586;493;22;471;264;207
"27098";72;62;4;58;11;47
"27099";480;426;24;402;175;227
"27100";708;601;42;559;288;271
"27101";307;251;8;243;99;144
"27102";770;681;47;634;303;331
"27103";2280;1857;120;1737;822;915
"27104";538;452;35;417;211;206
"27105";2229;1901;151;1750;945;805
"27106";335;291;16;275;116;159
"27107";708;604;40;564;283;281
"27108";900;758;54;704;282;422
"27109";255;215;10;205;100;105
"27110";421;339;28;311;136;175
"27111";131;111;3;108;40;68
"27112";2072;1672;93;1579;739;840
"27113";142;125;14;111;63;48
"27114";889;728;46;682;270;412
"27115";283;245;9;236;82;154
"27116";3060;2347;165;2182;1274;908
"27117";765;627;42;585;281;304
"27118";471;409;30;379;158;221
"27119";1101;893;55;838;347;491
"27120";276;237;18;219;113;106
"27121";273;229;17;212;88;124
"27122";250;201;15;186;71;115
"27123";315;241;10;231;79;152
"27124";197;156;5;151;50;101
"27125";505;424;31;393;187;206
"27126";836;703;58;645;356;289
"27127";492;421;24;397;176;221
"27128";178;146;15;131;77;54
"27129";465;398;23;375;137;238
"27130";320;277;13;264;102;162
"27131";186;159;7;152;53;99
"27132";662;564;29;535;258;277
"27133";800;702;45;657;325;332
"27134";145;121;15;106;49;57
"27135";313;268;23;245;100;145
"27136";225;196;5;191;66;125
"27137";237;205;15;190;71;119
"27138";323;252;15;237;81;156
"27139";133;102;6;96;25;71
"27140";333;286;17;269;116;153
"27141";65;53;1;52;17;35
"27142";139;125;12;113;29;84
"27143";37;32;9;23;7;16
"27144";202;175;9;166;76;90
"27145";79;70;5;65;20;45
"27146";247;209;13;196;65;131
"27147";425;359;21;338;158;180
"27148";308;255;19;236;82;154
"27149";67;53;2;51;19;32
"27150";833;676;38;638;267;371
"27151";1507;1173;65;1108;656;452
"27152";469;406;27;379;183;196
"27153";253;214;17;197;77;120
"27154";383;332;36;296;120;176
"27155";89;74;6;68;28;40
"27156";356;311;22;289;128;161
"27157";402;338;20;318;101;217
"27158";593;475;35;440;201;239
"27159";349;290;23;267;127;140
"27160";154;126;8;118;46;72
"27161";821;716;50;666;326;340
"27162";158;132;8;124;45;79
"27163";130;110;4;106;50;56
"27164";586;490;42;448;196;252
"27165";3299;2635;166;2469;1302;1167
"27166";668;560;45;515;239;276
"27167";441;358;17;341;183;158
"27168";161;137;7;130;29;101
"27169";676;552;24;528;268;260
"27170";851;667;43;624;283;341
"27171";317;282;11;271;88;183
"27172";382;326;25;301;108;193
"27173";66;61;2;59;27;32
"27174";994;862;67;795;404;391
"27175";262;227;15;212;95;117
"27176";142;115;3;112;66;46
"27177";432;341;23;318;116;202
"27179";525;422;29;393;155;238
"27180";1307;1113;108;1005;472;533
"27181";434;352;16;336;138;198
"27182";150;127;4;123;48;75
"27183";1617;1264;106;1158;538;620
"27184";117;101;8;93;29;64
"27185";304;270;22;248;98;150
"27187";192;160;14;146;40;106
"27188";932;799;45;754;312;442
"27189";349;304;24;280;81;199
"27190";194;159;11;148;53;95
"27191";785;661;43;618;263;355
"27192";447;387;19;368;183;185
"27193";1024;763;59;704;327;377
"27194";175;140;11;129;56;73
"27195";83;70;1;69;23;46
"27196";901;777;55;722;362;360
"27197";198;167;10;157;53;104
"27198";1348;1072;70;1002;394;608
"27199";460;371;21;350;166;184
"27200";122;100;6;94;37;57
"27201";173;149;4;145;72;73
"27202";368;306;26;280;136;144
"27203";411;335;12;323;127;196
"27204";223;192;11;181;91;90
"27205";297;248;15;233;145;88
"27206";310;246;18;228;99;129
"27207";469;401;31;370;150;220
"27208";133;116;6;110;36;74
"27209";433;378;26;352;163;189
"27210";313;259;15;244;98;146
"27211";449;389;31;358;135;223
"27212";85;70;6;64;31;33
"27213";750;646;37;609;272;337
"27214";507;405;33;372;160;212
"27215";268;226;16;210;91;119
"27216";397;359;17;342;155;187
"27217";408;352;17;335;135;200
"27218";989;824;64;760;304;456
"27219";351;297;22;275;124;151
"27220";250;200;14;186;56;130
"27221";256;210;17;193;64;129
"27222";172;155;12;143;62;81
"27223";296;253;19;234;123;111
"27224";367;300;29;271;120;151
"27225";293;241;23;218;92;126
"27226";2783;2235;150;2085;1048;1037
"27227";457;358;30;328;149;179
"27228";222;195;6;189;102;87
"27229";27680;20966;1175;19791;11155;8636
"27230";2458;1916;128;1788;757;1031
"27231";330;280;14;266;70;196
"27232";222;173;10;163;58;105
"27233";579;491;37;454;182;272
"27234";239;207;14;193;80;113
"27235";124;101;16;85;28;57
"27237";142;118;12;106;34;72
"27238";759;662;58;604;251;353
"27239";333;293;11;282;111;171
"27240";219;182;7;175;69;106
"27241";153;131;5;126;42;84
"27242";735;606;64;542;227;315
"27243";526;436;20;416;171;245
"27244";337;303;22;281;142;139
"27245";245;206;17;189;77;112
"27246";1274;1039;58;981;533;448
"27247";267;216;22;194;98;96
"27248";143;114;5;109;46;63
"27249";772;675;45;630;282;348
"27250";534;449;31;418;172;246
"27251";422;348;33;315;155;160
"27252";264;227;11;216;85;131
"27253";326;270;20;250;120;130
"27254";673;552;28;524;195;329
"27255";206;169;9;160;68;92
"27256";408;346;27;319;125;194
"27257";317;274;13;261;115;146
"27258";344;292;23;269;90;179
"27259";65;59;5;54;19;35
"27260";423;340;38;302;150;152
"27261";365;311;21;290;120;170
"27262";680;541;43;498;175;323
"27263";500;429;37;392;177;215
"27264";131;113;7;106;24;82
"27265";854;733;58;675;312;363
"27266";242;188;16;172;104;68
"27267";309;265;14;251;144;107
"27268";275;240;16;224;95;129
"27269";167;149;9;140;56;84
"27270";398;315;22;293;118;175
"27271";233;189;11;178;54;124
"27273";304;251;8;243;69;174
"27274";300;245;12;233;108;125
"27275";4247;3270;195;3075;1688;1387
"27276";268;231;18;213;101;112
"27277";428;361;27;334;153;181
"27278";1239;1033;77;956;406;550
"27279";2521;1907;161;1746;719;1027
"27280";360;310;21;289;106;183
"27281";211;171;16;155;61;94
"27282";435;373;22;351;156;195
"27283";213;178;16;162;56;106
"27284";7689;5883;418;5465;2894;2571
"27285";409;360;12;348;130;218
"27286";236;195;13;182;56;126
"27287";687;592;37;555;280;275
"27288";379;325;11;314;192;122
"27289";149;121;4;117;47;70
"27290";584;514;51;463;216;247
"27291";127;110;8;102;32;70
"27292";187;147;6;141;64;77
"27293";254;206;16;190;94;96
"27294";409;350;27;323;169;154
"27295";375;329;17;312;130;182
"27296";170;138;7;131;57;74
"27297";278;236;24;212;83;129
"27298";239;195;17;178;77;101
"27299";2675;2214;133;2081;1112;969
"27300";392;328;31;297;125;172
"27301";777;678;50;628;238;390
"27302";720;599;51;548;248;300
"27303";67;60;7;53;24;29
"27304";171;137;10;127;60;67
"27305";566;476;41;435;202;233
"27306";2143;1755;89;1666;842;824
"27307";320;275;20;255;101;154
"27308";191;153;9;144;50;94
"27309";352;298;17;281;92;189
"27310";336;269;27;242;100;142
"27311";655;540;23;517;244;273
"27312";228;191;10;181;78;103
"27313";403;341;27;314;147;167
"27315";222;194;13;181;74;107
"27316";992;857;52;805;395;410
"27317";349;285;24;261;129;132
"27318";219;188;12;176;87;89
"27319";220;197;17;180;107;73
"27320";225;177;10;167;73;94
"27321";123;103;0;103;36;67
"27322";1138;974;55;919;477;442
"27323";199;175;11;164;56;108
"27324";413;358;27;331;145;186
"27325";93;77;8;69;32;37
"27326";300;246;15;231;58;173
"27327";196;172;23;149;59;90
"27329";631;511;45;466;199;267
"27330";121;98;8;90;50;40
"27331";357;289;9;280;103;177
"27332";626;526;26;500;218;282
"27333";468;382;39;343;164;179
"27334";86;79;2;77;32;45
"27335";789;675;49;626;254;372
"27336";210;185;6;179;57;122
"27337";339;285;27;258;98;160
"27338";493;416;36;380;195;185
"27339";618;538;23;515;214;301
"27340";494;427;31;396;198;198
"27341";81;61;3;58;19;39
"27342";160;118;12;106;41;65
"27343";1041;899;42;857;323;534
"27344";93;72;5;67;26;41
"27345";203;178;10;168;67;101
"27346";165;129;17;112;52;60
"27347";574;483;22;461;209;252
"27348";1098;950;55;895;450;445
"27349";663;584;36;548;287;261
"27350";709;591;48;543;222;321
"27351";1107;939;45;894;439;455
"27353";332;268;14;254;111;143
"27354";387;316;22;294;130;164
"27355";1728;1349;89;1260;528;732
"27356";221;185;17;168;98;70
"27358";461;388;23;365;109;256
"27359";157;128;14;114;42;72
"27360";224;170;24;146;67;79
"27361";234;208;8;200;71;129
"27362";259;212;14;198;101;97
"27363";150;130;4;126;57;69
"27364";175;157;18;139;71;68
"27365";1549;1166;62;1104;641;463
"27366";164;138;7;131;73;58
"27367";1051;849;41;808;306;502
"27368";237;192;19;173;57;116
"27369";71;61;3;58;20;38
"27370";269;240;21;219;110;109
"27371";138;107;8;99;40;59
"27372";426;322;32;290;154;136
"27373";120;106;6;100;30;70
"27374";414;330;30;300;126;174
"27375";11348;8263;465;7798;4366;3432
"27376";198;171;8;163;53;110
"27377";650;538;31;507;199;308
"27378";998;802;46;756;314;442
"27379";321;258;10;248;111;137
"27380";175;154;9;145;69;76
"27381";117;96;8;88;40;48
"27382";237;217;18;199;99;100
"27383";331;279;17;262;113;149
"27384";409;349;15;334;135;199
"27385";1095;874;73;801;415;386
"27386";780;641;39;602;371;231
"27387";237;201;9;192;65;127
"27388";389;326;18;308;118;190
"27389";283;229;24;205;75;130
"27390";664;585;42;543;190;353
"27391";1059;872;55;817;327;490
"27392";115;96;2;94;44;50
"27393";289;231;13;218;95;123
"27394";336;310;22;288;114;174
"27395";81;68;6;62;25;37
"27396";337;286;20;266;127;139
"27397";1214;976;68;908;349;559
"27398";993;883;54;829;384;445
"27399";41;35;0;35;13;22
"27400";280;245;18;227;79;148
"27401";146;138;9;129;64;65
"27402";48;46;2;44;9;35
"27403";230;191;19;172;60;112
"27404";82;69;6;63;29;34
"27405";135;111;12;99;48;51
"27406";779;617;46;571;292;279
"27407";234;201;12;189;49;140
"27408";471;421;26;395;131;264
"27410";367;308;15;293;110;183
"27411";158;136;9;127;50;77
"27412";813;696;56;640;336;304
"27413";611;479;33;446;242;204
"27414";586;465;26;439;192;247
"27415";338;288;25;263;94;169
"27416";707;600;33;567;212;355
"27417";466;376;39;337;134;203
"27418";88;71;5;66;18;48
"27419";531;426;32;394;153;241
"27420";119;109;6;103;40;63
"27421";465;380;22;358;143;215
"27422";735;619;29;590;282;308
"27423";682;564;41;523;219;304
"27424";274;233;17;216;83;133
"27425";936;744;51;693;419;274
"27426";996;815;43;772;310;462
"27427";363;286;17;269;107;162
"27428";2881;2203;163;2040;879;1161
"27429";115;107;5;102;32;70
"27430";229;189;12;177;73;104
"27431";410;345;24;321;145;176
"27432";424;360;26;334;207;127
"27433";133;100;10;90;42;48
"27434";46;43;3;40;13;27
"27435";152;136;9;127;57;70
"27436";316;251;16;235;100;135
"27437";248;192;15;177;83;94
"27438";1392;1087;64;1023;473;550
"27439";886;757;51;706;309;397
"27440";598;525;39;486;203;283
"27441";64;55;4;51;19;32
"27442";189;155;2;153;58;95
"27444";203;173;8;165;54;111
"27445";142;117;6;111;44;67
"27446";358;304;28;276;127;149
"27447";358;304;17;287;134;153
"27448";3308;2769;154;2615;1030;1585
"27449";337;307;27;280;115;165
"27451";260;223;20;203;104;99
"27452";313;266;22;244;146;98
"27453";1386;1117;58;1059;580;479
"27454";330;273;14;259;131;128
"27455";138;118;5;113;48;65
"27456";684;580;34;546;259;287
"27457";540;444;38;406;150;256
"27458";1646;1364;93;1271;820;451
"27459";64;63;6;57;19;38
"27460";151;134;3;131;41;90
"27462";107;96;8;88;35;53
"27463";533;454;38;416;175;241
"27464";640;552;19;533;243;290
"27465";332;268;13;255;97;158
"27466";216;171;9;162;81;81
"27467";5797;4234;251;3983;2328;1655
"27468";431;337;29;308;182;126
"27469";3003;2428;149;2279;1250;1029
"27470";749;627;47;580;327;253
"27471";117;102;3;99;39;60
"27472";190;161;9;152;75;77
"27473";751;665;36;629;296;333
"27474";867;738;37;701;327;374
"27475";145;122;13;109;48;61
"27476";328;296;9;287;155;132
"27477";611;526;24;502;210;292
"27478";730;635;46;589;244;345
"27480";417;352;16;336;157;179
"27481";301;256;18;238;71;167
"27482";110;84;2;82;31;51
"27483";318;271;14;257;93;164
"27484";93;77;11;66;23;43
"27485";685;542;47;495;289;206
"27486";481;389;39;350;135;215
"27487";470;380;23;357;190;167
"27488";161;145;7;138;63;75
"27489";415;335;21;314;124;190
"27490";164;139;16;123;56;67
"27491";228;187;5;182;33;149
"27492";254;201;6;195;97;98
"27493";2227;1856;141;1715;957;758
"27495";190;156;12;144;50;94
"27496";411;353;39;314;127;187
"27497";731;621;34;587;271;316
"27498";235;212;15;197;95;102
"27499";159;137;13;124;47;77
"27500";952;791;52;739;311;428
"27501";204;163;7;156;57;99
"27502";1641;1254;74;1180;618;562
"27503";223;192;12;180;55;125
"27504";754;660;36;624;243;381
"27505";124;115;10;105;28;77
"27506";257;202;12;190;86;104
"27507";2380;1791;112;1679;787;892
"27508";138;116;7;109;43;66
"27510";374;330;31;299;107;192
"27511";531;440;21;419;181;238
"27512";271;237;17;220;64;156
"27513";107;91;5;86;17;69
"27514";312;260;24;236;81;155
"27515";223;187;12;175;70;105
"27516";687;572;25;547;244;303
"27517";1381;1179;72;1107;458;649
"27518";443;384;34;350;167;183
"27519";222;179;14;165;57;108
"27520";98;91;3;88;35;53
"27521";125;113;6;107;37;70
"27522";307;267;16;251;122;129
"27523";298;248;23;225;109;116
"27524";524;425;37;388;155;233
"27525";229;191;8;183;77;106
"27526";197;166;16;150;54;96
"27527";173;145;10;135;61;74
"27528";2729;2226;116;2110;1010;1100
"27529";348;291;15;276;149;127
"27530";91;78;8;70;15;55
"27531";170;153;9;144;59;85
"27532";140;123;3;120;38;82
"27533";446;356;23;333;112;221
"27534";629;559;40;519;277;242
"27535";383;319;21;298;142;156
"27536";369;318;15;303;144;159
"27537";552;453;25;428;215;213
"27538";401;354;30;324;176;148
"27539";310;248;20;228;105;123
"27540";491;383;35;348;133;215
"27541";96;85;6;79;41;38
"27542";571;479;26;453;252;201
"27543";654;551;43;508;200;308
"27544";157;130;5;125;55;70
"27545";118;104;3;101;28;73
"27546";168;147;8;139;61;78
"27547";610;521;29;492;181;311
"27548";954;760;62;698;309;389
"27549";1207;973;47;926;496;430
"27550";256;225;16;209;106;103
"27551";60;56;4;52;15;37
"27552";181;154;11;143;46;97
"27553";321;258;21;237;101;136
"27554";1057;871;44;827;324;503
"27555";185;158;8;150;42;108
"27556";61;46;3;43;23;20
"27557";383;320;20;300;152;148
"27558";105;88;6;82;44;38
"27560";216;197;13;184;65;119
"27561";444;360;27;333;135;198
"27562";3320;2828;154;2674;1286;1388
"27563";612;509;26;483;238;245
"27564";283;230;19;211;71;140
"27565";348;297;29;268;96;172
"27566";102;85;6;79;35;44
"27567";174;164;16;148;62;86
"27568";358;320;22;298;147;151
"27569";209;176;8;168;62;106
"27570";77;69;9;60;18;42
"27571";223;196;18;178;88;90
"27572";192;157;11;146;71;75
"27573";131;105;6;99;27;72
"27574";249;194;17;177;78;99
"27576";424;374;33;341;136;205
"27577";354;313;27;286;129;157
"27578";188;166;8;158;60;98
"27579";74;68;8;60;31;29
"27580";1698;1435;95;1340;700;640
"27581";274;225;23;202;90;112
"27582";1241;1079;72;1007;488;519
"27584";187;163;13;150;79;71
"27586";127;114;9;105;48;57
"27587";624;527;23;504;321;183
"27588";832;721;46;675;284;391
"27589";793;656;25;631;277;354
"27590";156;133;7;126;52;74
"27591";489;422;34;388;142;246
"27592";213;174;6;168;85;83
"27593";1029;880;57;823;427;396
"27594";202;159;6;153;88;65
"27595";651;570;47;523;267;256
"27596";106;89;2;87;25;62
"27597";406;347;16;331;165;166
"27598";918;773;47;726;370;356
"27599";727;605;49;556;213;343
"27600";202;164;8;156;68;88
"27601";277;225;13;212;86;126
"27602";3356;2847;158;2689;1351;1338
"27603";236;203;21;182;92;90
"27604";124;113;4;109;59;50
"27605";198;175;13;162;55;107
"27606";304;269;20;249;131;118
"27607";186;160;9;151;75;76
"27608";356;306;24;282;114;168
"27609";245;205;18;187;76;111
"27610";57;50;5;45;17;28
"27611";208;181;2;179;77;102
"27612";255;222;14;208;66;142
"27613";231;190;14;176;73;103
"27614";107;86;4;82;29;53
"27615";153;132;3;129;63;66
"27616";1518;1300;83;1217;564;653
"27617";326;270;25;245;96;149
"27618";303;258;24;234;79;155
"27620";355;296;15;281;132;149
"27621";106;92;7;85;28;57
"27622";1523;1240;82;1158;744;414
"27623";310;277;20;257;109;148
"27624";673;584;49;535;229;306
"27625";200;168;15;153;74;79
"27626";277;241;25;216;121;95
"27627";184;156;9;147;53;94
"27628";233;185;12;173;68;105
"27629";1302;1060;53;1007;418;589
"27630";202;180;13;167;58;109
"27631";225;198;13;185;99;86
"27632";260;226;17;209;80;129
"27633";393;273;21;252;122;130
"27634";230;196;6;190;64;126
"27635";113;98;6;92;30;62
"27636";465;425;32;393;225;168
"27637";256;213;13;200;99;101
"27638";1631;1477;115;1362;690;672
"27639";364;309;29;280;152;128
"27640";152;119;11;108;53;55
"27641";163;140;13;127;65;62
"27642";271;237;13;224;108;116
"27643";868;645;43;602;280;322
"27644";366;331;19;312;119;193
"27645";102;91;9;82;45;37
"27646";294;239;17;222;91;131
"27647";460;361;39;322;127;195
"27648";323;277;15;262;122;140
"27649";261;221;19;202;92;110
"27650";288;250;13;237;95;142
"27651";127;110;3;107;34;73
"27652";256;218;11;207;106;101
"27653";672;549;41;508;204;304
"27654";712;608;48;560;295;265
"27655";520;446;24;422;211;211
"27656";958;785;63;722;363;359
"27657";118;107;3;104;48;56
"27658";230;202;19;183;68;115
"27659";75;65;4;61;23;38
"27660";201;173;11;162;75;87
"27661";358;316;22;294;151;143
"27662";258;227;12;215;98;117
"27663";117;110;6;104;45;59
"27664";411;350;23;327;129;198
"27665";606;507;33;474;234;240
"27666";429;360;29;331;154;177
"27667";270;249;14;235;103;132
"27668";613;483;39;444;182;262
"27669";242;189;8;181;88;93
"27670";789;654;55;599;352;247
"27671";109;91;2;89;39;50
"27672";243;211;20;191;100;91
"27673";155;140;6;134;49;85
"27674";209;181;6;175;42;133
"27676";687;553;55;498;237;261
"27677";234;197;19;178;74;104
"27678";856;698;59;639;318;321
"27679";4548;3485;189;3296;1458;1838
"27680";177;136;12;124;43;81
"27681";14995;11523;579;10944;5443;5501
"27682";485;419;35;384;158;226
"27683";165;140;14;126;56;70
"27684";542;456;32;424;194;230
"27685";477;376;30;346;134;212
"27686";60;56;4;52;24;28
"27687";137;118;16;102;52;50
"27688";77;68;4;64;23;41
"27689";223;199;18;181;73;108
"27690";218;181;13;168;70;98
"27691";589;480;40;440;172;268
"27692";141;124;8;116;49;67
"27693";860;757;40;717;281;436
"27694";283;232;10;222;103;119
"27695";186;153;4;149;61;88
"27696";684;559;48;511;206;305
"27697";260;231;14;217;65;152
"27698";380;339;25;314;152;162
"27699";97;76;6;70;25;45
"27700";402;353;32;321;139;182
"27701";7329;4953;279;4674;3298;1376
"28001";1471;1249;72;1177;459;718
"28002";239;195;17;178;64;114
"28003";110;95;6;89;34;55
"28004";229;177;10;167;92;75
"28005";543;460;29;431;238;193
"28006";1425;1239;69;1170;584;586
"28007";2041;1613;87;1526;566;960
"28008";132;107;10;97;23;74
"28009";56;49;2;47;17;30
"28010";281;231;15;216;82;134
"28012";1353;1099;69;1030;415;615
"28013";1023;825;56;769;366;403
"28014";442;377;30;347;154;193
"28015";2468;1996;119;1877;920;957
"28016";122;98;7;91;30;61
"28017";197;163;10;153;48;105
"28018";929;776;43;733;262;471
"28019";144;122;7;115;32;83
"28020";109;93;7;86;36;50
"28021";1121;935;61;874;415;459
"28022";906;738;60;678;279;399
"28023";979;839;55;784;315;469
"28024";1215;1076;72;1004;505;499
"28025";80;61;5;56;22;34
"28026";188;160;12;148;44;104
"28027";1006;834;63;771;222;549
"28028";175;154;10;144;54;90
"28029";246;214;9;205;75;130
"28030";241;197;21;176;70;106
"28031";348;292;15;277;87;190
"28032";223;200;19;181;87;94
"28033";558;475;45;430;179;251
"28034";573;471;27;444;185;259
"28035";710;636;32;604;261;343
"28036";601;533;33;500;184;316
"28037";271;226;12;214;105;109
"28038";119;111;5;106;49;57
"28039";1073;910;85;825;365;460
"28040";215;182;10;172;93;79
"28041";150;135;11;124;60;64
"28044";90;69;6;63;24;39
"28045";194;171;8;163;67;96
"28046";407;359;18;341;120;221
"28047";504;406;46;360;172;188
"28048";433;377;28;349;150;199
"28049";178;159;6;153;58;95
"28050";219;198;11;187;75;112
"28051";3141;2658;207;2451;1221;1230
"28052";593;504;43;461;213;248
"28053";178;159;6;153;48;105
"28054";305;252;20;232;93;139
"28055";369;334;27;307;117;190
"28056";1300;1104;60;1044;382;662
"28057";395;318;20;298;117;181
"28058";278;247;8;239;90;149
"28059";1040;817;48;769;308;461
"28060";121;108;8;100;50;50
"28061";2597;2070;163;1907;853;1054
"28062";654;549;24;525;216;309
"28063";397;329;27;302;141;161
"28064";1394;1181;58;1123;452;671
"28065";106;93;6;87;29;58
"28066";170;152;9;143;65;78
"28067";69;61;6;55;15;40
"28068";305;256;17;239;130;109
"28069";183;156;8;148;55;93
"28070";2688;2297;141;2156;1119;1037
"28071";409;334;19;315;125;190
"28072";354;302;22;280;104;176
"28073";255;214;20;194;69;125
"28074";191;166;11;155;67;88
"28075";782;663;58;605;282;323
"28076";125;108;1;107;30;77
"28077";147;135;7;128;38;90
"28078";158;144;13;131;37;94
"28079";276;229;13;216;70;146
"28080";220;182;14;168;51;117
"28081";213;183;7;176;78;98
"28082";375;332;18;314;113;201
"28083";100;84;8;76;35;41
"28084";539;478;44;434;205;229
"28085";25067;19258;915;18343;9556;8787
"28086";252;202;12;190;71;119
"28087";204;171;6;165;46;119
"28088";8251;6379;381;5998;3032;2966
"28089";1626;1317;88;1229;545;684
"28090";90;76;4;72;25;47
"28091";112;103;6;97;43;54
"28092";160;133;14;119;37;82
"28093";586;463;35;428;189;239
"28094";1083;931;50;881;402;479
"28095";207;179;18;161;76;85
"28096";768;592;38;554;217;337
"28098";1312;1095;74;1021;440;581
"28099";762;642;38;604;287;317
"28100";300;255;13;242;83;159
"28101";263;208;12;196;93;103
"28102";518;409;33;376;167;209
"28103";2149;1760;145;1615;667;948
"28104";648;531;31;500;209;291
"28105";365;314;19;295;150;145
"28106";324;275;12;263;115;148
"28107";339;290;22;268;118;150
"28108";148;129;6;123;57;66
"28109";225;199;10;189;78;111
"28110";2949;2459;137;2322;1072;1250
"28111";284;223;12;211;73;138
"28112";291;254;16;238;92;146
"28113";1100;867;50;817;365;452
"28114";112;107;8;99;37;62
"28115";376;308;28;280;132;148
"28116";1761;1452;71;1381;627;754
"28117";209;185;3;182;81;101
"28118";368;291;21;270;99;171
"28119";152;134;4;130;60;70
"28120";463;384;31;353;117;236
"28121";71;62;3;59;23;36
"28122";1198;1000;58;942;403;539
"28123";409;351;23;328;114;214
"28124";552;443;22;421;146;275
"28126";167;147;12;135;60;75
"28127";721;585;45;540;194;346
"28128";305;267;23;244;121;123
"28129";538;442;41;401;200;201
"28130";731;614;43;571;206;365
"28132";486;414;40;374;198;176
"28133";389;348;34;314;149;165
"28134";16696;12030;495;11535;7242;4293
"28135";900;771;30;741;346;395
"28136";148;127;1;126;67;59
"28137";578;486;26;460;223;237
"28139";131;116;12;104;57;47
"28140";3634;2830;198;2632;1385;1247
"28141";209;190;10;180;76;104
"28142";129;111;7;104;51;53
"28143";186;160;13;147;46;101
"28144";162;132;13;119;50;69
"28145";246;214;20;194;58;136
"28146";647;534;21;513;201;312
"28147";420;334;13;321;131;190
"28148";266;209;7;202;81;121
"28149";577;454;28;426;170;256
"28150";301;239;13;226;87;139
"28151";113;95;4;91;35;56
"28153";178;160;11;149;78;71
"28154";1042;903;57;846;377;469
"28155";185;149;6;143;46;97
"28156";723;604;48;556;248;308
"28157";140;126;10;116;41;75
"28158";708;613;51;562;238;324
"28159";300;227;17;210;97;113
"28160";545;453;28;425;202;223
"28161";428;368;19;349;122;227
"28162";264;216;24;192;73;119
"28163";167;133;7;126;36;90
"28164";513;416;15;401;165;236
"28165";410;312;23;289;125;164
"28166";189;159;16;143;70;73
"28167";271;219;16;203;71;132
"28168";2398;1881;105;1776;858;918
"28169";169;146;12;134;54;80
"28170";218;174;19;155;81;74
"28171";676;579;43;536;222;314
"28172";562;494;36;458;201;257
"28173";918;788;47;741;325;416
"28175";141;116;9;107;56;51
"28176";453;391;23;368;164;204
"28177";412;347;20;327;96;231
"28178";227;195;19;176;47;129
"28179";194;171;8;163;50;113
"28180";386;334;20;314;131;183
"28182";228;194;11;183;63;120
"28183";376;321;20;301;121;180
"28184";221;191;11;180;86;94
"28185";658;541;32;509;202;307
"28187";482;403;37;366;142;224
"28188";615;490;34;456;178;278
"28189";148;127;8;119;47;72
"28190";337;275;17;258;111;147
"28191";1925;1643;93;1550;749;801
"28192";218;193;12;181;72;109
"28193";101;93;2;91;35;56
"28194";370;301;20;281;111;170
"28195";565;495;28;467;242;225
"28196";2432;1856;123;1733;851;882
"28197";100;91;3;88;29;59
"28198";603;532;26;506;230;276
"28199";1125;914;54;860;348;512
"28200";247;201;13;188;61;127
"28201";1453;1246;59;1187;536;651
"28202";289;241;15;226;75;151
"28203";467;384;19;365;170;195
"28204";255;211;14;197;87;110
"28205";427;352;31;321;110;211
"28206";489;404;20;384;163;221
"28207";142;115;5;110;43;67
"28208";304;252;22;230;85;145
"28209";3739;3036;189;2847;1449;1398
"28210";169;144;8;136;42;94
"28211";437;371;26;345;140;205
"28212";159;145;8;137;39;98
"28213";392;335;22;313;108;205
"28214";2172;1693;84;1609;771;838
"28215";226;200;24;176;81;95
"28216";151;137;12;125;44;81
"28217";140;113;9;104;28;76
"28218";10611;7838;525;7313;4098;3215
"28219";311;246;11;235;61;174
"28220";5084;4325;233;4092;1876;2216
"28221";152;121;6;115;33;82
"28222";292;265;25;240;111;129
"28223";1052;917;48;869;489;380
"28224";320;285;24;261;117;144
"28225";491;388;30;358;173;185
"28226";734;604;31;573;231;342
"28227";3341;2603;153;2450;1253;1197
"28229";6735;5062;270;4792;2745;2047
"28230";235;196;10;186;77;109
"28231";130;106;5;101;39;62
"28232";434;354;23;331;133;198
"28233";857;730;48;682;318;364
"28234";357;296;25;271;118;153
"28235";222;188;15;173;58;115
"28236";1054;891;51;840;346;494
"28237";210;186;10;176;55;121
"28239";683;569;27;542;206;336
"28240";396;347;18;329;142;187
"28241";203;181;11;170;47;123
"28242";76;66;4;62;26;36
"28243";164;146;10;136;59;77
"28245";258;232;12;220;92;128
"28246";349;285;23;262;96;166
"28247";396;340;10;330;126;204
"28248";258;217;19;198;73;125
"28249";477;412;30;382;191;191
"28250";103;81;5;76;34;42
"28251";785;633;35;598;249;349
"28252";186;147;10;137;60;77
"28253";652;565;46;519;220;299
"28254";364;291;21;270;135;135
"28255";100;72;7;65;22;43
"28256";392;326;17;309;168;141
"28257";65;54;3;51;14;37
"28258";279;238;12;226;92;134
"28259";233;198;7;191;71;120
"28260";82;78;2;76;38;38
"28261";460;359;26;333;140;193
"28262";412;341;28;313;144;169
"28263";206;179;14;165;63;102
"28264";122;102;5;97;45;52
"28265";213;180;11;169;76;93
"28267";383;329;27;302;112;190
"28268";28;24;5;19;9;10
"28269";1392;1130;52;1078;427;651
"28270";167;145;8;137;67;70
"28271";114;101;2;99;31;68
"28272";130;123;8;115;48;67
"28273";133;112;10;102;22;80
"28274";181;153;17;136;42;94
"28275";524;435;20;415;192;223
"28276";130;110;2;108;43;65
"28277";279;236;15;221;76;145
"28278";965;827;55;772;323;449
"28279";2572;2077;122;1955;874;1081
"28280";7063;5886;376;5510;2679;2831
"28281";382;311;23;288;123;165
"28282";328;290;26;264;125;139
"28283";232;204;16;188;86;102
"28284";227;191;11;180;54;126
"28285";258;221;9;212;75;137
"28286";410;348;32;316;136;180
"28287";686;580;27;553;183;370
"28288";32;26;1;25;2;23
"28289";180;159;15;144;68;76
"28290";188;164;8;156;67;89
"28291";420;329;22;307;154;153
"28292";593;506;35;471;190;281
"28293";782;647;55;592;277;315
"28294";339;287;24;263;104;159
"28295";287;238;19;219;94;125
"28296";231;207;21;186;90;96
"28297";181;141;19;122;54;68
"28298";2023;1706;123;1583;809;774
"28299";117;101;11;90;34;56
"28300";99;80;4;76;24;52
"28301";282;244;17;227;110;117
"28302";724;594;47;547;279;268
"28303";89;73;3;70;19;51
"28304";288;249;16;233;99;134
"28305";242;216;16;200;95;105
"28306";129;116;13;103;33;70
"28308";166;137;11;126;56;70
"28309";779;639;44;595;281;314
"28310";235;197;5;192;75;117
"28311";283;218;14;204;72;132
"28312";88;73;5;68;14;54
"28313";112;98;8;90;32;58
"28314";135;115;11;104;26;78
"28315";37;34;1;33;8;25
"28316";134;113;4;109;33;76
"28317";308;270;16;254;107;147
"28318";306;258;15;243;111;132
"28319";313;267;16;251;100;151
"28320";163;130;6;124;56;68
"28321";641;548;43;505;234;271
"28322";362;305;19;286;115;171
"28323";238;190;18;172;66;106
"28324";657;544;25;519;242;277
"28325";699;603;36;567;291;276
"28326";253;228;17;211;80;131
"28327";157;136;6;130;51;79
"28329";142;135;9;126;47;79
"28330";176;142;10;132;50;82
"28331";463;401;29;372;140;232
"28332";685;599;20;579;262;317
"28333";109;88;1;87;33;54
"28334";1406;1208;87;1121;509;612
"28335";711;600;42;558;241;317
"28336";91;78;8;70;31;39
"28337";1837;1611;117;1494;730;764
"28339";244;205;4;201;93;108
"28340";469;399;36;363;164;199
"28341";185;153;16;137;64;73
"28342";257;226;10;216;83;133
"28343";366;314;19;295;135;160
"28344";204;164;6;158;77;81
"28346";61;53;4;49;22;27
"28347";612;533;41;492;204;288
"28348";2732;2130;143;1987;1003;984
"28349";224;202;13;189;72;117
"28350";706;606;38;568;255;313
"28351";344;289;22;267;85;182
"28352";1077;927;76;851;363;488
"28353";322;274;20;254;136;118
"28354";249;207;11;196;85;111
"28355";263;224;14;210;73;137
"28356";277;226;17;209;120;89
"28357";877;773;48;725;353;372
"28358";1706;1443;77;1366;660;706
"28359";2405;1848;142;1706;839;867
"28360";733;598;44;554;231;323
"28361";956;789;40;749;342;407
"28362";398;337;22;315;101;214
"28363";710;587;43;544;247;297
"28364";588;473;39;434;184;250
"28365";272;242;15;227;71;156
"28366";190;153;9;144;82;62
"28367";271;221;23;198;66;132
"28368";148;122;6;116;41;75
"28369";435;348;29;319;135;184
"28370";329;277;13;264;86;178
"28371";799;638;44;594;244;350
"28372";462;392;16;376;135;241
"28373";2349;1882;114;1768;763;1005
"28374";343;273;25;248;99;149
"28375";226;179;21;158;67;91
"28376";275;221;12;209;84;125
"28377";1274;1069;61;1008;372;636
"28378";420;361;19;342;116;226
"28379";342;294;18;276;126;150
"28380";1323;1113;57;1056;463;593
"28382";660;556;36;520;177;343
"28383";349;288;11;277;117;160
"28385";295;249;24;225;104;121
"28386";718;600;52;548;206;342
"28387";772;622;33;589;238;351
"28388";779;688;51;637;289;348
"28389";315;245;15;230;84;146
"28390";256;224;8;216;78;138
"28391";1901;1540;102;1438;602;836
"28392";145;120;2;118;41;77
"28393";1548;1293;100;1193;452;741
"28394";1000;831;53;778;356;422
"28395";388;344;31;313;142;171
"28396";246;212;18;194;91;103
"28397";288;240;21;219;85;134
"28398";914;765;45;720;212;508
"28400";155;136;8;128;38;90
"28401";337;286;23;263;96;167
"28402";228;187;3;184;67;117
"28403";669;592;37;555;201;354
"28404";7006;5340;266;5074;3146;1928
"28405";845;713;44;669;245;424
"28406";279;230;12;218;90;128
"28407";250;214;19;195;79;116
"28408";70;60;1;59;21;38
"28409";317;266;21;245;109;136
"28410";213;194;15;179;73;106
"28411";112;92;5;87;31;56
"28412";119;107;6;101;35;66
"28414";68;58;7;51;29;22
"28415";1115;911;58;853;353;500
"28416";94;85;8;77;25;52
"28417";1042;870;37;833;364;469
"28418";152;131;7;124;57;67
"28419";223;192;16;176;76;100
"28421";206;173;13;160;65;95
"28422";2009;1691;101;1590;782;808
"28423";449;396;21;375;176;199
"28424";1446;1201;98;1103;415;688
"28425";495;394;29;365;143;222
"28426";357;314;19;295;100;195
"29001";741;638;43;595;328;267
"29002";981;874;35;839;516;323
"29003";1782;1439;87;1352;781;571
"29004";4184;3575;204;3371;2191;1180
"29005";930;800;54;746;449;297
"29006";2981;2597;114;2483;968;1515
"29007";743;624;32;592;463;129
"29008";863;747;47;700;342;358
"29010";999;886;46;840;384;456
"29011";2632;2265;106;2159;1281;878
"29012";175;158;6;152;132;20
"29013";196;167;7;160;126;34
"29014";379;338;23;315;238;77
"29015";2418;2130;107;2023;1132;891
"29016";824;684;37;647;402;245
"29017";645;578;27;551;271;280
"29018";364;288;26;262;188;74
"29019";86116;67619;3419;64200;40586;23614
"29020";3819;3305;180;3125;1823;1302
"29021";763;632;22;610;305;305
"29022";2372;1931;88;1843;898;945
"29023";2996;2592;115;2477;1111;1366
"29024";5751;4739;237;4502;3072;1430
"29025";1242;1062;81;981;581;400
"29026";3711;3117;169;2948;1660;1288
"29027";2772;2348;147;2201;1222;979
"29028";899;743;36;707;416;291
"29029";836;735;56;679;435;244
"29030";3073;2631;109;2522;1186;1336
"29031";3835;3226;182;3044;1647;1397
"29032";1618;1425;69;1356;612;744
"29033";432;370;30;340;200;140
"29034";472;417;22;395;310;85
"29035";670;606;33;573;314;259
"29036";448;356;24;332;210;122
"29037";3191;2764;110;2654;1454;1200
"29038";826;669;31;638;402;236
"29039";16539;13228;713;12515;7174;5341
"29040";2232;1930;88;1842;813;1029
"29041";1408;1204;66;1138;671;467
"29042";6798;5667;308;5359;2634;2725
"29043";1406;1234;50;1184;758;426
"29044";1079;950;55;895;469;426
"29045";1710;1525;65;1460;854;606
"29046";12587;10049;464;9585;5841;3744
"29047";1276;1158;66;1092;592;500
"29048";1579;1386;93;1293;774;519
"29049";2389;2051;130;1921;1151;770
"29051";6173;5518;297;5221;3348;1873
"29052";1497;1290;79;1211;651;560
"29053";1351;1127;68;1059;661;398
"29054";512;432;19;413;322;91
"29055";2453;2143;112;2031;1091;940
"29056";1397;1250;57;1193;769;424
"29057";2780;2417;122;2295;1019;1276
"29058";8211;7202;351;6851;3409;3442
"29059";720;635;41;594;417;177
"29060";2200;1923;100;1823;1051;772
"29061";4906;4269;178;4091;2333;1758
"29062";852;735;50;685;391;294
"29063";359;306;22;284;138;146
"29064";378;311;15;296;146;150
"29065";670;593;31;562;365;197
"29066";1324;1165;71;1094;654;440
"29067";1001;863;43;820;511;309
"29068";1710;1479;66;1413;776;637
"29069";6066;4309;201;4108;2404;1704
"29070";398;327;19;308;181;127
"29071";575;495;43;452;262;190
"29072";2484;2077;131;1946;1078;868
"29073";788;684;42;642;458;184
"29074";709;610;28;582;356;226
"29075";10017;8804;387;8417;4825;3592
"29076";607;539;26;513;282;231
"29077";1653;1417;69;1348;686;662
"29078";1488;1304;76;1228;801;427
"29079";1090;941;34;907;523;384
"29080";1657;1454;81;1373;861;512
"29081";1137;970;40;930;629;301
"29082";567;441;23;418;230;188
"29083";253;198;9;189;83;106
"29084";296;235;14;221;111;110
"29085";694;612;15;597;329;268
"29086";1005;879;49;830;489;341
"29087";563;512;20;492;280;212
"29089";741;649;38;611;389;222
"29090";661;574;19;555;311;244
"29091";1899;1617;71;1546;644;902
"29093";930;831;26;805;397;408
"29094";555;484;21;463;241;222
"29095";919;815;48;767;409;358
"29097";1581;1359;73;1286;771;515
"29098";1723;1499;62;1437;905;532
"29099";596;523;21;502;264;238
"29100";305;274;16;258;135;123
"29101";2825;2477;112;2365;1335;1030
"29102";763;655;33;622;422;200
"29103";11013;9126;425;8701;5342;3359
"29104";332;286;9;277;146;131
"29105";6503;5427;311;5116;2773;2343
"29106";1213;1094;69;1025;646;379
"29107";694;600;32;568;377;191
"29108";1037;881;51;830;446;384
"29109";1345;1196;56;1140;542;598
"29110";617;548;32;516;331;185
"29111";881;754;52;702;291;411
"29112";825;723;36;687;364;323
"29113";1686;1416;73;1343;951;392
"29114";284;247;8;239;162;77
"29115";254;210;14;196;112;84
"29116";99;89;3;86;50;36
"29117";3770;3294;156;3138;1632;1506
"29119";1107;972;70;902;498;404
"29120";1435;1190;60;1130;531;599
"29122";541;459;21;438;288;150
"29123";553;491;25;466;242;224
"29124";5247;4340;231;4109;2331;1778
"29125";647;531;31;500;289;211
"29126";158;147;6;141;71;70
"29127";236;211;10;201;112;89
"29128";238;210;5;205;92;113
"29129";202;176;10;166;120;46
"29130";3863;3338;148;3190;1827;1363
"29131";364;324;13;311;184;127
"29132";640;581;19;562;340;222
"29133";1386;1188;51;1137;650;487
"29134";666;602;37;565;336;229
"29135";3642;3151;168;2983;1649;1334
"29136";835;724;40;684;447;237
"29137";1591;1430;58;1372;927;445
"29139";612;517;37;480;291;189
"29140";2729;2456;122;2334;1372;962
"29141";317;254;12;242;149;93
"29142";366;322;14;308;173;135
"29143";713;590;40;550;337;213
"29144";540;471;22;449;235;214
"29145";713;618;34;584;374;210
"29146";2698;2321;174;2147;1254;893
"29147";2214;1933;117;1816;1267;549
"29148";675;586;21;565;314;251
"29149";2346;2068;100;1968;1118;850
"29150";5972;5031;332;4699;2622;2077
"29151";10763;8696;347;8349;5693;2656
"29152";533;474;28;446;304;142
"29153";2487;2121;143;1978;973;1005
"29155";926;764;30;734;442;292
"29156";1315;1151;63;1088;688;400
"29158";4783;3992;206;3786;2192;1594
"29159";637;553;36;517;360;157
"29160";5761;5175;267;4908;2674;2234
"29161";2164;1913;97;1816;1065;751
"29162";2546;2180;104;2076;1087;989
"29163";2336;2028;79;1949;1334;615
"29165";2995;2629;160;2469;1514;955
"29166";409;368;20;348;212;136
"29167";1477;1266;62;1204;716;488
"29168";1300;1073;66;1007;649;358
"29169";2355;2046;125;1921;1083;838
"29170";3217;2836;140;2696;1557;1139
"29171";3144;2653;159;2494;1420;1074
"29172";1879;1567;108;1459;741;718
"29173";1464;1316;66;1250;743;507
"29174";4429;3909;230;3679;2248;1431
"29175";1682;1438;73;1365;805;560
"29176";1462;1261;84;1177;608;569
"29177";2791;2386;129;2257;1204;1053
"29178";4881;4300;221;4079;2038;2041
"29179";2751;2428;140;2288;1190;1098
"29180";653;568;41;527;302;225
"29181";2021;1795;89;1706;982;724
"29182";829;712;30;682;496;186
"29183";474;411;34;377;275;102
"29184";1988;1679;94;1585;820;765
"29185";2987;2482;81;2401;1195;1206
"29186";1401;1245;59;1186;792;394
"29187";594;528;22;506;222;284
"29188";2966;2581;136;2445;1596;849
"29189";10459;8945;340;8605;4994;3611
"29190";3137;2693;95;2598;1298;1300
"29191";2587;2286;107;2179;1603;576
"29192";1336;1136;61;1075;574;501
"29193";881;786;41;745;405;340
"29195";5304;4504;191;4313;2149;2164
"29196";1580;1427;66;1361;680;681
"29197";3648;3023;197;2826;1584;1242
"29198";1478;1287;69;1218;638;580
"29199";3626;3194;144;3050;2051;999
"29201";1476;1286;68;1218;628;590
"29202";921;781;40;741;542;199
"29203";1016;886;47;839;397;442
"29204";1495;1299;76;1223;644;579
"29205";897;810;36;774;502;272
"29206";1895;1626;76;1550;651;899
"29207";3305;2958;112;2846;1974;872
"29208";860;763;48;715;315;400
"29209";2660;2359;138;2221;1185;1036
"29210";2131;1829;94;1735;819;916
"29211";544;447;22;425;286;139
"29212";9565;8149;328;7821;4663;3158
"29213";1228;1072;41;1031;448;583
"29214";647;557;29;528;338;190
"29215";2573;2197;134;2063;1370;693
"29216";2830;2531;153;2378;1391;987
"29217";2221;1880;104;1776;865;911
"29218";1256;1071;55;1016;642;374
"29219";117;92;6;86;56;30
"29220";6482;5388;295;5093;3000;2093
"29221";1504;1337;47;1290;672;618
"29222";331;275;21;254;151;103
"29224";969;855;66;789;440;349
"29225";1667;1425;95;1330;773;557
"29226";1245;1057;45;1012;542;470
"29227";1113;972;35;937;578;359
"29228";711;603;23;580;293;287
"29229";909;799;50;749;420;329
"29230";1354;1190;63;1127;679;448
"29232";42915;36302;1760;34542;21926;12616
"29233";8702;7166;401;6765;4285;2480
"29234";2133;1878;125;1753;993;760
"29235";8756;7423;306;7117;4468;2649
"29236";3628;3018;187;2831;1668;1163
"29237";1386;1207;69;1138;750;388
"29238";771;663;30;633;318;315
"29239";2912;2460;98;2362;1095;1267
"29240";771;660;45;615;347;268
"29241";5596;4742;258;4484;2964;1520
"29243";332;303;9;294;197;97
"29244";549;483;33;450;231;219
"29245";1105;996;50;946;559;387
"29246";141;130;11;119;81;38
"29247";2810;2469;148;2321;1340;981
"29248";523;465;25;440;227;213
"29249";619;498;36;462;275;187
"29250";641;537;28;509;340;169
"29251";510;463;17;446;301;145
"29252";731;637;31;606;417;189
"29254";3633;3086;121;2965;1998;967
"29255";540;496;24;472;232;240
"29256";629;559;24;535;269;266
"29257";1621;1409;76;1333;684;649
"29259";5434;4527;236;4291;2349;1942
"29260";5830;5029;236;4793;2716;2077
"29261";136;110;2;108;80;28
"29262";580;464;26;438;286;152
"29263";744;668;45;623;394;229
"29264";508;429;38;391;202;189
"29265";710;631;30;601;416;185
"29266";1933;1674;85;1589;942;647
"29267";549;475;37;438;269;169
"29268";1015;912;33;879;517;362
"29269";777;671;46;625;402;223
"29270";1132;998;57;941;612;329
"29271";678;583;33;550;237;313
"29272";2219;1894;117;1777;1187;590
"29273";1853;1600;51;1549;856;693
"29274";4209;3607;255;3352;2198;1154
"29275";626;521;28;493;337;156
"29276";1008;870;47;823;450;373
"29277";1582;1375;67;1308;764;544
"29278";1516;1270;68;1202;747;455
"29279";2224;1934;106;1828;1058;770
"29280";1683;1455;73;1382;770;612
"29281";748;671;39;632;401;231
"29282";280;247;21;226;117;109
"29284";1940;1683;105;1578;941;637
"29285";408;358;24;334;149;185
"29286";204;186;9;177;107;70
"29287";752;659;24;635;275;360
"29288";408;402;60;342;176;166
"29289";158;140;5;135;79;56
"29290";454;393;19;374;208;166
"29291";779;645;40;605;407;198
"29292";277;245;16;229;158;71
"29293";6152;5147;274;4873;2635;2238
"29294";424;373;20;353;199;154
"29295";353;315;18;297;185;112
"29296";912;829;57;772;509;263
"29297";1760;1548;114;1434;984;450
"29298";429;384;29;355;242;113
"29299";245;222;10;212;104;108
"29300";1166;974;60;914;576;338
"29301";201;183;16;167;95;72
"29302";2675;2275;111;2164;1428;736
"2A001";2263;1843;106;1737;954;783
"2A004";33346;24715;1416;23299;10312;12987
"2A006";2573;1986;114;1872;854;1018
"2A008";1111;860;59;801;318;483
"2A011";72;51;3;48;25;23
"2A014";68;63;7;56;29;27
"2A017";1312;1003;76;927;405;522
"2A018";128;76;10;66;49;17
"2A019";89;79;5;74;32;42
"2A021";116;97;5;92;21;71
"2A022";103;81;4;77;31;46
"2A024";236;161;13;148;67;81
"2A026";147;121;5;116;51;65
"2A027";81;52;1;51;27;24
"2A028";242;165;4;161;70;91
"2A031";588;401;17;384;147;237
"2A032";2596;1955;118;1837;811;1026
"2A035";233;204;6;198;99;99
"2A038";61;46;1;45;38;7
"2A040";473;369;15;354;144;210
"2A041";2433;1941;93;1848;700;1148
"2A048";562;444;21;423;137;286
"2A056";132;107;17;90;30;60
"2A060";88;72;7;65;31;34
"2A061";135;107;4;103;44;59
"2A062";294;193;14;179;78;101
"2A064";59;42;2;40;13;27
"2A065";931;689;33;656;237;419
"2A066";63;52;3;49;15;34
"2A070";405;301;18;283;90;193
"2A071";169;121;2;119;64;55
"2A085";1000;762;37;725;312;413
"2A089";199;172;6;166;11;155
"2A090";700;482;32;450;171;279
"2A091";243;191;9;182;74;108
"2A092";823;589;28;561;184;377
"2A094";146;133;2;131;16;115
"2A098";711;576;43;533;173;360
"2A099";316;225;10;215;124;91
"2A100";64;47;2;45;24;21
"2A103";1517;1071;61;1010;484;526
"2A104";784;609;33;576;258;318
"2A108";204;144;9;135;74;61
"2A114";1014;722;48;674;307;367
"2A115";139;103;9;94;39;55
"2A117";109;92;7;85;36;49
"2A118";198;147;22;125;51;74
"2A119";186;146;9;137;64;73
"2A127";102;65;3;62;30;32
"2A128";105;70;7;63;31;32
"2A129";73;60;2;58;28;30
"2A130";2457;1890;85;1805;496;1309
"2A131";197;156;11;145;83;62
"2A132";139;134;2;132;12;120
"2A133";180;135;9;126;26;100
"2A139";896;685;48;637;216;421
"2A141";226;147;19;128;72;56
"2A142";658;519;32;487;237;250
"2A144";179;122;12;110;73;37
"2A146";62;43;0;43;27;16
"2A154";178;118;2;116;65;51
"2A158";70;46;0;46;19;27
"2A160";277;213;13;200;100;100
"2A163";464;369;17;352;185;167
"2A174";121;96;6;90;50;40
"2A181";365;298;21;277;176;101
"2A186";310;228;26;202;71;131
"2A189";1165;879;58;821;366;455
"2A191";82;57;4;53;22;31
"2A196";143;104;8;96;29;67
"2A197";144;114;9;105;47;58
"2A198";487;366;21;345;169;176
"2A200";254;169;10;159;51;108
"2A203";112;89;7;82;27;55
"2A204";170;108;5;103;52;51
"2A209";1517;1089;73;1016;436;580
"2A211";594;451;26;425;182;243
"2A212";462;370;12;358;204;154
"2A215";668;555;36;519;160;359
"2A228";1032;809;44;765;284;481
"2A232";275;199;12;187;74;113
"2A240";146;117;7;110;61;49
"2A247";8281;6487;339;6148;2381;3767
"2A249";2171;1646;96;1550;664;886
"2A253";86;62;4;58;11;47
"2A254";285;222;5;217;105;112
"2A258";190;124;2;122;32;90
"2A259";98;64;0;64;18;46
"2A262";110;70;16;54;15;39
"2A266";124;86;4;82;36;46
"2A268";100;81;9;72;16;56
"2A269";1205;944;58;886;275;611
"2A270";336;268;15;253;109;144
"2A271";1746;1309;75;1234;631;603
"2A272";2369;1850;102;1748;844;904
"2A276";490;413;15;398;150;248
"2A278";141;107;6;101;36;65
"2A279";144;101;2;99;56;43
"2A282";218;180;12;168;65;103
"2A284";354;274;29;245;152;93
"2A285";104;80;1;79;27;52
"2A288";900;733;42;691;267;424
"2A295";89;64;9;55;29;26
"2A300";859;663;29;634;222;412
"2A308";548;447;18;429;156;273
"2A310";94;76;3;73;28;45
"2A312";399;303;20;283;140;143
"2A322";270;168;2;166;19;147
"2A323";263;181;14;167;68;99
"2A324";420;301;14;287;170;117
"2A326";173;148;8;140;83;57
"2A330";487;352;24;328;175;153
"2A331";75;44;4;40;26;14
"2A336";299;241;20;221;85;136
"2A345";335;248;12;236;136;100
"2A348";957;733;35;698;228;470
"2A349";456;326;11;315;174;141
"2A351";315;250;15;235;116;119
"2A357";49;34;1;33;26;7
"2A358";91;69;2;67;15;52
"2A359";317;221;10;211;59;152
"2A360";178;131;13;118;42;76
"2A362";1700;1365;62;1303;402;901
"2A363";76;54;2;52;16;36
"2B002";171;145;6;139;53;86
"2B003";73;56;0;56;34;22
"2B005";33;23;0;23;15;8
"2B007";358;263;11;252;188;64
"2B009";1263;925;42;883;301;582
"2B010";253;210;8;202;64;138
"2B012";118;81;7;74;53;21
"2B013";38;29;0;29;29;0
"2B015";25;21;0;21;12;9
"2B016";462;354;20;334;201;133
"2B020";462;359;21;338;164;174
"2B023";176;137;3;134;74;60
"2B025";110;82;1;81;53;28
"2B029";194;151;5;146;68;78
"2B030";210;173;11;162;81;81
"2B033";19783;14979;889;14090;7278;6812
"2B034";402;328;26;302;118;184
"2B036";101;84;6;78;71;7
"2B037";4507;3707;226;3481;1262;2219
"2B039";253;195;11;184;97;87
"2B042";4290;3282;108;3174;630;2544
"2B043";1352;1134;55;1079;436;643
"2B045";103;84;1;83;10;73
"2B046";217;171;6;165;60;105
"2B047";524;390;15;375;120;255
"2B049";1653;1227;76;1151;442;709
"2B050";3752;2881;126;2755;702;2053
"2B051";121;103;3;100;23;77
"2B052";94;75;0;75;19;56
"2B053";36;19;0;19;9;10
"2B054";286;248;13;235;138;97
"2B055";165;145;4;141;86;55
"2B057";246;190;8;182;124;58
"2B058";296;229;17;212;114;98
"2B059";255;205;12;193;109;84
"2B063";56;35;4;31;22;9
"2B067";44;25;0;25;16;9
"2B068";77;54;1;53;39;14
"2B069";157;122;4;118;74;44
"2B072";58;49;0;49;29;20
"2B073";311;189;11;178;99;79
"2B074";255;206;11;195;130;65
"2B075";62;52;0;52;49;3
"2B077";419;317;21;296;116;180
"2B078";71;48;4;44;16;28
"2B079";466;369;60;309;155;154
"2B080";209;178;7;171;109;62
"2B081";73;64;15;49;15;34
"2B082";55;28;6;22;15;7
"2B083";213;159;7;152;78;74
"2B084";177;142;10;132;40;92
"2B086";233;180;11;169;83;86
"2B087";1523;1167;56;1111;444;667
"2B088";195;141;9;132;67;65
"2B093";737;602;31;571;251;320
"2B095";240;178;8;170;122;48
"2B096";3770;2781;183;2598;1254;1344
"2B097";73;57;5;52;25;27
"2B101";106;81;8;73;39;34
"2B102";100;81;3;78;64;14
"2B105";122;101;5;96;65;31
"2B106";19;15;0;15;12;3
"2B107";239;195;12;183;36;147
"2B109";250;217;15;202;81;121
"2B110";63;46;0;46;20;26
"2B111";84;71;5;66;27;39
"2B112";204;154;8;146;55;91
"2B113";97;73;7;66;41;25
"2B116";58;41;1;40;26;14
"2B120";3776;2936;180;2756;1226;1530
"2B121";404;312;24;288;136;152
"2B122";62;51;3;48;22;26
"2B123";2215;1760;65;1695;558;1137
"2B124";469;360;15;345;123;222
"2B125";57;43;5;38;15;23
"2B126";73;61;0;61;35;26
"2B134";2210;1690;50;1640;615;1025
"2B135";496;351;7;344;269;75
"2B136";175;144;3;141;60;81
"2B137";32;25;3;22;14;8
"2B138";128;98;11;87;45;42
"2B140";131;108;2;106;64;42
"2B143";635;474;26;448;220;228
"2B145";293;204;4;200;92;108
"2B147";299;166;4;162;105;57
"2B148";2806;2115;79;2036;750;1286
"2B149";136;74;6;68;29;39
"2B150";867;701;37;664;210;454
"2B152";696;552;47;505;294;211
"2B153";137;109;12;97;48;49
"2B155";77;55;0;55;28;27
"2B156";37;29;1;28;21;7
"2B157";49;20;1;19;5;14
"2B159";113;92;2;90;41;49
"2B161";92;69;6;63;40;23
"2B162";722;541;31;510;270;240
"2B164";46;34;1;33;27;6
"2B165";220;168;6;162;101;61
"2B166";578;433;16;417;130;287
"2B167";349;276;16;260;158;102
"2B168";1261;1066;34;1032;620;412
"2B169";873;622;36;586;361;225
"2B170";138;105;10;95;44;51
"2B171";58;51;1;50;43;7
"2B172";573;446;26;420;240;180
"2B173";273;190;10;180;115;65
"2B175";106;91;6;85;20;65
"2B176";103;93;1;92;56;36
"2B177";107;85;6;79;61;18
"2B178";116;91;10;81;38;43
"2B179";73;59;2;57;52;5
"2B180";126;90;2;88;32;56
"2B182";208;153;13;140;64;76
"2B183";113;96;7;89;76;13
"2B184";103;82;12;70;47;23
"2B185";1030;851;53;798;299;499
"2B187";175;132;4;128;41;87
"2B188";360;271;16;255;153;102
"2B190";223;166;6;160;108;52
"2B192";217;164;13;151;86;65
"2B193";470;378;26;352;155;197
"2B194";46;38;1;37;15;22
"2B195";160;134;3;131;122;9
"2B199";134;107;2;105;68;37
"2B201";224;161;5;156;45;111
"2B202";30;26;0;26;20;6
"2B205";604;428;36;392;213;179
"2B206";50;40;1;39;31;8
"2B207";1968;1494;87;1407;911;496
"2B208";124;95;9;86;78;8
"2B210";158;127;2;125;66;59
"2B213";110;72;2;70;53;17
"2B214";48;36;4;32;15;17
"2B216";26;18;1;17;4;13
"2B217";61;51;0;51;7;44
"2B218";178;138;8;130;53;77
"2B219";144;112;3;109;50;59
"2B220";110;89;5;84;43;41
"2B221";30;20;4;16;9;7
"2B222";101;61;3;58;19;39
"2B223";491;366;17;349;118;231
"2B224";579;474;33;441;198;243
"2B225";170;121;9;112;30;82
"2B226";112;92;3;89;50;39
"2B227";68;56;3;53;39;14
"2B229";419;239;5;234;163;71
"2B230";143;113;4;109;43;66
"2B231";91;67;3;64;45;19
"2B233";242;187;8;179;112;67
"2B234";82;70;0;70;41;29
"2B235";108;84;7;77;33;44
"2B236";266;209;9;200;63;137
"2B238";153;119;7;112;85;27
"2B239";183;151;4;147;75;72
"2B241";37;31;4;27;7;20
"2B242";424;327;16;311;118;193
"2B243";55;37;3;34;13;21
"2B244";98;72;6;66;18;48
"2B245";57;47;5;42;28;14
"2B246";330;252;10;242;36;206
"2B248";78;64;3;61;17;44
"2B250";185;147;14;133;69;64
"2B251";2355;1707;54;1653;560;1093
"2B252";230;155;2;153;61;92
"2B255";89;66;5;61;34;27
"2B256";40;33;2;31;24;7
"2B257";139;111;5;106;54;52
"2B260";187;139;4;135;107;28
"2B261";553;442;20;422;208;214
"2B263";143;120;5;115;88;27
"2B264";110;97;5;92;6;86
"2B265";349;274;26;248;111;137
"2B267";87;65;0;65;54;11
"2B273";65;51;2;49;27;22
"2B274";135;95;13;82;24;58
"2B275";102;76;8;68;39;29
"2B277";370;226;16;210;88;122
"2B280";135;94;7;87;41;46
"2B281";899;720;62;658;367;291
"2B283";622;497;30;467;145;322
"2B286";552;445;22;423;169;254
"2B287";133;96;4;92;55;37
"2B289";117;84;7;77;31;46
"2B290";277;231;7;224;117;107
"2B291";64;54;1;53;16;37
"2B292";112;86;2;84;43;41
"2B293";417;349;1;348;297;51
"2B296";130;105;7;98;32;66
"2B297";58;37;2;35;23;12
"2B298";1466;1200;48;1152;334;818
"2B299";161;118;3;115;38;77
"2B301";77;66;4;62;27;35
"2B302";104;82;3;79;58;21
"2B303";433;319;12;307;102;205
"2B304";157;108;8;100;66;34
"2B305";2062;1681;94;1587;990;597
"2B306";163;107;4;103;74;29
"2B307";833;617;48;569;225;344
"2B309";1661;1277;59;1218;573;645
"2B311";538;397;32;365;160;205
"2B313";1126;854;40;814;376;438
"2B314";408;281;12;269;121;148
"2B315";284;240;9;231;163;68
"2B316";687;544;32;512;274;238
"2B317";120;98;2;96;72;24
"2B318";500;378;14;364;95;269
"2B319";523;369;23;346;130;216
"2B320";258;206;8;198;65;133
"2B321";56;43;1;42;16;26
"2B327";208;175;19;156;74;82
"2B328";167;123;9;114;71;43
"2B329";94;69;1;68;30;38
"2B332";182;142;10;132;75;57
"2B333";124;104;5;99;61;38
"2B334";178;131;6;125;65;60
"2B335";294;230;15;215;107;108
"2B337";185;134;2;132;61;71
"2B338";92;78;5;73;35;38
"2B339";39;30;2;28;8;20
"2B340";132;100;3;97;69;28
"2B341";664;542;30;512;340;172
"2B342";1712;1318;100;1218;414;804
"2B343";1076;759;39;720;340;380
"2B344";71;58;2;56;19;37
"2B346";1653;1230;75;1155;588;567
"2B347";378;308;10;298;104;194
"2B350";197;123;3;120;51;69
"2B352";216;171;12;159;69;90
"2B353";2215;1792;93;1699;680;1019
"2B354";347;237;10;227;112;115
"2B355";392;284;17;267;143;124
"2B356";200;151;7;144;71;73
"2B361";221;178;7;171;62;109
"2B364";75;63;1;62;19;43
"2B365";296;229;7;222;169;53
"2B366";185;163;12;151;103;48
"30001";366;317;23;294;154;140
"30002";506;426;28;398;199;199
"30003";6596;5473;380;5093;2178;2915
"30004";2117;1814;114;1700;823;877
"30005";176;166;18;148;62;86
"30006";3490;2853;203;2650;1143;1507
"30007";26525;20917;1328;19589;10918;8671
"30008";651;545;49;496;262;234
"30009";217;190;10;180;101;79
"30010";2386;2027;131;1896;972;924
"30011";6681;5689;327;5362;2113;3249
"30012";3125;2658;184;2474;1227;1247
"30013";249;224;26;198;86;112
"30014";844;717;39;678;334;344
"30015";137;121;14;107;68;39
"30016";240;198;21;177;119;58
"30017";215;178;7;171;105;66
"30018";376;325;19;306;129;177
"30019";1847;1541;77;1464;695;769
"30020";1734;1505;70;1435;557;878
"30021";254;224;14;210;102;108
"30022";187;157;12;145;80;65
"30023";632;552;40;512;251;261
"30024";365;332;17;315;197;118
"30025";255;218;16;202;138;64
"30026";831;684;58;626;354;272
"30027";1827;1559;117;1442;729;713
"30028";13352;10147;628;9519;4706;4813
"30029";1299;1162;71;1091;545;546
"30030";261;234;20;214;99;115
"30031";168;136;10;126;62;64
"30032";9944;7900;625;7275;3471;3804
"30033";2777;2342;182;2160;919;1241
"30034";4696;3979;284;3695;1452;2243
"30035";204;179;10;169;89;80
"30036";2245;1966;156;1810;745;1065
"30037";2210;1696;117;1579;907;672
"30038";264;222;21;201;129;72
"30039";1644;1340;96;1244;521;723
"30040";135;112;5;107;69;38
"30041";888;792;38;754;384;370
"30042";1778;1503;100;1403;675;728
"30043";414;375;20;355;146;209
"30044";94;73;4;69;56;13
"30045";353;298;22;276;170;106
"30046";483;403;31;372;151;221
"30047";4800;4075;241;3834;1529;2305
"30048";160;150;13;137;65;72
"30049";276;249;12;237;80;157
"30050";111;106;8;98;55;43
"30051";1093;937;85;852;512;340
"30052";368;313;15;298;195;103
"30053";496;422;40;382;190;192
"30054";189;172;15;157;85;72
"30055";460;412;26;386;203;183
"30056";226;197;11;186;109;77
"30057";1120;978;77;901;380;521
"30058";179;154;10;144;93;51
"30059";1816;1581;147;1434;623;811
"30060";3036;2688;181;2507;891;1616
"30061";1624;1329;113;1216;548;668
"30062";3728;3103;193;2910;1338;1572
"30064";151;128;12;116;74;42
"30065";303;268;22;246;139;107
"30066";355;298;20;278;155;123
"30067";308;266;22;244;92;152
"30068";627;548;38;510;256;254
"30069";352;293;8;285;166;119
"30070";529;450;29;421;206;215
"30071";287;247;17;230;108;122
"30072";301;271;18;253;99;154
"30073";1130;993;56;937;350;587
"30074";22;18;0;18;9;9
"30075";3157;2708;163;2545;1115;1430
"30076";659;564;47;517;286;231
"30077";1418;1182;78;1104;761;343
"30079";261;233;16;217;127;90
"30080";598;496;35;461;299;162
"30081";795;691;50;641;246;395
"30082";3121;2594;161;2433;1118;1315
"30083";1923;1617;116;1501;671;830
"30084";463;404;22;382;158;224
"30085";856;731;61;670;334;336
"30086";405;351;38;313;181;132
"30087";201;186;13;173;130;43
"30088";439;379;26;353;157;196
"30089";1180;1024;76;948;434;514
"30090";214;182;22;160;87;73
"30091";1172;1066;80;986;546;440
"30092";1281;1094;79;1015;449;566
"30093";119;102;5;97;42;55
"30094";121;106;4;102;67;35
"30095";421;358;23;335;225;110
"30096";669;586;40;546;252;294
"30097";275;245;17;228;154;74
"30098";249;219;15;204;90;114
"30099";229;204;20;184;120;64
"30100";463;400;24;376;181;195
"30101";493;434;44;390;194;196
"30102";404;349;22;327;157;170
"30103";724;609;34;575;216;359
"30104";517;445;37;408;197;211
"30105";272;227;11;216;120;96
"30106";556;468;27;441;300;141
"30107";353;313;20;293;95;198
"30108";170;147;14;133;79;54
"30109";319;267;17;250;115;135
"30110";247;226;15;211;100;111
"30111";271;221;29;192;81;111
"30112";843;740;55;685;321;364
"30113";219;190;8;182;115;67
"30114";490;424;35;389;150;239
"30115";187;162;8;154;85;69
"30116";678;555;45;510;271;239
"30117";2113;1778;127;1651;719;932
"30119";127;116;8;108;61;47
"30120";857;693;44;649;421;228
"30121";169;153;9;144;56;88
"30122";509;453;48;405;188;217
"30123";2428;1945;123;1822;869;953
"30124";193;166;17;149;90;59
"30125";3465;2724;154;2570;1062;1508
"30126";546;485;18;467;220;247
"30127";734;637;50;587;311;276
"30128";2799;2433;150;2283;853;1430
"30129";541;466;25;441;241;200
"30130";689;591;50;541;332;209
"30131";813;703;53;650;286;364
"30132";3400;2595;161;2434;1647;787
"30133";7710;6554;396;6158;2243;3915
"30134";195;168;11;157;82;75
"30135";2372;1967;137;1830;747;1083
"30136";812;703;39;664;375;289
"30137";116;103;7;96;78;18
"30138";1761;1541;79;1462;665;797
"30139";329;283;26;257;107;150
"30140";886;752;45;707;435;272
"30141";3974;3392;225;3167;1610;1557
"30142";960;834;68;766;440;326
"30143";186;167;7;160;71;89
"30144";246;212;14;198;121;77
"30145";1097;929;79;850;309;541
"30146";997;831;51;780;389;391
"30147";1004;859;44;815;468;347
"30148";161;148;10;138;75;63
"30149";643;562;53;509;251;258
"30150";207;195;19;176;101;75
"30151";429;363;20;343;175;168
"30152";1598;1366;145;1221;717;504
"30153";154;120;12;108;77;31
"30154";345;297;16;281;193;88
"30155";4833;4032;271;3761;1519;2242
"30156";6999;5623;428;5195;2225;2970
"30157";135;124;16;108;78;30
"30158";305;271;18;253;136;117
"30159";558;465;45;420;309;111
"30160";145;127;9;118;61;57
"30161";148;138;18;120;73;47
"30162";544;483;37;446;250;196
"30163";120;108;8;100;50;50
"30164";420;361;25;336;187;149
"30165";798;709;62;647;295;352
"30166";1795;1497;121;1376;606;770
"30167";697;584;62;522;290;232
"30168";596;522;20;502;346;156
"30169";4046;3358;223;3135;1253;1882
"30170";732;615;45;570;339;231
"30171";972;796;47;749;529;220
"30172";509;440;18;422;321;101
"30173";1147;989;81;908;422;486
"30174";1045;895;53;842;391;451
"30175";175;132;6;126;64;62
"30176";199;167;18;149;78;71
"30177";499;422;38;384;169;215
"30178";1131;959;74;885;323;562
"30179";2187;1803;134;1669;738;931
"30180";417;373;24;349;201;148
"30181";231;209;22;187;91;96
"30182";756;645;31;614;316;298
"30183";398;330;29;301;133;168
"30184";856;752;66;686;330;356
"30185";981;826;49;777;393;384
"30186";1299;1148;58;1090;435;655
"30187";249;202;22;180;79;101
"30188";550;484;37;447;246;201
"30189";84551;67247;3452;63795;32625;31170
"30190";350;295;27;268;146;122
"30191";854;767;67;700;245;455
"30192";320;276;16;260;133;127
"30193";408;357;27;330;175;155
"30194";257;217;14;203;139;64
"30195";44;35;0;35;22;13
"30196";334;299;37;262;140;122
"30197";159;148;9;139;59;80
"30198";232;206;9;197;159;38
"30199";71;55;3;52;28;24
"30200";562;497;24;473;275;198
"30201";304;257;19;238;153;85
"30202";7368;5978;458;5520;2632;2888
"30203";304;268;18;250;168;82
"30204";258;222;20;202;90;112
"30205";172;150;10;140;60;80
"30206";3243;2785;187;2598;1028;1570
"30207";490;421;27;394;175;219
"30208";32;32;1;31;24;7
"30209";3115;2694;155;2539;1088;1451
"30210";2044;1717;132;1585;882;703
"30211";2735;2228;159;2069;833;1236
"30212";1557;1297;110;1187;591;596
"30213";43;40;1;39;24;15
"30214";1267;1103;83;1020;488;532
"30215";264;227;18;209;107;102
"30216";686;556;52;504;308;196
"30217";5437;4637;293;4344;1662;2682
"30218";201;177;10;167;101;66
"30219";87;73;1;72;35;37
"30220";189;169;6;163;118;45
"30221";3657;2946;245;2701;1240;1461
"30222";162;141;11;130;51;79
"30223";3116;2552;235;2317;1383;934
"30224";371;325;30;295;126;169
"30225";1423;1208;99;1109;475;634
"30226";922;773;64;709;307;402
"30227";2638;2053;164;1889;943;946
"30228";1314;1103;84;1019;463;556
"30229";504;403;45;358;184;174
"30230";380;321;20;301;148;153
"30231";449;368;29;339;208;131
"30232";304;261;20;241;118;123
"30233";362;317;17;300;137;163
"30234";202;176;23;153;74;79
"30235";568;467;36;431;173;258
"30236";77;60;0;60;30;30
"30237";475;386;39;347;215;132
"30238";80;74;5;69;31;38
"30239";474;386;50;336;199;137
"30240";238;198;17;181;95;86
"30241";1206;1057;75;982;422;560
"30242";144;127;5;122;72;50
"30243";5300;4460;307;4153;2185;1968
"30244";217;192;8;184;66;118
"30245";526;482;39;443;233;210
"30246";101;87;5;82;64;18
"30247";224;193;24;169;103;66
"30248";281;260;14;246;118;128
"30249";643;578;40;538;247;291
"30250";267;235;11;224;117;107
"30251";386;343;39;304;144;160
"30252";189;171;7;164;119;45
"30253";900;694;62;632;425;207
"30254";1297;1134;95;1039;499;540
"30255";1908;1569;95;1474;766;708
"30256";524;470;34;436;227;209
"30257";1281;1055;86;969;361;608
"30258";8834;7029;447;6582;2615;3967
"30259";3537;2879;186;2693;1247;1446
"30260";585;533;45;488;215;273
"30261";182;160;18;142;69;73
"30262";186;156;12;144;61;83
"30263";2834;2346;171;2175;1218;957
"30264";141;123;9;114;58;56
"30265";162;143;11;132;62;70
"30266";737;629;65;564;338;226
"30267";352;302;31;271;104;167
"30268";487;380;24;356;207;149
"30269";2150;1770;119;1651;974;677
"30270";1163;1012;80;932;499;433
"30271";505;420;24;396;211;185
"30272";151;124;17;107;68;39
"30273";1033;841;76;765;342;423
"30274";2569;2230;177;2053;1110;943
"30275";233;209;26;183;83;100
"30276";2502;2182;172;2010;912;1098
"30277";350;313;26;287;126;161
"30278";1813;1530;98;1432;674;758
"30279";538;455;33;422;225;197
"30280";321;270;22;248;168;80
"30281";1066;949;57;892;438;454
"30282";604;505;44;461;243;218
"30283";184;161;11;150;86;64
"30284";3067;2597;183;2414;1423;991
"30285";459;413;29;384;159;225
"30286";512;436;28;408;174;234
"30287";469;418;30;388;159;229
"30288";859;733;52;681;397;284
"30289";57;50;6;44;23;21
"30290";1465;1290;110;1180;571;609
"30291";307;254;24;230;130;100
"30292";379;313;28;285;108;177
"30293";286;247;17;230;99;131
"30294";3957;3392;235;3157;1497;1660
"30295";2441;2044;128;1916;996;920
"30296";192;163;10;153;122;31
"30297";341;284;23;261;136;125
"30298";403;352;18;334;198;136
"30299";825;714;42;672;293;379
"30300";327;291;20;271;163;108
"30301";223;204;15;189;89;100
"30302";1484;1302;103;1199;624;575
"30303";579;497;32;465;273;192
"30304";141;123;18;105;60;45
"30305";2577;2032;185;1847;1047;800
"30306";372;324;22;302;154;148
"30307";1932;1575;127;1448;990;458
"30308";687;571;54;517;269;248
"30309";183;156;12;144;71;73
"30310";216;192;20;172;113;59
"30311";1374;1118;66;1052;593;459
"30312";1523;1297;75;1222;536;686
"30313";515;458;31;427;192;235
"30314";150;131;10;121;73;48
"30315";1442;1266;93;1173;457;716
"30316";246;228;28;200;127;73
"30317";1183;968;85;883;396;487
"30318";149;130;23;107;45;62
"30319";364;311;19;292;125;167
"30320";125;115;6;109;54;55
"30321";3021;2403;145;2258;1214;1044
"30322";244;216;18;198;157;41
"30323";129;109;8;101;57;44
"30324";625;542;38;504;256;248
"30325";1356;1138;70;1068;627;441
"30326";1372;1201;82;1119;527;592
"30327";66;63;4;59;48;11
"30328";824;649;47;602;299;303
"30329";346;308;23;285;171;114
"30330";674;581;30;551;274;277
"30331";1543;1303;92;1211;532;679
"30332";95;84;7;77;45;32
"30333";2820;2391;133;2258;891;1367
"30334";6532;5140;269;4871;2475;2396
"30335";83;69;6;63;36;27
"30336";937;824;69;755;339;416
"30337";288;250;23;227;121;106
"30338";114;98;10;88;52;36
"30339";941;828;58;770;459;311
"30340";399;348;42;306;142;164
"30341";8329;6824;556;6268;3084;3184
"30342";945;814;52;762;368;394
"30343";473;404;33;371;216;155
"30344";3409;2846;230;2616;1292;1324
"30345";340;281;8;273;208;65
"30346";1331;1178;77;1101;484;617
"30347";976;807;58;749;307;442
"30348";1346;1098;80;1018;519;499
"30349";287;243;22;221;116;105
"30350";3104;2541;176;2365;1503;862
"30351";10153;8436;406;8030;3306;4724
"30352";1172;1014;51;963;406;557
"30353";67;65;5;60;44;16
"30354";142;129;8;121;58;63
"30355";679;557;34;523;194;329
"30356";2213;1847;109;1738;761;977
"31001";108;98;6;92;52;40
"31002";192;168;9;159;79;80
"31003";858;781;41;740;386;354
"31004";1808;1578;98;1480;995;485
"31005";257;209;10;199;139;60
"31006";153;137;9;128;66;62
"31007";57;51;4;47;15;32
"31008";190;169;9;160;94;66
"31009";88;80;4;76;34;42
"31010";99;91;9;82;47;35
"31011";232;203;14;189;144;45
"31012";86;83;3;80;57;23
"31013";291;250;20;230;137;93
"31014";78;64;4;60;30;30
"31015";37;29;2;27;26;1
"31017";79;69;8;61;41;20
"31018";200;170;14;156;95;61
"31019";44;34;1;33;11;22
"31020";881;716;48;668;426;242
"31021";114;105;11;94;53;41
"31022";5399;4343;247;4096;2302;1794
"31023";304;239;15;224;161;63
"31024";308;276;22;254;165;89
"31025";579;512;26;486;249;237
"31026";838;741;44;697;414;283
"31027";181;158;8;150;79;71
"31028";834;701;48;653;404;249
"31029";228;209;17;192;83;109
"31030";72;64;7;57;47;10
"31031";415;360;22;338;214;124
"31032";4577;3916;211;3705;2059;1646
"31033";6463;5191;350;4841;2623;2218
"31034";167;144;9;135;98;37
"31035";2031;1845;75;1770;1058;712
"31036";998;930;45;885;520;365
"31037";1024;922;54;868;536;332
"31038";415;374;18;356;194;162
"31039";65;55;3;52;41;11
"31040";45;34;4;30;27;3
"31041";99;80;7;73;41;32
"31042";2457;2042;104;1938;994;944
"31043";172;148;22;126;80;46
"31044";10323;8961;390;8571;4225;4346
"31045";326;257;16;241;154;87
"31046";20;17;1;16;9;7
"31047";86;71;4;67;53;14
"31048";2237;1977;133;1844;1127;717
"31049";476;418;30;388;197;191
"31050";400;347;28;319;183;136
"31051";251;229;20;209;119;90
"31052";1117;982;67;915;521;394
"31053";862;786;36;750;401;349
"31054";145;128;15;113;62;51
"31055";105;92;4;88;65;23
"31056";4160;3558;210;3348;1996;1352
"31057";1005;893;51;842;484;358
"31058";76;70;7;63;32;31
"31059";117;102;9;93;57;36
"31060";90;67;14;53;33;20
"31061";154;132;9;123;63;60
"31062";65;63;5;58;31;27
"31063";143;123;7;116;63;53
"31064";32;27;3;24;18;6
"31065";1830;1571;106;1465;835;630
"31066";2277;1931;114;1817;949;868
"31067";46;41;5;36;23;13
"31068";27;21;0;21;14;7
"31069";14910;12448;614;11834;7268;4566
"31070";346;303;26;277;164;113
"31071";244;203;16;187;111;76
"31072";73;65;6;59;30;29
"31073";369;327;20;307;178;129
"31074";230;213;10;203;108;95
"31075";677;608;33;575;301;274
"31076";400;338;27;311;180;131
"31077";342;307;33;274;115;159
"31078";111;96;3;93;60;33
"31079";2993;2607;184;2423;1293;1130
"31080";1106;959;69;890;473;417
"31081";21;20;1;19;8;11
"31082";662;589;43;546;297;249
"31083";201;172;8;164;125;39
"31084";777;686;60;626;423;203
"31085";339;295;18;277;179;98
"31086";72;68;7;61;47;14
"31087";243;207;16;191;135;56
"31088";1917;1730;92;1638;1015;623
"31089";394;341;14;327;148;179
"31090";322;266;22;244;152;92
"31091";3596;3194;198;2996;1593;1403
"31092";131;112;6;106;57;49
"31093";536;467;31;436;253;183
"31094";1711;1446;67;1379;766;613
"31095";110;91;8;83;58;25
"31096";137;122;14;108;46;62
"31097";242;220;10;210;151;59
"31098";678;589;61;528;298;230
"31099";233;208;13;195;127;68
"31100";1495;1296;79;1217;722;495
"31101";349;306;26;280;177;103
"31102";157;140;9;131;94;37
"31103";53;43;2;41;18;23
"31104";410;382;40;342;206;136
"31105";182;150;6;144;88;56
"31106";1769;1553;89;1464;828;636
"31107";3883;3144;172;2972;1706;1266
"31108";231;196;9;187;106;81
"31109";350;282;14;268;169;99
"31110";556;460;38;422;297;125
"31111";215;185;20;165;104;61
"31112";151;117;16;101;52;49
"31113";8669;7394;422;6972;4570;2402
"31114";201;167;14;153;90;63
"31115";59;50;6;44;18;26
"31116";6492;5762;337;5425;2953;2472
"31117";3011;2571;161;2410;1259;1151
"31118";3600;2982;181;2801;1449;1352
"31119";178;151;17;134;102;32
"31120";540;476;33;443;250;193
"31121";60;53;3;50;24;26
"31122";93;80;7;73;45;28
"31123";70;61;8;53;35;18
"31124";296;265;19;246;171;75
"31125";41;36;1;35;28;7
"31126";222;187;19;168;94;74
"31127";18;10;0;10;9;1
"31128";513;466;40;426;249;177
"31129";28;24;2;22;14;8
"31130";81;75;5;70;43;27
"31131";74;62;3;59;40;19
"31132";66;63;4;59;43;16
"31133";81;75;3;72;41;31
"31134";60;53;3;50;47;3
"31135";3366;2700;176;2524;1424;1100
"31136";1057;904;60;844;463;381
"31137";126;113;8;105;39;66
"31138";199;170;8;162;99;63
"31139";171;142;14;128;74;54
"31140";189;164;6;158;93;65
"31141";204;188;7;181;134;47
"31142";211;171;2;169;97;72
"31143";239;205;18;187;96;91
"31144";667;563;30;533;350;183
"31145";2236;1918;146;1772;1059;713
"31146";28;28;2;26;11;15
"31147";503;420;45;375;249;126
"31148";399;354;21;333;189;144
"31149";23864;19529;1105;18424;11722;6702
"31150";3764;3226;204;3022;1613;1409
"31151";562;487;17;470;313;157
"31152";84;75;8;67;43;24
"31153";338;258;18;240;151;89
"31155";184;161;5;156;96;60
"31156";239;209;10;199;107;92
"31157";11220;9514;508;9006;5053;3953
"31158";196;151;7;144;89;55
"31159";286;240;11;229;132;97
"31160";1418;1215;71;1144;646;498
"31161";691;608;43;565;366;199
"31162";777;699;28;671;447;224
"31163";1904;1701;95;1606;895;711
"31164";154;136;2;134;74;60
"31165";3584;3091;198;2893;1545;1348
"31166";178;157;13;144;85;59
"31167";503;445;33;412;251;161
"31168";112;89;5;84;50;34
"31169";4901;4284;215;4069;2464;1605
"31170";186;162;9;153;103;50
"31171";208;189;15;174;113;61
"31172";44;36;5;31;17;14
"31173";207;182;11;171;111;60
"31174";419;362;17;345;236;109
"31175";469;418;32;386;228;158
"31176";160;117;3;114;53;61
"31177";130;105;8;97;68;29
"31178";173;138;9;129;98;31
"31179";276;253;13;240;160;80
"31180";92;82;2;80;37;43
"31181";1233;1096;70;1026;536;490
"31182";3581;3060;187;2873;1614;1259
"31183";231;183;22;161;97;64
"31184";1313;1182;48;1134;653;481
"31185";98;87;7;80;53;27
"31186";2252;1832;125;1707;989;718
"31187";7697;6554;388;6166;3588;2578
"31188";3178;2818;191;2627;1499;1128
"31189";151;126;11;115;69;46
"31190";240;199;18;181;99;82
"31191";97;75;4;71;44;27
"31192";615;541;25;516;317;199
"31193";1279;1108;85;1023;597;426
"31194";116;102;10;92;42;50
"31195";26;23;0;23;13;10
"31196";198;175;17;158;81;77
"31197";323;261;27;234;157;77
"31198";105;84;15;69;47;22
"31199";187;153;15;138;83;55
"31200";77;68;8;60;49;11
"31201";50;42;0;42;21;21
"31202";3999;3433;240;3193;1673;1520
"31203";5875;5111;347;4764;2712;2052
"31204";59;52;4;48;35;13
"31205";1989;1652;90;1562;836;726
"31206";791;668;47;621;307;314
"31207";78;68;2;66;43;23
"31208";249;207;12;195;140;55
"31209";134;118;10;108;67;41
"31210";947;825;58;767;504;263
"31211";550;503;37;466;227;239
"31212";1081;964;61;903;458;445
"31213";149;119;5;114;85;29
"31215";415;372;16;356;175;181
"31216";211;188;10;178;91;87
"31217";83;60;1;59;38;21
"31218";113;87;5;82;62;20
"31219";311;261;10;251;161;90
"31220";208;186;12;174;90;84
"31221";99;82;7;75;40;35
"31222";57;47;4;43;22;21
"31223";49;42;7;35;14;21
"31224";955;724;30;694;453;241
"31225";128;109;10;99;68;31
"31226";69;61;4;57;27;30
"31227";730;664;29;635;311;324
"31228";1375;1206;71;1135;639;496
"31229";495;415;26;389;226;163
"31230";2544;2283;142;2141;1230;911
"31231";420;369;24;345;226;119
"31232";5355;4553;296;4257;2330;1927
"31233";720;646;44;602;350;252
"31234";273;248;8;240;122;118
"31235";70;53;2;51;28;23
"31236";78;68;6;62;39;23
"31237";187;146;16;130;69;61
"31238";392;329;20;309;214;95
"31239";1398;1209;94;1115;684;431
"31240";323;284;22;262;144;118
"31241";284;237;15;222;128;94
"31242";23;22;0;22;16;6
"31243";86;78;5;73;48;25
"31244";324;273;13;260;154;106
"31245";203;186;12;174;120;54
"31246";734;620;53;567;336;231
"31247";1080;873;46;827;483;344
"31248";3751;3246;216;3030;1873;1157
"31249";730;660;31;629;390;239
"31250";488;379;32;347;200;147
"31251";115;98;18;80;51;29
"31252";1385;1209;72;1137;658;479
"31253";1545;1322;97;1225;687;538
"31254";2311;2018;107;1911;1110;801
"31255";287;241;12;229;122;107
"31256";204;176;12;164;94;70
"31258";162;143;9;134;76;58
"31259";1377;1252;75;1177;666;511
"31260";79;63;6;57;34;23
"31261";705;614;44;570;282;288
"31262";294;253;16;237;150;87
"31263";1827;1591;97;1494;875;619
"31264";318;301;14;287;161;126
"31265";189;167;8;159;91;68
"31266";148;119;24;95;51;44
"31267";49;44;2;42;22;20
"31268";122;98;4;94;65;29
"31269";933;832;56;776;408;368
"31270";785;648;39;609;351;258
"31271";1362;1155;69;1086;634;452
"31272";56;50;2;48;31;17
"31273";2160;1927;103;1824;927;897
"31274";158;132;16;116;72;44
"31275";110;97;6;91;50;41
"31276";315;253;15;238;141;97
"31277";701;619;42;577;326;251
"31278";277;223;6;217;159;58
"31279";73;60;2;58;32;26
"31280";267;224;16;208;128;80
"31281";960;802;53;749;467;282
"31282";5336;4385;259;4126;2322;1804
"31283";232;209;12;197;98;99
"31284";1053;967;53;914;455;459
"31285";552;500;20;480;206;274
"31286";490;410;30;380;181;199
"31287";1925;1670;127;1543;850;693
"31288";288;239;19;220;110;110
"31289";197;159;13;146;99;47
"31290";42;39;0;39;25;14
"31291";5681;4925;304;4621;2698;1923
"31292";50;43;8;35;23;12
"31293";1739;1448;95;1353;788;565
"31294";79;68;7;61;37;24
"31295";81;75;2;73;27;46
"31296";346;289;25;264;184;80
"31297";1341;1144;62;1082;644;438
"31298";72;59;3;56;35;21
"31299";2534;2134;139;1995;1087;908
"31300";121;99;10;89;45;44
"31301";103;90;9;81;41;40
"31302";217;185;13;172;104;68
"31303";1966;1673;106;1567;862;705
"31304";321;289;11;278;192;86
"31305";179;154;6;148;89;59
"31306";115;92;6;86;60;26
"31307";42;38;4;34;14;20
"31308";57;51;2;49;40;9
"31309";188;162;12;150;80;70
"31310";197;175;11;164;110;54
"31311";658;604;44;560;283;277
"31312";46;40;1;39;28;11
"31313";130;110;4;106;69;37
"31314";333;296;21;275;159;116
"31315";803;662;41;621;348;273
"31316";455;379;15;364;270;94
"31317";306;265;18;247;170;77
"31318";153;138;18;120;67;53
"31319";89;67;1;66;42;24
"31320";809;708;38;670;385;285
"31321";143;121;17;104;70;34
"31322";50;44;2;42;19;23
"31323";279;236;12;224;143;81
"31324";1855;1510;107;1403;817;586
"31325";159;145;14;131;63;68
"31326";73;66;5;61;35;26
"31327";150;128;6;122;80;42
"31328";205;189;8;181;98;83
"31329";147;130;7;123;65;58
"31330";295;278;13;265;168;97
"31331";242;217;12;205;114;91
"31332";182;153;10;143;68;75
"31333";52;44;2;42;16;26
"31334";871;766;48;718;399;319
"31335";42;35;3;32;25;7
"31336";502;445;30;415;284;131
"31337";180;144;9;135;60;75
"31338";431;368;29;339;206;133
"31339";349;316;14;302;173;129
"31340";197;181;5;176;64;112
"31341";3132;2713;188;2525;1323;1202
"31342";169;146;10;136;89;47
"31343";58;55;2;53;29;24
"31344";559;479;36;443;296;147
"31345";1508;1252;93;1159;634;525
"31346";538;460;40;420;259;161
"31347";142;118;9;109;49;60
"31348";56;48;1;47;27;20
"31349";640;562;44;518;316;202
"31350";67;53;3;50;38;12
"31351";2666;2318;157;2161;1226;935
"31352";192;184;12;172;81;91
"31353";64;54;5;49;33;16
"31354";41;37;3;34;17;17
"31355";1205;1086;72;1014;515;499
"31356";1180;1034;69;965;553;412
"31357";267;230;11;219;149;70
"31358";2364;2064;108;1956;1016;940
"31359";58;50;6;44;13;31
"31360";380;276;14;262;151;111
"31361";381;348;26;322;192;130
"31362";182;154;11;143;85;58
"31363";171;150;13;137;90;47
"31364";1973;1731;96;1635;891;744
"31365";349;282;25;257;192;65
"31366";451;415;15;400;263;137
"31367";84;76;6;70;39;31
"31368";161;142;7;135;71;64
"31369";36;34;3;31;11;20
"31370";122;115;7;108;51;57
"31371";384;326;34;292;166;126
"31372";415;354;23;331;216;115
"31373";118;97;8;89;66;23
"31374";748;646;32;614;393;221
"31375";2285;1979;120;1859;1167;692
"31376";93;79;7;72;42;30
"31377";461;430;19;411;259;152
"31378";57;55;4;51;36;15
"31379";119;108;10;98;56;42
"31380";326;275;14;261;168;93
"31381";1694;1477;86;1391;811;580
"31382";80;72;2;70;38;32
"31383";963;845;65;780;422;358
"31384";852;766;42;724;447;277
"31385";194;174;13;161;129;32
"31386";131;113;10;103;67;36
"31387";95;85;4;81;40;41
"31388";298;269;11;258;139;119
"31389";2965;2649;138;2511;1396;1115
"31390";2021;1593;110;1483;886;597
"31391";382;329;23;306;181;125
"31392";53;50;4;46;17;29
"31393";130;119;1;118;81;37
"31394";130;115;5;110;52;58
"31395";16102;13022;817;12205;6600;5605
"31396";1772;1505;82;1423;848;575
"31397";48;37;4;33;17;16
"31398";69;57;8;49;40;9
"31399";1965;1690;116;1574;870;704
"31400";70;63;10;53;26;27
"31401";258;232;14;218;143;75
"31402";619;565;31;534;283;251
"31403";503;421;24;397;211;186
"31404";99;86;3;83;53;30
"31405";100;88;4;84;55;29
"31406";619;536;37;499;317;182
"31407";892;783;68;715;399;316
"31408";70;64;4;60;27;33
"31409";1480;1306;78;1228;760;468
"31410";2854;2472;143;2329;1326;1003
"31411";653;577;18;559;303;256
"31412";212;183;20;163;92;71
"31413";379;329;40;289;162;127
"31414";75;64;11;53;32;21
"31415";78;73;4;69;43;26
"31416";368;337;15;322;192;130
"31417";6508;5454;248;5206;2827;2379
"31418";811;691;31;660;235;425
"31419";144;121;10;111;54;57
"31420";2016;1750;106;1644;904;740
"31421";3532;2900;184;2716;1716;1000
"31422";93;79;8;71;39;32
"31423";234;190;11;179;111;68
"31424";12220;10320;593;9727;5807;3920
"31425";385;329;24;305;227;78
"31426";565;472;42;430;291;139
"31427";724;608;50;558;345;213
"31428";56;46;2;44;35;9
"31429";1452;1264;66;1198;702;496
"31430";506;430;54;376;258;118
"31431";85;85;20;65;40;25
"31432";36;32;1;31;21;10
"31433";6508;5529;301;5228;3101;2127
"31434";66;58;6;52;31;21
"31435";683;579;38;541;299;242
"31436";301;264;9;255;174;81
"31437";84;72;4;68;43;25
"31438";186;161;10;151;71;80
"31439";483;439;23;416;181;235
"31440";52;41;4;37;27;10
"31441";126;111;8;103;63;40
"31442";321;288;22;266;156;110
"31443";260;211;30;181;95;86
"31444";97;81;13;68;45;23
"31445";4013;3604;170;3434;1739;1695
"31446";9199;7463;329;7134;4616;2518
"31447";60;54;8;46;29;17
"31448";362;343;12;331;186;145
"31449";123;104;5;99;69;30
"31450";340;313;15;298;176;122
"31451";7147;6042;400;5642;3054;2588
"31452";41;35;0;35;26;9
"31453";110;101;4;97;54;43
"31454";2315;2005;152;1853;1002;851
"31455";1768;1496;108;1388;819;569
"31456";37;32;0;32;25;7
"31457";649;537;35;502;316;186
"31458";2813;2297;122;2175;1197;978
"31459";545;484;26;458;256;202
"31460";3116;2738;173;2565;1472;1093
"31461";232;194;17;177;124;53
"31462";1458;1291;59;1232;513;719
"31463";199;170;13;157;97;60
"31464";222;189;18;171;95;76
"31465";26;22;1;21;12;9
"31466";563;491;33;458;240;218
"31467";4351;3623;244;3379;1969;1410
"31468";169;147;24;123;45;78
"31469";147;130;5;125;87;38
"31470";98;75;4;71;45;26
"31471";312;251;12;239;150;89
"31472";239;209;6;203;129;74
"31473";263;241;28;213;120;93
"31474";248;217;20;197;104;93
"31475";843;750;50;700;393;307
"31476";575;493;22;471;277;194
"31477";46;36;2;34;26;8
"31478";1085;907;57;850;481;369
"31479";56;42;6;36;11;25
"31480";1570;1397;69;1328;805;523
"31481";1456;1252;117;1135;637;498
"31482";174;153;5;148;105;43
"31483";8282;6415;409;6006;3242;2764
"31484";1627;1439;80;1359;730;629
"31485";82;67;2;65;39;26
"31486";732;657;57;600;359;241
"31487";196;171;12;159;94;65
"31488";7782;6510;335;6175;3434;2741
"31489";270;236;12;224;121;103
"31490";3791;3079;198;2881;1458;1423
"31491";325;289;14;275;181;94
"31492";370;330;19;311;205;106
"31493";109;101;7;94;64;30
"31494";159;128;4;124;63;61
"31495";869;753;47;706;424;282
"31496";231;207;18;189;118;71
"31497";1356;1228;73;1155;604;551
"31498";35;29;1;28;13;15
"31499";5876;4850;332;4518;2675;1843
"31500";473;398;32;366;185;181
"31501";372;335;29;306;118;188
"31502";329;281;19;262;168;94
"31503";684;570;42;528;326;202
"31504";184;153;10;143;94;49
"31505";280;229;16;213;122;91
"31506";8480;7491;424;7067;3945;3122
"31507";786;693;37;656;365;291
"31508";52;48;3;45;24;21
"31509";159;125;9;116;73;43
"31510";111;97;6;91;57;34
"31511";199;179;22;157;94;63
"31512";534;479;24;455;250;205
"31513";315;267;20;247;140;107
"31514";66;56;3;53;32;21
"31515";334;290;16;274;142;132
"31516";1237;1111;65;1046;526;520
"31517";1392;1222;82;1140;695;445
"31518";460;361;24;337;207;130
"31519";135;125;5;120;80;40
"31520";93;74;1;73;51;22
"31521";338;292;23;269;149;120
"31522";56;41;5;36;25;11
"31523";1382;1045;80;965;574;391
"31524";104;94;9;85;54;31
"31525";414;345;30;315;198;117
"31526";5324;4549;257;4292;2624;1668
"31527";106;98;6;92;65;27
"31528";123;113;7;106;77;29
"31529";93;84;6;78;44;34
"31530";160;148;13;135;80;55
"31531";68;61;5;56;33;23
"31532";66;52;2;50;41;9
"31533";1350;1187;61;1126;613;513
"31534";156;135;8;127;59;68
"31535";566;471;32;439;288;151
"31536";251;211;20;191;100;91
"31537";124;110;7;103;46;57
"31538";166;144;7;137;86;51
"31539";59;49;2;47;30;17
"31540";162;151;10;141;73;68
"31541";1864;1607;85;1522;738;784
"31542";185;154;12;142;77;65
"31543";88;75;5;70;45;25
"31544";204;177;10;167;102;65
"31545";187;163;17;146;95;51
"31546";91;76;8;68;37;31
"31547";4805;4096;253;3843;2179;1664
"31548";54;44;0;44;26;18
"31549";23;21;1;20;18;2
"31550";468;410;17;393;268;125
"31551";287;259;6;253;153;100
"31552";129;98;11;87;55;32
"31553";791;681;54;627;380;247
"31554";204;156;14;142;72;70
"31555";249571;192408;8230;184178;115181;68997
"31556";323;277;20;257;143;114
"31557";19345;16357;752;15605;8940;6665
"31558";166;151;11;140;92;48
"31559";18;15;2;13;8;5
"31560";327;290;12;278;170;108
"31561";10193;8681;460;8221;4432;3789
"31562";124;102;15;87;63;24
"31563";950;832;40;792;425;367
"31564";148;128;11;117;49;68
"31565";659;562;37;525;352;173
"31566";373;347;34;313;190;123
"31567";292;265;15;250;126;124
"31568";195;176;16;160;86;74
"31569";298;263;14;249;122;127
"31570";238;211;11;200;92;108
"31571";180;167;16;151;86;65
"31572";1960;1738;109;1629;971;658
"31573";2358;2065;149;1916;1077;839
"31574";1640;1440;92;1348;832;516
"31575";924;833;23;810;299;511
"31576";208;177;12;165;105;60
"31577";114;98;2;96;70;26
"31578";858;749;26;723;320;403
"31579";562;494;22;472;258;214
"31580";640;568;44;524;303;221
"31581";1005;897;63;834;480;354
"31582";3080;2613;149;2464;1498;966
"31583";791;681;47;634;307;327
"31584";4219;3379;222;3157;1699;1458
"31585";1303;1159;71;1088;549;539
"31586";485;380;33;347;209;138
"31587";922;781;50;731;406;325
"31588";6538;5586;315;5271;2983;2288
"31589";948;831;61;770;455;315
"31590";45;41;4;37;25;12
"31591";83;71;1;70;42;28
"31592";1182;1031;64;967;507;460
"31593";75;62;4;58;41;17
"32001";597;506;34;472;281;191
"32002";86;79;3;76;41;35
"32003";56;50;4;46;23;23
"32004";115;102;7;95;56;39
"32005";244;216;22;194;109;85
"32007";162;133;15;118;81;37
"32008";70;59;10;49;33;16
"32009";61;56;6;50;19;31
"32010";76;71;3;68;43;25
"32012";856;745;43;702;416;286
"32013";15382;12469;690;11779;7463;4316
"32014";89;83;2;81;52;29
"32015";82;73;6;67;38;29
"32016";498;435;24;411;228;183
"32017";107;98;8;90;41;49
"32018";146;125;9;116;87;29
"32019";442;404;22;382;229;153
"32020";184;166;10;156;67;89
"32021";43;41;2;39;22;17
"32022";124;112;6;106;53;53
"32023";63;58;1;57;27;30
"32024";133;119;12;107;43;64
"32025";122;94;8;86;50;36
"32026";102;87;10;77;41;36
"32027";1064;946;64;882;496;386
"32028";116;99;7;92;38;54
"32029";513;458;24;434;239;195
"32030";102;92;8;84;23;61
"32031";127;115;4;111;47;64
"32032";277;245;10;235;115;120
"32033";86;82;5;77;30;47
"32034";51;43;3;40;22;18
"32035";235;196;9;187;96;91
"32036";500;437;31;406;247;159
"32037";123;114;5;109;54;55
"32038";135;121;6;115;61;54
"32039";88;78;4;74;51;23
"32040";115;103;2;101;39;62
"32041";125;110;8;102;58;44
"32042";120;105;4;101;54;47
"32043";126;112;11;101;56;45
"32044";301;262;22;240;116;124
"32045";350;314;18;296;191;105
"32046";179;156;11;145;94;51
"32047";94;84;5;79;33;46
"32048";75;67;9;58;30;28
"32049";63;55;8;47;26;21
"32050";100;76;4;72;53;19
"32051";93;83;4;79;44;35
"32052";102;98;3;95;61;34
"32053";154;127;10;117;74;43
"32054";303;269;14;255;143;112
"32055";99;96;6;90;37;53
"32056";36;31;1;30;17;13
"32057";114;101;1;100;57;43
"32058";48;41;4;37;24;13
"32059";118;101;4;97;65;32
"32060";138;123;6;117;76;41
"32061";125;115;14;101;29;72
"32062";152;133;5;128;45;83
"32063";142;129;8;121;65;56
"32064";333;285;17;268;138;130
"32065";184;160;9;151;70;81
"32066";201;178;9;169;82;87
"32067";41;36;0;36;14;22
"32068";109;97;4;93;66;27
"32069";60;54;1;53;30;23
"32070";147;131;10;121;59;62
"32071";157;144;6;138;66;72
"32072";39;29;3;26;10;16
"32073";164;150;14;136;70;66
"32074";47;45;1;44;23;21
"32075";169;152;14;138;72;66
"32076";433;386;21;365;218;147
"32077";72;62;3;59;37;22
"32078";184;171;15;156;77;79
"32079";827;697;55;642;372;270
"32080";137;123;4;119;52;67
"32081";115;97;9;88;53;35
"32082";251;224;15;209;79;130
"32083";740;671;39;632;379;253
"32084";56;54;1;53;13;40
"32085";130;117;7;110;54;56
"32086";84;73;8;65;39;26
"32087";83;72;4;68;40;28
"32088";273;239;11;228;94;134
"32089";202;169;16;153;83;70
"32090";242;210;20;190;98;92
"32091";270;244;14;230;139;91
"32092";87;74;6;68;27;41
"32093";106;93;7;86;52;34
"32094";345;311;16;295;181;114
"32095";471;412;36;376;178;198
"32096";1309;1101;83;1018;554;464
"32097";88;78;4;74;55;19
"32098";180;166;9;157;93;64
"32099";71;53;6;47;34;13
"32100";109;104;11;93;42;51
"32101";141;123;10;113;54;59
"32102";142;117;8;109;65;44
"32103";129;113;14;99;76;23
"32104";143;125;7;118;73;45
"32105";188;169;14;155;76;79
"32106";523;445;28;417;226;191
"32107";4992;4224;264;3960;2155;1805
"32108";100;84;8;76;40;36
"32109";181;149;13;136;93;43
"32110";275;243;11;232;146;86
"32111";31;23;2;21;9;12
"32112";204;183;11;172;109;63
"32113";69;54;6;48;17;31
"32114";110;91;7;84;39;45
"32115";275;248;12;236;100;136
"32116";121;104;7;97;67;30
"32117";658;602;31;571;355;216
"32118";133;116;3;113;67;46
"32119";2929;2451;153;2298;1131;1167
"32120";304;263;16;247;165;82
"32121";444;373;26;347;185;162
"32122";247;223;23;200;110;90
"32123";445;389;35;354;194;160
"32124";150;137;7;130;52;78
"32125";93;76;3;73;40;33
"32126";143;122;4;118;59;59
"32127";568;479;43;436;257;179
"32128";167;147;10;137;79;58
"32129";125;112;16;96;49;47
"32130";162;139;8;131;103;28
"32131";108;98;8;90;54;36
"32132";4845;4016;236;3780;2175;1605
"32133";261;233;11;222;119;103
"32134";254;225;11;214;107;107
"32135";104;88;3;85;47;38
"32136";144;119;7;112;66;46
"32138";131;111;7;104;40;64
"32139";83;76;4;72;39;33
"32140";51;46;4;42;15;27
"32141";98;82;3;79;48;31
"32142";111;102;8;94;46;48
"32143";271;234;9;225;87;138
"32144";74;64;5;59;32;27
"32145";39;36;2;34;21;13
"32146";244;218;18;200;88;112
"32147";2277;1816;111;1705;924;781
"32148";69;58;7;51;22;29
"32149";886;782;45;737;406;331
"32150";167;136;12;124;72;52
"32151";60;54;0;54;29;25
"32152";250;217;17;200;127;73
"32153";95;91;5;86;53;33
"32154";93;76;10;66;24;42
"32155";868;740;48;692;425;267
"32156";161;144;7;137;91;46
"32157";113;100;4;96;70;26
"32158";185;167;7;160;93;67
"32159";451;380;29;351;167;184
"32160";5439;4515;291;4224;2346;1878
"32161";84;76;7;69;59;10
"32162";860;774;45;729;475;254
"32163";242;204;12;192;134;58
"32164";121;102;9;93;48;45
"32165";175;157;9;148;80;68
"32166";76;70;7;63;42;21
"32167";232;200;14;186;116;70
"32168";174;150;13;137;75;62
"32169";115;101;10;91;63;28
"32170";142;123;4;119;87;32
"32171";127;115;5;110;65;45
"32172";258;220;18;202;142;60
"32173";174;152;13;139;69;70
"32174";195;154;20;134;98;36
"32175";154;129;13;116;70;46
"32176";118;105;0;105;45;60
"32177";120;102;3;99;57;42
"32178";63;55;1;54;22;32
"32180";363;305;26;279;139;140
"32181";246;209;16;193;102;91
"32182";149;131;9;122;69;53
"32183";207;183;13;170;120;50
"32184";96;88;12;76;41;35
"32185";123;107;5;102;61;41
"32186";66;61;3;58;45;13
"32187";96;77;7;70;38;32
"32188";71;63;2;61;38;23
"32189";87;72;4;68;28;40
"32190";457;388;25;363;148;215
"32191";104;93;10;83;45;38
"32192";167;145;7;138;66;72
"32193";176;155;11;144;83;61
"32194";175;164;9;155;71;84
"32195";53;48;4;44;28;16
"32196";126;99;8;91;52;39
"32197";197;186;11;175;59;116
"32198";137;112;16;96;51;45
"32199";155;134;6;128;71;57
"32200";283;248;23;225;156;69
"32201";246;223;13;210;143;67
"32202";191;171;7;164;69;95
"32203";206;174;5;169;98;71
"32204";335;305;28;277;154;123
"32205";96;79;5;74;45;29
"32206";183;170;15;155;93;62
"32207";254;235;12;223;119;104
"32208";2800;2342;122;2220;1229;991
"32209";191;174;15;159;90;69
"32210";341;304;23;281;161;120
"32211";154;132;10;122;53;69
"32212";190;161;10;151;62;89
"32213";1372;1203;84;1119;650;469
"32214";117;104;4;100;52;48
"32215";154;135;10;125;57;68
"32216";107;97;0;97;68;29
"32217";47;38;1;37;19;18
"32218";62;49;2;47;36;11
"32219";253;235;14;221;111;110
"32220";116;94;5;89;51;38
"32221";206;188;19;169;98;71
"32222";182;157;12;145;75;70
"32223";52;51;1;50;36;14
"32224";180;159;13;146;80;66
"32225";77;71;1;70;63;7
"32226";77;67;4;63;30;33
"32227";629;524;38;486;296;190
"32228";81;70;9;61;42;19
"32229";61;56;2;54;24;30
"32230";58;50;7;43;22;21
"32231";346;311;26;285;152;133
"32232";42;39;1;38;17;21
"32233";919;806;53;753;461;292
"32234";179;161;8;153;70;83
"32235";156;143;9;134;67;67
"32236";55;51;3;48;27;21
"32237";399;341;25;316;143;173
"32238";72;64;3;61;27;34
"32239";374;324;23;301;178;123
"32240";45;41;4;37;28;9
"32241";138;131;9;122;73;49
"32242";1091;942;56;886;548;338
"32243";240;201;14;187;77;110
"32244";163;149;13;136;97;39
"32245";120;103;9;94;31;63
"32246";140;122;7;115;75;40
"32247";211;195;17;178;86;92
"32248";114;104;6;98;46;52
"32249";1570;1358;73;1285;755;530
"32250";75;68;4;64;24;40
"32251";51;47;3;44;27;17
"32252";928;762;46;716;435;281
"32253";393;343;21;322;167;155
"32254";283;250;23;227;129;98
"32255";124;104;3;101;57;44
"32256";2431;2075;139;1936;1024;912
"32257";65;55;0;55;25;30
"32258";179;163;12;151;74;77
"32260";70;62;14;48;17;31
"32261";265;244;10;234;162;72
"32262";250;220;8;212;107;105
"32263";100;90;4;86;53;33
"32264";146;123;7;116;58;58
"32265";110;91;2;89;34;55
"32266";116;100;10;90;65;25
"32267";106;91;8;83;56;27
"32268";533;478;33;445;259;186
"32269";349;305;18;287;146;141
"32270";66;58;4;54;25;29
"32271";233;211;15;196;103;93
"32272";141;118;4;114;57;57
"32273";146;125;6;119;86;33
"32274";164;134;12;122;76;46
"32275";30;28;0;28;23;5
"32276";68;66;4;62;32;30
"32277";118;104;12;92;50;42
"32278";108;93;3;90;43;47
"32279";540;483;28;455;280;175
"32280";90;75;15;60;36;24
"32281";75;66;7;59;29;30
"32282";363;342;11;331;216;115
"32283";256;214;9;205;136;69
"32284";66;58;7;51;30;21
"32285";410;367;29;338;224;114
"32286";492;418;27;391;212;179
"32287";51;46;2;44;24;20
"32288";133;124;11;113;50;63
"32289";186;176;20;156;78;78
"32290";878;781;54;727;332;395
"32291";114;94;6;88;45;43
"32292";313;285;28;257;138;119
"32293";68;64;4;60;39;21
"32294";77;69;6;63;31;32
"32295";109;100;9;91;45;46
"32296";1366;1159;56;1103;698;405
"32297";256;233;14;219;108;111
"32298";265;236;15;221;126;95
"32299";92;82;7;75;44;31
"32300";196;171;17;154;90;64
"32301";637;568;28;540;293;247
"32302";210;191;15;176;111;65
"32303";44;38;4;34;28;6
"32304";197;172;10;162;94;68
"32305";296;258;14;244;154;90
"32306";459;407;24;383;228;155
"32307";2027;1815;108;1707;1128;579
"32308";83;78;8;70;47;23
"32309";87;82;9;73;36;37
"32310";76;69;10;59;35;24
"32311";241;222;7;215;103;112
"32312";588;515;27;488;267;221
"32313";114;100;5;95;48;47
"32314";63;52;4;48;32;16
"32315";156;135;12;123;60;63
"32316";81;75;3;72;54;18
"32317";64;60;1;59;39;20
"32318";77;67;3;64;40;24
"32319";1165;979;56;923;570;353
"32320";126;115;10;105;47;58
"32321";177;164;18;146;74;72
"32322";155;139;3;136;71;65
"32323";98;89;4;85;47;38
"32324";90;83;1;82;44;38
"32325";108;95;10;85;53;32
"32326";133;103;9;94;42;52
"32327";70;64;1;63;34;29
"32328";116;104;8;96;33;63
"32329";145;127;13;114;73;41
"32330";164;144;15;129;98;31
"32331";854;779;55;724;467;257
"32332";111;99;9;90;24;66
"32333";118;104;12;92;45;47
"32334";1018;859;71;788;400;388
"32335";354;318;24;294;142;152
"32336";162;145;7;138;88;50
"32337";65;55;9;46;23;23
"32338";132;104;5;99;46;53
"32339";129;114;7;107;65;42
"32340";205;177;12;165;71;94
"32341";159;139;8;131;74;57
"32342";50;41;1;40;22;18
"32343";175;158;14;144;81;63
"32344";1280;1104;67;1037;566;471
"32345";419;355;25;330;152;178
"32346";160;143;11;132;57;75
"32347";228;198;12;186;117;69
"32348";475;420;41;379;214;165
"32349";100;82;1;81;44;37
"32350";41;39;0;39;33;6
"32351";98;86;8;78;28;50
"32352";94;82;6;76;37;39
"32353";131;107;14;93;58;35
"32354";117;108;8;100;55;45
"32355";63;58;12;46;33;13
"32356";91;82;7;75;33;42
"32357";88;77;7;70;41;29
"32358";152;136;6;130;62;68
"32359";125;116;5;111;70;41
"32360";97;83;10;73;47;26
"32361";112;103;14;89;40;49
"32362";129;113;2;111;47;64
"32363";100;85;7;78;52;26
"32364";75;71;1;70;24;46
"32365";181;151;17;134;49;85
"32366";80;69;2;67;36;31
"32367";73;61;6;55;38;17
"32368";428;381;35;346;200;146
"32369";283;245;8;237;119;118
"32370";715;647;32;615;343;272
"32371";79;73;2;71;42;29
"32372";188;170;16;154;78;76
"32373";195;158;21;137;84;53
"32374";132;117;8;109;59;50
"32375";90;74;5;69;45;24
"32376";110;100;5;95;38;57
"32377";146;124;13;111;70;41
"32378";304;261;19;242;155;87
"32379";150;132;15;117;61;56
"32380";105;93;6;87;57;30
"32381";336;299;20;279;153;126
"32382";257;229;15;214;101;113
"32383";111;94;7;87;57;30
"32384";161;154;12;142;78;64
"32385";143;124;10;114;55;59
"32386";104;100;6;94;40;54
"32387";78;72;3;69;50;19
"32388";287;253;12;241;106;135
"32389";344;300;27;273;166;107
"32390";185;162;15;147;88;59
"32391";110;95;7;88;44;44
"32392";72;60;3;57;21;36
"32393";97;85;3;82;35;47
"32394";275;250;11;239;151;88
"32395";165;149;14;135;68;67
"32396";168;148;10;138;63;75
"32397";229;194;9;185;127;58
"32398";221;204;11;193;132;61
"32399";63;52;3;49;19;30
"32400";129;120;2;118;77;41
"32401";82;73;8;65;37;28
"32402";91;77;4;73;24;49
"32403";64;57;6;51;22;29
"32404";455;400;26;374;196;178
"32405";144;132;7;125;53;72
"32406";281;256;18;238;133;105
"32407";118;103;5;98;56;42
"32408";87;68;5;63;23;40
"32409";75;66;4;62;34;28
"32410";1775;1548;78;1470;841;629
"32411";77;73;8;65;43;22
"32412";635;539;37;502;288;214
"32413";59;48;9;39;20;19
"32414";206;181;20;161;104;57
"32415";73;68;6;62;33;29
"32416";311;277;21;256;141;115
"32417";275;233;9;224;137;87
"32418";203;179;12;167;102;65
"32419";119;106;9;97;65;32
"32420";56;50;2;48;24;24
"32421";128;102;16;86;50;36
"32422";44;35;4;31;24;7
"32423";41;37;1;36;21;15
"32424";211;190;11;179;83;96
"32425";667;589;59;530;329;201
"32426";845;744;34;710;377;333
"32427";59;53;6;47;37;10
"32428";61;53;8;45;15;30
"32429";250;216;21;195;75;120
"32430";75;67;10;57;39;18
"32431";37;35;3;32;21;11
"32432";203;179;7;172;106;66
"32433";523;435;25;410;226;184
"32434";80;73;2;71;45;26
"32435";111;96;11;85;45;40
"32436";340;289;25;264;136;128
"32437";163;138;6;132;72;60
"32438";82;65;6;59;42;17
"32439";138;122;10;112;72;40
"32440";177;148;9;139;95;44
"32441";58;53;2;51;16;35
"32442";321;269;10;259;142;117
"32443";151;126;11;115;63;52
"32444";187;172;10;162;94;68
"32445";113;93;2;91;61;30
"32446";227;204;21;183;123;60
"32447";72;68;4;64;30;34
"32448";405;371;36;335;185;150
"32449";171;149;9;140;104;36
"32450";80;77;9;68;42;26
"32451";154;136;13;123;55;68
"32452";252;216;16;200;88;112
"32453";109;92;10;82;39;43
"32454";64;61;8;53;29;24
"32455";145;132;9;123;78;45
"32456";59;46;4;42;19;23
"32457";183;163;9;154;79;75
"32458";197;170;9;161;76;85
"32459";966;808;62;746;432;314
"32460";220;191;14;177;105;72
"32461";77;68;8;60;27;33
"32462";2665;2347;134;2213;1178;1035
"32463";416;365;17;348;195;153
"32464";583;513;33;480;344;136
"32465";117;93;11;82;65;17
"32466";91;84;10;74;42;32
"32467";102;88;5;83;54;29
"32468";52;47;1;46;25;21
"33001";1414;1118;77;1041;598;443
"33002";577;510;38;472;270;202
"33003";9122;7236;463;6773;4139;2634
"33004";2019;1609;104;1505;1031;474
"33005";9672;8282;465;7817;3491;4326
"33006";674;574;41;533;284;249
"33007";740;646;47;599;330;269
"33008";195;172;13;159;88;71
"33009";10332;8523;354;8169;2639;5530
"33010";297;253;16;237;143;94
"33011";4783;4023;169;3854;1787;2067
"33012";2584;2193;131;2062;1143;919
"33013";5316;4659;279;4380;2586;1794
"33014";758;650;30;620;318;302
"33015";1448;1239;73;1166;538;628
"33016";363;310;23;287;181;106
"33017";218;189;13;176;108;68
"33018";835;707;49;658;381;277
"33019";4838;4061;257;3804;2019;1785
"33020";86;73;4;69;44;25
"33021";678;607;35;572;295;277
"33022";1633;1395;111;1284;752;532
"33023";783;699;52;647;384;263
"33024";183;161;12;149;77;72
"33025";254;224;15;209;108;101
"33026";339;301;16;285;184;101
"33027";208;179;19;160;118;42
"33028";761;660;49;611;390;221
"33029";3237;2757;159;2598;1408;1190
"33030";1560;1301;83;1218;698;520
"33031";79;70;6;64;48;16
"33032";4572;3760;238;3522;2391;1131
"33033";597;490;25;465;263;202
"33034";393;320;19;301;128;173
"33035";559;485;43;442;245;197
"33036";3275;2788;136;2652;1486;1166
"33037";1681;1427;90;1337;867;470
"33038";747;608;44;564;222;342
"33039";17005;13624;719;12905;9327;3578
"33040";732;633;46;587;315;272
"33042";2978;2496;191;2305;1291;1014
"33043";178;150;8;142;88;54
"33044";211;178;7;171;81;90
"33045";256;220;17;203;96;107
"33046";863;752;42;710;437;273
"33047";1333;1133;83;1050;562;488
"33048";170;147;20;127;80;47
"33049";1527;1329;89;1240;682;558
"33050";370;324;16;308;198;110
"33051";7366;6014;391;5623;3268;2355
"33052";748;656;47;609;328;281
"33053";181;163;8;155;81;74
"33054";226;208;16;192;111;81
"33055";182;136;11;125;43;82
"33056";10864;9235;536;8699;5298;3401
"33057";635;544;42;502;309;193
"33058";3132;2438;166;2272;1314;958
"33059";213;182;11;171;124;47
"33060";344;288;23;265;135;130
"33061";660;564;37;527;262;265
"33062";600;518;50;468;264;204
"33063";136293;109639;4532;105107;60100;45007
"33064";48;40;1;39;19;20
"33065";2412;2082;103;1979;888;1091
"33066";85;69;5;64;21;43
"33067";1429;1152;88;1064;583;481
"33068";93;79;3;76;28;48
"33069";16601;13702;645;13057;6298;6759
"33070";315;281;18;263;135;128
"33071";826;682;56;626;333;293
"33072";147;134;8;126;66;60
"33073";1089;906;95;811;399;412
"33074";143;129;10;119;77;42
"33075";10159;8752;461;8291;4470;3821
"33076";549;482;31;451;236;215
"33077";1402;1202;72;1130;685;445
"33078";276;249;24;225;142;83
"33079";242;224;22;202;107;95
"33080";3729;3237;190;3047;1849;1198
"33081";1400;1170;90;1080;640;440
"33082";748;655;29;626;338;288
"33083";751;621;34;587;326;261
"33084";962;824;44;780;466;314
"33085";2042;1817;93;1724;941;783
"33086";246;207;11;196;106;90
"33087";343;285;18;267;164;103
"33088";424;348;22;326;199;127
"33089";335;276;20;256;159;97
"33090";4000;3548;224;3324;2269;1055
"33091";851;712;50;662;376;286
"33092";164;147;8;139;58;81
"33093";498;443;29;414;244;170
"33094";172;157;17;140;53;87
"33095";1055;912;52;860;551;309
"33096";5281;4425;265;4160;2576;1584
"33097";2003;1714;104;1610;871;739
"33098";358;306;14;292;172;120
"33099";2752;2379;141;2238;1209;1029
"33100";963;808;55;753;420;333
"33101";757;650;56;594;329;265
"33102";332;269;26;243;134;109
"33103";46;43;0;43;32;11
"33104";2718;2233;144;2089;1259;830
"33105";146;123;5;118;52;66
"33106";836;698;54;644;369;275
"33107";228;203;10;193;101;92
"33108";2032;1560;110;1450;751;699
"33109";1410;1195;70;1125;723;402
"33111";678;575;34;541;313;228
"33112";108;95;3;92;59;33
"33113";119;112;10;102;46;56
"33114";956;814;63;751;364;387
"33115";212;181;14;167;90;77
"33116";240;216;8;208;113;95
"33117";161;142;9;133;74;59
"33118";1472;1251;66;1185;643;542
"33119";12834;9686;536;9150;6607;2543
"33120";1326;1133;69;1064;678;386
"33121";170;140;16;124;77;47
"33122";13650;12147;666;11481;6999;4482
"33123";1588;1335;125;1210;690;520
"33124";467;414;33;381;227;154
"33125";1251;1067;84;983;509;474
"33126";543;464;33;431;225;206
"33127";147;132;14;118;63;55
"33128";445;393;30;363;148;215
"33129";141;117;6;111;50;61
"33130";669;577;33;544;317;227
"33131";146;125;15;110;65;45
"33132";339;289;34;255;120;135
"33133";73;58;4;54;27;27
"33134";188;146;2;144;74;70
"33135";98;91;12;79;53;26
"33136";223;173;14;159;70;89
"33137";163;146;11;135;74;61
"33138";6065;4996;318;4678;2646;2032
"33139";61;55;7;48;22;26
"33140";2870;2389;170;2219;1366;853
"33141";396;345;17;328;206;122
"33142";888;757;64;693;372;321
"33143";1586;1319;83;1236;770;466
"33144";568;505;35;470;280;190
"33145";389;355;17;338;195;143
"33146";1243;1056;74;982;531;451
"33147";346;298;26;272;161;111
"33148";74;64;5;59;33;26
"33149";110;103;5;98;36;62
"33150";208;177;10;167;84;83
"33151";691;577;46;531;293;238
"33152";118;100;8;92;44;48
"33153";230;187;11;176;82;94
"33154";1386;1100;74;1026;607;419
"33155";128;112;11;101;72;29
"33156";227;198;29;169;93;76
"33157";474;400;36;364;231;133
"33158";211;183;17;166;80;86
"33159";1104;863;66;797;470;327
"33160";428;355;20;335;215;120
"33161";541;449;29;420;194;226
"33162";13081;11039;577;10462;6037;4425
"33163";330;281;20;261;133;128
"33164";1198;1061;74;987;637;350
"33165";1835;1600;89;1511;772;739
"33166";337;286;22;264;156;108
"33167";11058;8114;494;7620;5423;2197
"33168";400;351;24;327;175;152
"33169";71;59;4;55;35;20
"33170";590;487;40;447;260;187
"33171";153;118;9;109;61;48
"33172";242;214;16;198;89;109
"33173";157;135;7;128;67;61
"33174";813;720;38;682;311;371
"33175";543;427;20;407;262;145
"33176";233;205;25;180;94;86
"33177";1655;1344;76;1268;593;675
"33178";304;271;15;256;138;118
"33179";2075;1796;111;1685;910;775
"33180";158;138;16;122;75;47
"33181";221;187;18;169;71;98
"33182";660;557;41;516;313;203
"33183";831;699;64;635;409;226
"33184";436;375;25;350;166;184
"33185";1331;1146;58;1088;559;529
"33186";634;538;30;508;257;251
"33187";804;707;54;653;361;292
"33188";158;145;14;131;63;68
"33189";301;257;14;243;113;130
"33190";77;62;3;59;28;31
"33191";354;294;21;273;148;125
"33192";15733;13459;735;12724;7462;5262
"33193";997;874;62;812;446;366
"33194";515;424;26;398;201;197
"33195";793;699;61;638;356;282
"33196";143;117;10;107;48;59
"33197";333;273;12;261;176;85
"33198";1098;897;80;817;511;306
"33199";15391;12881;692;12189;5472;6717
"33200";6915;5951;312;5639;3384;2255
"33201";596;516;38;478;294;184
"33202";880;752;54;698;377;321
"33203";2597;2215;152;2063;1051;1012
"33204";356;312;24;288;165;123
"33205";1040;903;68;835;436;399
"33206";394;339;26;313;231;82
"33207";3920;3220;202;3018;1795;1223
"33208";746;639;37;602;273;329
"33209";205;180;11;169;85;84
"33210";181;162;12;150;73;77
"33211";419;355;27;328;228;100
"33212";98;79;11;68;43;25
"33213";3139;2730;143;2587;1332;1255
"33214";4174;3514;187;3327;1675;1652
"33215";173;144;10;134;55;79
"33216";126;117;8;109;64;45
"33218";1124;908;89;819;380;439
"33219";1705;1434;116;1318;767;551
"33220";764;636;55;581;328;253
"33221";742;638;52;586;277;309
"33222";487;420;30;390;168;222
"33223";127;117;11;106;39;67
"33224";97;86;7;79;40;39
"33225";1449;1246;92;1154;706;448
"33226";1490;1277;82;1195;683;512
"33227";4724;3935;244;3691;2221;1470
"33228";520;449;28;421;231;190
"33229";5401;4555;279;4276;2014;2262
"33230";363;312;32;280;150;130
"33231";205;189;11;178;85;93
"33232";54;51;4;47;14;33
"33233";1725;1350;98;1252;636;616
"33234";2658;2323;98;2225;1079;1146
"33235";152;134;8;126;59;67
"33236";7834;6712;332;6380;2255;4125
"33237";541;488;40;448;256;192
"33238";7663;6551;343;6208;3666;2542
"33239";389;334;25;309;144;165
"33240";3785;2905;175;2730;1359;1371
"33241";362;322;14;308;192;116
"33242";453;402;33;369;179;190
"33243";15978;12813;790;12023;6707;5316
"33244";227;209;17;192;111;81
"33245";606;533;17;516;276;240
"33246";144;130;15;115;46;69
"33247";122;96;12;84;35;49
"33248";1689;1417;111;1306;727;579
"33249";10768;8283;402;7881;5492;2389
"33250";262;224;8;216;108;108
"33251";497;416;26;390;263;127
"33252";444;400;23;377;194;183
"33253";777;683;40;643;378;265
"33254";296;262;12;250;128;122
"33255";211;194;11;183;148;35
"33256";3070;2649;172;2477;1486;991
"33257";311;280;19;261;148;113
"33258";245;210;10;200;116;84
"33259";799;660;36;624;335;289
"33260";590;527;47;480;226;254
"33261";841;715;42;673;302;371
"33262";2395;2037;150;1887;1120;767
"33263";160;139;11;128;71;57
"33264";752;622;53;569;336;233
"33266";558;507;36;471;287;184
"33267";910;723;52;671;291;380
"33268";976;779;42;737;408;329
"33269";285;249;21;228;106;122
"33270";129;119;12;107;59;48
"33271";157;136;9;127;71;56
"33272";771;642;43;599;373;226
"33273";5392;4552;247;4305;2321;1984
"33274";1783;1609;96;1513;866;647
"33275";128;114;7;107;53;54
"33276";105;94;10;84;46;38
"33277";203;164;8;156;79;77
"33278";195;173;12;161;87;74
"33279";500;437;23;414;248;166
"33280";345;297;25;272;114;158
"33281";44764;36927;1884;35043;21113;13930
"33282";260;220;15;205;108;97
"33283";131;99;8;91;54;37
"33284";5169;4461;297;4164;2368;1796
"33285";318;279;24;255;139;116
"33287";428;365;27;338;186;152
"33288";220;186;13;173;85;88
"33289";1044;906;45;861;554;307
"33290";1073;893;55;838;340;498
"33291";153;143;5;138;82;56
"33292";113;104;2;102;57;45
"33293";2064;1764;112;1652;870;782
"33294";415;344;19;325;151;174
"33295";84;75;5;70;45;25
"33296";768;662;58;604;320;284
"33297";1201;1015;87;928;555;373
"33298";747;667;45;622;383;239
"33299";301;250;21;229;109;120
"33300";782;652;44;608;306;302
"33301";436;402;28;374;187;187
"33302";280;246;18;228;112;116
"33303";701;590;46;544;309;235
"33304";127;110;8;102;66;36
"33305";335;300;22;278;158;120
"33306";308;264;29;235;135;100
"33307";1065;911;59;852;499;353
"33308";194;171;9;162;101;61
"33309";390;317;11;306;166;140
"33310";160;133;4;129;84;45
"33311";799;694;47;647;424;223
"33312";5736;4853;283;4570;2783;1787
"33314";3403;2539;188;2351;1231;1120
"33315";1105;948;73;875;517;358
"33316";789;607;46;561;250;311
"33317";809;677;53;624;353;271
"33318";39247;32365;1543;30822;19258;11564
"33319";343;284;25;259;126;133
"33320";471;406;31;375;198;177
"33321";1267;1132;82;1050;661;389
"33322";4534;3936;224;3712;2122;1590
"33323";564;494;29;465;252;213
"33324";2953;2511;200;2311;1100;1211
"33325";624;554;34;520;275;245
"33326";167;145;11;134;60;74
"33327";1863;1527;113;1414;876;538
"33328";535;437;23;414;201;213
"33329";198;179;9;170;130;40
"33330";2206;1937;94;1843;1017;826
"33331";338;309;31;278;171;107
"33332";666;574;52;522;286;236
"33333";1887;1645;127;1518;850;668
"33334";1740;1467;98;1369;811;558
"33335";376;336;20;316;174;142
"33336";793;721;51;670;393;277
"33337";1559;1277;72;1205;679;526
"33338";166;133;10;123;50;73
"33339";1027;870;59;811;536;275
"33341";1473;1251;106;1145;633;512
"33342";642;562;34;528;214;314
"33343";545;488;30;458;280;178
"33344";455;399;18;381;174;207
"33345";249;224;18;206;103;103
"33346";283;249;17;232;112;120
"33347";251;216;16;200;116;84
"33348";1093;921;59;862;451;411
"33349";1513;1363;68;1295;747;548
"33350";894;763;49;714;420;294
"33351";1136;911;62;849;416;433
"33352";2896;2143;150;1993;1122;871
"33353";171;149;7;142;68;74
"33354";152;129;14;115;61;54
"33355";1086;958;70;888;552;336
"33356";279;241;12;229;105;124
"33357";975;894;56;838;488;350
"33358";262;230;11;219;129;90
"33359";176;147;10;137;58;79
"33360";249;221;13;208;96;112
"33361";403;365;31;334;195;139
"33362";945;771;58;713;401;312
"33363";2718;2324;137;2187;1217;970
"33364";278;245;15;230;101;129
"33365";171;154;11;143;54;89
"33366";6387;5280;362;4918;2887;2031
"33367";338;297;11;286;170;116
"33369";540;459;28;431;190;241
"33370";464;389;35;354;208;146
"33371";277;232;10;222;140;82
"33372";61;53;4;49;23;26
"33373";441;370;22;348;186;162
"33374";559;479;27;452;251;201
"33375";296;266;21;245;127;118
"33376";4768;4248;217;4031;1960;2071
"33377";62;54;4;50;30;20
"33378";1088;934;77;857;475;382
"33379";220;180;16;164;103;61
"33380";389;347;22;325;180;145
"33381";2220;1883;122;1761;1078;683
"33382";1290;1052;79;973;485;488
"33383";255;206;9;197;83;114
"33384";388;339;22;317;113;204
"33385";536;404;27;377;210;167
"33386";173;150;15;135;59;76
"33387";986;758;53;705;394;311
"33388";563;475;43;432;280;152
"33389";2338;1930;182;1748;936;812
"33390";347;277;25;252;105;147
"33391";250;220;15;205;134;71
"33392";634;537;44;493;317;176
"33393";3584;2988;188;2800;1513;1287
"33394";1542;1321;80;1241;446;795
"33395";1067;872;62;810;396;414
"33396";207;168;3;165;60;105
"33397";2994;2553;155;2398;1407;991
"33398";123;99;11;88;64;24
"33399";240;197;10;187;94;93
"33400";243;215;17;198;95;103
"33401";111;100;8;92;32;60
"33402";1533;1097;52;1045;582;463
"33403";95;86;12;74;42;32
"33404";199;169;6;163;86;77
"33405";370;318;28;290;152;138
"33406";303;256;17;239;97;142
"33407";541;445;40;405;210;195
"33408";252;231;18;213;99;114
"33409";80;69;5;64;29;35
"33411";107;97;3;94;33;61
"33412";1036;822;58;764;382;382
"33413";1614;1390;74;1316;695;621
"33414";259;227;7;220;94;126
"33415";1188;1043;62;981;554;427
"33416";676;567;43;524;295;229
"33417";1790;1537;128;1409;807;602
"33418";268;230;14;216;128;88
"33419";64;55;2;53;16;37
"33420";127;106;3;103;39;64
"33421";334;258;21;237;95;142
"33422";5065;4444;241;4203;2147;2056
"33423";411;337;23;314;145;169
"33424";3034;2538;176;2362;1345;1017
"33425";1063;862;73;789;409;380
"33426";204;180;19;161;53;108
"33427";171;150;11;139;73;66
"33428";79;72;2;70;26;44
"33429";245;206;23;183;118;65
"33431";226;198;22;176;103;73
"33432";148;127;4;123;72;51
"33433";6260;5181;329;4852;2854;1998
"33434";1367;1187;72;1115;759;356
"33435";1274;982;66;916;548;368
"33436";723;623;41;582;340;242
"33437";1319;1116;82;1034;484;550
"33438";1168;1022;71;951;630;321
"33439";1005;831;59;772;435;337
"33440";184;162;7;155;99;56
"33441";821;672;46;626;363;263
"33442";341;291;12;279;151;128
"33443";115;98;11;87;41;46
"33444";362;325;24;301;151;150
"33445";596;492;32;460;240;220
"33446";154;139;7;132;76;56
"33447";1698;1319;83;1236;648;588
"33448";2039;1745;108;1637;1016;621
"33449";21288;18678;1096;17582;10060;7522
"33450";189;169;7;162;111;51
"33451";379;341;34;307;155;152
"33452";416;378;28;350;189;161
"33453";176;150;14;136;67;69
"33454";1141;1007;62;945;518;427
"33456";387;332;32;300;125;175
"33457";428;371;24;347;181;166
"33458";655;563;41;522;276;246
"33459";192;168;12;156;59;97
"33460";498;435;29;406;196;210
"33461";314;268;14;254;92;162
"33462";384;332;23;309;166;143
"33463";1025;879;48;831;594;237
"33464";250;218;15;203;132;71
"33465";821;718;58;660;409;251
"33466";1272;1056;74;982;561;421
"33467";211;181;10;171;81;90
"33468";336;292;24;268;145;123
"33470";630;546;36;510;273;237
"33471";945;803;55;748;385;363
"33472";287;249;7;242;152;90
"33473";1851;1510;111;1399;772;627
"33474";1758;1487;86;1401;763;638
"33475";302;255;14;241;130;111
"33476";554;452;27;425;188;237
"33477";519;419;36;383;221;162
"33478";2187;1759;129;1630;946;684
"33479";167;150;12;138;69;69
"33480";1229;996;68;928;470;458
"33481";170;145;10;135;68;67
"33482";203;165;23;142;66;76
"33483";3267;2827;148;2679;1349;1330
"33484";1303;1082;91;991;633;358
"33485";1287;1120;88;1032;491;541
"33486";256;212;18;194;113;81
"33487";715;580;36;544;309;235
"33488";328;266;17;249;124;125
"33489";284;232;22;210;91;119
"33490";1329;1134;90;1044;552;492
"33491";265;221;25;196;98;98
"33492";1364;1091;76;1015;622;393
"33493";338;307;37;270;147;123
"33494";568;519;47;472;229;243
"33495";1085;965;89;876;552;324
"33496";1648;1469;79;1390;775;615
"33498";4430;3829;261;3568;2043;1525
"33499";254;210;11;199;83;116
"33500";338;279;16;263;156;107
"33501";1699;1472;88;1384;771;613
"33502";278;221;14;207;107;100
"33503";369;335;21;314;173;141
"33504";485;433;29;404;222;182
"33505";926;801;50;751;455;296
"33506";1411;1187;72;1115;601;514
"33507";233;208;11;197;129;68
"33508";422;383;33;350;186;164
"33509";422;378;27;351;205;146
"33510";147;128;13;115;69;46
"33511";262;234;18;216;140;76
"33512";251;220;19;201;120;81
"33513";85;78;3;75;42;33
"33514";2604;2131;138;1993;848;1145
"33515";331;273;15;258;133;125
"33516";125;114;4;110;50;60
"33517";1086;909;53;856;480;376
"33518";802;715;44;671;381;290
"33519";7004;6063;329;5734;3237;2497
"33520";207;178;20;158;78;80
"33521";526;434;41;393;182;211
"33522";21880;18304;893;17411;11138;6273
"33523";1245;1073;79;994;527;467
"33524";207;183;10;173;107;66
"33525";1056;876;78;798;472;326
"33526";120;104;11;93;40;53
"33527";4842;4096;239;3857;2161;1696
"33528";387;344;15;329;140;189
"33529";19070;15995;885;15110;6247;8863
"33530";599;523;38;485;241;244
"33531";226;200;9;191;107;84
"33532";374;326;38;288;170;118
"33533";1584;1311;109;1202;766;436
"33534";556;461;32;429;272;157
"33535";3236;2876;138;2738;1614;1124
"33536";190;161;10;151;84;67
"33537";361;322;11;311;211;100
"33538";361;296;27;269;116;153
"33539";2417;2024;146;1878;962;916
"33540";2006;1697;93;1604;790;814
"33541";743;611;44;567;285;282
"33542";548;476;25;451;246;205
"33543";645;521;36;485;281;204
"33544";1286;1070;54;1016;543;473
"33545";879;701;58;643;336;307
"33546";355;307;26;281;111;170
"33547";740;612;40;572;324;248
"33548";847;741;47;694;380;314
"33549";255;229;15;214;133;81
"33550";20437;17047;978;16069;10270;5799
"33551";296;257;19;238;138;100
"33552";724;637;45;592;372;220
"33553";806;623;49;574;349;225
"33554";1869;1615;100;1515;776;739
"33555";3138;2681;179;2502;1501;1001
"34001";1108;942;72;870;398;472
"34002";768;656;44;612;345;267
"34003";21435;17350;1083;16267;6684;9583
"34004";169;151;10;141;79;62
"34005";212;195;8;187;105;82
"34006";168;143;13;130;60;70
"34007";327;277;25;252;139;113
"34008";468;388;31;357;200;157
"34009";1223;1061;73;988;519;469
"34010";2297;1925;136;1789;1042;747
"34011";70;57;2;55;36;19
"34012";689;603;50;553;281;272
"34013";1101;914;53;861;464;397
"34014";1275;1145;52;1093;546;547
"34015";132;108;10;98;56;42
"34016";430;374;22;352;198;154
"34017";362;317;25;292;119;173
"34018";651;534;46;488;258;230
"34019";294;251;15;236;122;114
"34020";307;246;12;234;119;115
"34021";245;213;22;191;99;92
"34022";4874;4133;229;3904;1749;2155
"34023";5764;4908;335;4573;2073;2500
"34024";1852;1564;115;1449;654;795
"34025";1362;1181;74;1107;469;638
"34026";135;115;7;108;60;48
"34027";1263;1084;82;1002;479;523
"34028";4784;3559;224;3335;2108;1227
"34029";367;299;19;280;176;104
"34030";173;149;13;136;79;57
"34031";3412;2766;210;2556;1232;1324
"34032";45545;36057;2209;33848;15852;17996
"34033";1289;1099;73;1026;474;552
"34034";48;40;2;38;26;12
"34035";704;606;44;562;318;244
"34036";1055;880;58;822;419;403
"34037";2274;2014;119;1895;849;1046
"34038";1196;1006;63;943;595;348
"34039";1381;1190;67;1123;385;738
"34040";48;42;1;41;24;17
"34041";527;472;24;448;256;192
"34042";509;441;25;416;243;173
"34043";222;189;10;179;85;94
"34044";263;228;15;213;103;110
"34045";361;309;17;292;182;110
"34046";94;77;5;72;39;33
"34047";450;358;21;337;180;157
"34048";221;189;10;179;80;99
"34049";203;184;11;173;129;44
"34050";969;842;58;784;317;467
"34051";2402;2041;153;1888;986;902
"34052";2323;1898;142;1756;977;779
"34053";82;71;7;64;28;36
"34054";81;58;7;51;37;14
"34055";157;135;14;121;82;39
"34056";920;769;37;732;377;355
"34057";12907;10569;549;10020;4695;5325
"34058";4468;3805;210;3595;1593;2002
"34059";251;217;14;203;140;63
"34060";345;296;9;287;172;115
"34061";459;384;28;356;207;149
"34062";109;90;3;87;20;67
"34063";1866;1609;92;1517;718;799
"34064";381;337;26;311;178;133
"34065";386;336;31;305;161;144
"34066";201;164;10;154;56;98
"34067";1017;893;77;816;362;454
"34068";255;226;12;214;120;94
"34069";3139;2649;207;2442;1330;1112
"34070";391;322;15;307;181;126
"34071";266;225;18;207;106;101
"34072";22;20;1;19;18;1
"34073";1819;1480;110;1370;637;733
"34074";1581;1353;100;1253;694;559
"34075";291;248;23;225;106;119
"34076";857;744;48;696;391;305
"34077";3853;3465;199;3266;1958;1308
"34078";1093;947;57;890;576;314
"34079";5713;4489;266;4223;2425;1798
"34080";387;318;22;296;203;93
"34081";1830;1533;106;1427;642;785
"34082";1264;1104;70;1034;531;503
"34083";172;143;3;140;94;46
"34084";1227;1086;74;1012;507;505
"34085";266;234;25;209;91;118
"34086";513;452;40;412;225;187
"34087";1836;1621;100;1521;792;729
"34088";4377;3617;268;3349;1744;1605
"34089";934;831;49;782;419;363
"34090";6508;5387;294;5093;2484;2609
"34091";81;72;1;71;33;38
"34092";727;641;40;601;336;265
"34093";171;139;7;132;75;57
"34094";745;648;50;598;254;344
"34095";5258;4386;312;4074;1829;2245
"34096";383;334;24;310;174;136
"34097";367;320;34;286;200;86
"34098";136;109;8;101;80;21
"34099";62;53;6;47;29;18
"34100";80;69;10;59;20;39
"34101";3562;2995;211;2784;1408;1376
"34102";271;219;10;209;98;111
"34103";767;613;40;573;306;267
"34104";89;77;6;71;48;23
"34105";200;164;13;151;91;60
"34106";165;139;5;134;83;51
"34107";299;252;10;242;138;104
"34108";17557;14036;1022;13014;6509;6505
"34109";644;549;37;512;248;264
"34110";462;409;35;374;175;199
"34111";3041;2424;196;2228;1309;919
"34112";133;112;5;107;54;53
"34113";4038;3240;231;3009;1545;1464
"34114";3991;3333;192;3141;1792;1349
"34115";139;123;6;117;73;44
"34116";4330;3711;183;3528;1847;1681
"34117";490;427;28;399;279;120
"34118";394;345;20;325;141;184
"34119";1144;1007;90;917;486;431
"34120";4140;3706;212;3494;2057;1437
"34121";239;198;19;179;115;64
"34122";332;300;23;277;159;118
"34123";5792;4867;297;4570;2040;2530
"34124";217;195;22;173;88;85
"34125";119;111;12;99;50;49
"34126";1792;1436;100;1336;673;663
"34127";2205;1925;118;1807;907;900
"34128";1193;983;60;923;456;467
"34129";12630;10543;621;9922;4058;5864
"34130";1033;861;76;785;374;411
"34131";423;382;26;356;230;126
"34132";207;172;16;156;101;55
"34133";54;48;2;46;13;33
"34134";2069;1839;129;1710;882;828
"34135";2511;1986;156;1830;957;873
"34136";1017;885;56;829;449;380
"34137";142;117;7;110;39;71
"34138";212;191;14;177;108;69
"34139";1043;886;80;806;358;448
"34140";2318;1971;153;1818;774;1044
"34141";396;329;25;304;171;133
"34142";5325;4168;273;3895;2164;1731
"34143";1683;1415;114;1301;608;693
"34144";553;445;32;413;265;148
"34145";16631;13404;898;12506;6256;6250
"34146";2569;2217;158;2059;987;1072
"34147";2152;1770;129;1641;815;826
"34148";2906;2444;181;2263;987;1276
"34149";435;365;19;346;144;202
"34150";6262;5101;304;4797;2070;2727
"34151";4520;3701;259;3442;1631;1811
"34152";346;315;15;300;155;145
"34153";1375;1189;77;1112;625;487
"34154";13648;11415;666;10749;4743;6006
"34155";1487;1247;72;1175;510;665
"34156";56;54;3;51;29;22
"34157";8606;7002;494;6508;2909;3599
"34158";120;110;7;103;56;47
"34159";2558;2157;145;2012;932;1080
"34160";471;396;33;363;226;137
"34161";2946;2429;218;2211;1011;1200
"34162";2871;2306;121;2185;1168;1017
"34163";2246;1802;116;1686;841;845
"34164";715;603;36;567;317;250
"34165";2201;1796;116;1680;891;789
"34166";1992;1683;89;1594;772;822
"34167";191;151;14;137;80;57
"34168";57;48;6;42;23;19
"34169";3115;2704;122;2582;1083;1499
"34170";178;158;8;150;99;51
"34171";138;119;4;115;88;27
"34172";141542;110884;5026;105858;66034;39824
"34173";1077;1065;204;861;480;381
"34174";633;530;41;489;186;303
"34175";136;119;6;113;67;46
"34176";1859;1610;92;1518;758;760
"34177";255;230;14;216;113;103
"34178";2104;1778;137;1641;815;826
"34179";1339;1205;78;1127;715;412
"34180";1057;869;51;818;481;337
"34181";705;600;36;564;336;228
"34182";1123;988;60;928;437;491
"34183";2822;2363;143;2220;1139;1081
"34184";472;399;31;368;199;169
"34185";390;358;17;341;189;152
"34186";362;316;20;296;188;108
"34187";433;378;25;353;226;127
"34188";105;91;4;87;58;29
"34189";1212;963;71;892;463;429
"34190";225;175;13;162;101;61
"34191";398;336;21;315;146;169
"34192";5464;4481;313;4168;1479;2689
"34193";145;121;4;117;84;33
"34194";2607;2100;125;1975;1141;834
"34195";60;55;3;52;33;19
"34196";176;158;8;150;96;54
"34197";706;605;34;571;324;247
"34198";7171;6017;347;5670;2214;3456
"34199";5919;4965;270;4695;2503;2192
"34200";187;165;9;156;105;51
"34201";229;195;11;184;96;88
"34202";5101;4333;285;4048;2075;1973
"34203";981;841;53;788;353;435
"34204";744;633;32;601;307;294
"34205";236;192;19;173;77;96
"34206";424;361;22;339;158;181
"34207";1690;1367;99;1268;554;714
"34208";273;235;24;211;104;107
"34209";2528;2095;94;2001;864;1137
"34210";1462;1185;104;1081;593;488
"34211";797;686;49;637;442;195
"34212";127;114;10;104;46;58
"34213";4397;3390;229;3161;1606;1555
"34214";819;699;58;641;319;322
"34215";689;569;53;516;264;252
"34216";212;185;9;176;94;82
"34217";3736;3149;183;2966;1784;1182
"34218";205;178;13;165;84;81
"34219";393;337;27;310;182;128
"34220";172;151;9;142;62;80
"34221";389;341;23;318;220;98
"34222";262;236;8;228;125;103
"34223";811;684;43;641;312;329
"34224";885;774;46;728;356;372
"34225";2182;1823;138;1685;845;840
"34226";1257;1017;62;955;474;481
"34227";1184;1018;53;965;472;493
"34228";79;72;3;69;39;30
"34229";614;515;34;481;329;152
"34230";117;101;1;100;41;59
"34231";20;16;0;16;6;10
"34232";481;390;24;366;227;139
"34233";116;99;3;96;50;46
"34234";98;73;5;68;29;39
"34235";275;234;21;213;138;75
"34236";60;47;3;44;26;18
"34237";1554;1287;97;1190;640;550
"34238";69;63;4;59;25;34
"34239";3900;3234;222;3012;1570;1442
"34240";2409;2039;119;1920;815;1105
"34241";687;585;29;556;301;255
"34242";728;626;33;593;352;241
"34243";1300;1109;91;1018;546;472
"34244";1971;1697;116;1581;797;784
"34245";1427;1189;73;1116;590;526
"34246";1114;993;61;932;459;473
"34247";3560;3214;117;3097;1232;1865
"34248";464;418;28;390;217;173
"34249";1692;1461;75;1386;691;695
"34250";233;193;13;180;109;71
"34251";346;310;11;299;200;99
"34252";242;178;14;164;106;58
"34253";40;36;3;33;10;23
"34254";818;719;61;658;344;314
"34255";7658;6640;323;6317;3036;3281
"34256";1435;1262;52;1210;609;601
"34257";134;130;5;125;99;26
"34258";1035;884;54;830;394;436
"34259";4239;3481;166;3315;1629;1686
"34260";697;567;27;540;358;182
"34261";253;225;15;210;125;85
"34262";164;143;17;126;80;46
"34263";263;231;21;210;106;104
"34264";176;153;6;147;86;61
"34265";490;436;31;405;193;212
"34266";352;312;27;285;140;145
"34267";1220;1045;74;971;534;437
"34268";429;355;25;330;189;141
"34269";109;86;10;76;41;35
"34270";7154;6111;314;5797;2672;3125
"34271";204;173;17;156;97;59
"34272";2172;1796;120;1676;695;981
"34273";127;96;7;89;65;24
"34274";1838;1543;109;1434;718;716
"34276";3315;2898;200;2698;1652;1046
"34277";176;154;6;148;100;48
"34278";65;55;3;52;18;34
"34279";279;237;14;223;134;89
"34280";434;396;27;369;141;228
"34281";1632;1321;75;1246;687;559
"34282";785;659;37;622;324;298
"34283";99;86;8;78;32;46
"34284";1508;1182;83;1099;645;454
"34285";472;398;25;373;183;190
"34286";326;272;30;242;123;119
"34287";208;176;17;159;88;71
"34288";592;544;26;518;280;238
"34289";1723;1397;102;1295;553;742
"34290";563;496;26;470;262;208
"34291";313;262;15;247;173;74
"34292";218;185;9;176;103;73
"34293";982;830;77;753;373;380
"34294";634;538;33;505;249;256
"34295";1130;1001;52;949;524;425
"34296";684;593;39;554;284;270
"34297";285;242;15;227;120;107
"34298";3260;2844;196;2648;1213;1435
"34299";5670;4671;294;4377;1958;2419
"34300";3213;2664;177;2487;1153;1334
"34301";31139;25707;1490;24217;11827;12390
"34302";538;437;30;407;235;172
"34303";71;66;5;61;37;24
"34304";643;563;39;524;319;205
"34305";152;135;12;123;51;72
"34306";147;115;11;104;62;42
"34307";1985;1722;98;1624;802;822
"34308";318;282;19;263;135;128
"34309";3884;3394;195;3199;1528;1671
"34310";1947;1680;132;1548;731;817
"34311";1183;1050;69;981;510;471
"34312";997;852;63;789;496;293
"34313";411;364;19;345;245;100
"34314";306;274;14;260;136;124
"34315";259;204;6;198;91;107
"34316";113;95;6;89;52;37
"34317";165;140;5;135;84;51
"34318";313;278;8;270;148;122
"34319";121;105;10;95;59;36
"34320";1833;1620;106;1514;772;742
"34321";1484;1292;99;1193;555;638
"34322";566;501;21;480;278;202
"34323";54;47;7;40;26;14
"34324";4009;3210;213;2997;1120;1877
"34325";1078;936;46;890;460;430
"34326";63;53;4;49;36;13
"34327";4738;3998;257;3741;1766;1975
"34328";814;713;72;641;375;266
"34329";1832;1535;110;1425;666;759
"34330";488;407;34;373;177;196
"34331";109;87;4;83;64;19
"34332";4237;3496;214;3282;1438;1844
"34333";2388;1907;123;1784;868;916
"34334";239;207;10;197;151;46
"34335";367;331;28;303;191;112
"34336";2859;2293;210;2083;958;1125
"34337";6454;5456;372;5084;2602;2482
"34338";51;46;5;41;30;11
"34339";134;123;11;112;64;48
"34340";1062;905;66;839;285;554
"34341";2366;1995;125;1870;832;1038
"34342";160;143;1;142;76;66
"34343";810;703;55;648;389;259
"34344";7763;6489;367;6122;1819;4303
"35001";4678;4151;173;3978;2525;1453
"35002";1192;1054;63;991;504;487
"35003";515;444;29;415;238;177
"35004";1053;847;53;794;390;404
"35005";199;179;5;174;66;108
"35006";3258;2759;163;2596;1107;1489
"35007";279;255;17;238;153;85
"35008";405;345;19;326;131;195
"35009";1157;981;60;921;457;464
"35010";972;873;41;832;471;361
"35011";219;195;7;188;120;68
"35012";5001;4148;241;3907;2037;1870
"35013";2676;2250;138;2112;1238;874
"35014";1556;1289;80;1209;422;787
"35015";1671;1422;106;1316;506;810
"35016";1396;1180;72;1108;655;453
"35017";457;393;28;365;220;145
"35018";827;719;60;659;216;443
"35019";1364;1174;54;1120;542;578
"35021";987;885;50;835;403;432
"35022";474;408;16;392;207;185
"35023";2999;2595;130;2465;1328;1137
"35024";8018;7018;318;6700;4265;2435
"35025";770;655;62;593;262;331
"35026";85;74;6;68;31;37
"35027";1142;979;64;915;501;414
"35028";421;366;23;343;159;184
"35029";994;863;37;826;452;374
"35030";417;367;30;337;180;157
"35031";2708;2327;132;2195;1245;950
"35032";2511;2178;133;2045;1238;807
"35033";1907;1682;93;1589;969;620
"35034";852;727;43;684;351;333
"35035";379;325;22;303;171;132
"35037";3706;3238;174;3064;1644;1420
"35038";453;368;40;328;157;171
"35039";1388;1191;56;1135;665;470
"35040";2519;2235;132;2103;1369;734
"35041";608;540;32;508;266;242
"35042";469;417;29;388;139;249
"35044";268;244;11;233;115;118
"35045";695;585;26;559;223;336
"35046";368;319;21;298;129;169
"35047";11307;9702;452;9250;5200;4050
"35048";408;348;24;324;181;143
"35049";4783;3821;191;3630;1546;2084
"35050";402;371;22;349;213;136
"35051";12634;10845;443;10402;5523;4879
"35052";394;322;23;299;134;165
"35053";201;186;14;172;65;107
"35054";1102;975;40;935;564;371
"35055";6809;5786;275;5511;3541;1970
"35056";529;475;24;451;281;170
"35057";803;708;35;673;385;288
"35058";828;731;47;684;379;305
"35059";3133;2738;151;2587;1602;985
"35060";495;428;31;397;214;183
"35061";481;412;25;387;157;230
"35062";1066;950;60;890;348;542
"35063";298;254;22;232;90;142
"35064";801;642;36;606;364;242
"35065";1546;1381;67;1314;863;451
"35066";5772;4741;261;4480;2754;1726
"35067";989;894;44;850;586;264
"35068";4322;3747;200;3547;2009;1538
"35069";5201;4446;220;4226;2307;1919
"35070";762;661;50;611;310;301
"35071";314;276;11;265;90;175
"35072";1232;1048;66;982;402;580
"35075";555;490;31;459;245;214
"35076";2956;2511;119;2392;1439;953
"35077";216;183;9;174;50;124
"35078";891;775;43;732;344;388
"35079";1421;1284;58;1226;760;466
"35080";1514;1329;68;1261;805;456
"35081";474;423;14;409;262;147
"35082";904;774;36;738;357;381
"35083";478;414;28;386;205;181
"35084";465;412;27;385;147;238
"35085";4372;3662;190;3472;1823;1649
"35086";445;385;34;351;157;194
"35087";618;532;26;506;221;285
"35088";2237;1933;123;1810;1141;669
"35089";333;290;15;275;147;128
"35090";1625;1445;91;1354;784;570
"35091";387;323;27;296;167;129
"35092";570;504;38;466;275;191
"35093";8530;7193;357;6836;3025;3811
"35094";1173;1034;49;985;604;381
"35095";3913;3104;186;2918;1588;1330
"35096";1572;1344;75;1269;605;664
"35097";1267;1086;88;998;360;638
"35098";878;767;34;733;383;350
"35099";1988;1781;73;1708;977;731
"35100";383;344;21;323;161;162
"35101";663;598;36;562;329;233
"35102";364;310;10;300;85;215
"35103";288;257;18;239;76;163
"35104";1001;887;51;836;396;440
"35105";1370;1147;79;1068;399;669
"35106";1047;876;43;833;444;389
"35107";1239;1089;58;1031;656;375
"35108";792;668;50;618;267;351
"35109";1754;1533;87;1446;635;811
"35110";666;564;51;513;343;170
"35111";498;441;26;415;149;266
"35112";812;709;53;656;249;407
"35113";421;376;21;355;182;173
"35114";204;168;7;161;76;85
"35115";14986;11529;596;10933;6078;4855
"35116";1627;1405;96;1309;643;666
"35117";1203;1000;61;939;427;512
"35118";960;843;55;788;469;319
"35119";598;508;27;481;189;292
"35120";3181;2755;117;2638;1485;1153
"35121";1255;1133;86;1047;555;492
"35122";1156;1030;67;963;503;460
"35123";3216;2706;140;2566;1533;1033
"35124";1638;1364;60;1304;609;695
"35125";2940;2394;116;2278;806;1472
"35126";5579;4785;298;4487;2778;1709
"35127";2351;2045;106;1939;1171;768
"35128";1182;1025;78;947;536;411
"35129";2589;2193;139;2054;1096;958
"35130";1350;1195;76;1119;653;466
"35131";2859;2453;149;2304;1449;855
"35132";1062;918;45;873;435;438
"35133";3026;2609;159;2450;1340;1110
"35134";205;183;14;169;78;91
"35135";1470;1254;67;1187;648;539
"35136";5559;4788;269;4519;2187;2332
"35137";1405;1259;77;1182;606;576
"35138";784;687;53;634;268;366
"35139";3377;2909;176;2733;1634;1099
"35140";422;365;20;345;183;162
"35141";449;401;37;364;141;223
"35142";966;851;54;797;287;510
"35143";671;584;38;546;273;273
"35144";712;595;31;564;334;230
"35145";1050;892;49;843;480;363
"35146";410;369;21;348;199;149
"35147";596;514;27;487;242;245
"35148";106;98;3;95;44;51
"35149";1005;874;52;822;497;325
"35150";2637;2311;156;2155;1049;1106
"35151";544;461;25;436;256;180
"35152";5234;4585;228;4357;2610;1747
"35153";212;186;16;170;84;86
"35154";1090;913;69;844;427;417
"35155";508;443;24;419;231;188
"35156";407;357;12;345;189;156
"35157";426;381;26;355;111;244
"35158";89;66;5;61;29;32
"35159";238;201;10;191;74;117
"35160";182;162;3;159;70;89
"35161";1267;1046;64;982;414;568
"35162";2883;2386;152;2234;878;1356
"35163";993;895;63;832;272;560
"35164";541;456;29;427;209;218
"35165";643;520;32;488;183;305
"35166";755;646;49;597;295;302
"35167";2019;1656;78;1578;587;991
"35168";2410;1983;129;1854;965;889
"35169";960;808;35;773;423;350
"35170";440;369;31;338;147;191
"35171";1262;1115;67;1048;575;473
"35172";1209;1069;56;1013;604;409
"35173";4236;3706;180;3526;1957;1569
"35174";479;407;28;379;161;218
"35175";690;607;29;578;290;288
"35176";2184;1870;124;1746;969;777
"35177";3039;2652;152;2500;1485;1015
"35178";1002;898;46;852;442;410
"35179";2538;2148;123;2025;1063;962
"35180";515;438;23;415;210;205
"35181";1185;1037;44;993;487;506
"35183";560;493;41;452;195;257
"35184";3691;3088;148;2940;1591;1349
"35185";200;177;8;169;59;110
"35186";906;783;53;730;382;348
"35187";926;808;37;771;461;310
"35188";4608;3996;206;3790;2249;1541
"35189";2282;2045;84;1961;1171;790
"35190";185;154;20;134;63;71
"35191";719;642;43;599;317;282
"35192";164;140;6;134;58;76
"35193";1379;1196;62;1134;693;441
"35194";885;763;43;720;346;374
"35195";1466;1254;59;1195;800;395
"35196";5625;4878;253;4625;2623;2002
"35197";840;756;43;713;479;234
"35198";512;448;17;431;212;219
"35199";187;160;17;143;37;106
"35200";616;532;32;500;170;330
"35201";573;497;32;465;234;231
"35202";728;618;45;573;252;321
"35203";231;203;11;192;119;73
"35204";2189;1850;85;1765;998;767
"35205";297;260;18;242;113;129
"35206";4741;2065;90;1975;1252;723
"35207";3965;3509;162;3347;1849;1498
"35208";2729;2443;129;2314;1335;979
"35209";830;710;34;676;305;371
"35210";7353;6614;303;6311;3303;3008
"35211";1231;1076;60;1016;608;408
"35212";821;732;44;688;347;341
"35214";470;410;26;384;118;266
"35215";927;820;55;765;317;448
"35216";938;809;48;761;463;298
"35217";1080;914;52;862;277;585
"35218";537;470;37;433;252;181
"35219";2444;2044;123;1921;960;961
"35220";1593;1384;81;1303;593;710
"35221";1872;1608;112;1496;816;680
"35222";1352;1160;79;1081;570;511
"35223";2630;2261;137;2124;1037;1087
"35224";1860;1568;112;1456;691;765
"35225";508;458;25;433;262;171
"35226";1235;1062;54;1008;619;389
"35227";2066;1806;98;1708;963;745
"35228";4650;3870;225;3645;1828;1817
"35229";867;775;57;718;322;396
"35230";309;254;17;237;72;165
"35231";771;668;40;628;358;270
"35232";258;236;19;217;81;136
"35233";1059;939;48;891;527;364
"35234";861;753;32;721;330;391
"35235";862;735;48;687;248;439
"35236";6724;5253;243;5010;3007;2003
"35237";640;552;29;523;263;260
"35238";117027;94202;3563;90639;60810;29829
"35239";2847;2409;134;2275;1087;1188
"35240";5374;4647;202;4445;2744;1701
"35241";1941;1683;91;1592;855;737
"35242";281;243;10;233;137;96
"35243";1665;1459;86;1373;578;795
"35244";202;182;4;178;85;93
"35245";2601;2251;121;2130;1246;884
"35246";949;828;54;774;404;370
"35247";735;633;38;595;294;301
"35248";401;329;16;313;175;138
"35249";689;587;38;549;257;292
"35250";1227;1107;47;1060;655;405
"35251";2403;2019;115;1904;1109;795
"35252";667;600;38;562;204;358
"35253";2159;1847;100;1747;940;807
"35254";522;488;28;460;273;187
"35255";808;712;33;679;363;316
"35256";2251;1904;72;1832;745;1087
"35257";2009;1762;102;1660;895;765
"35258";239;222;6;216;123;93
"35259";778;667;32;635;314;321
"35260";412;372;23;349;148;201
"35261";159;137;12;125;74;51
"35262";208;184;8;176;66;110
"35263";2172;1876;100;1776;787;989
"35264";1313;1134;57;1077;480;597
"35265";1575;1422;73;1349;803;546
"35266";1853;1646;102;1544;872;672
"35267";1292;1097;62;1035;541;494
"35268";338;285;18;267;151;116
"35269";433;383;21;362;148;214
"35270";307;277;13;264;115;149
"35271";1054;884;52;832;277;555
"35272";662;559;45;514;176;338
"35273";1551;1349;76;1273;547;726
"35274";626;545;26;519;355;164
"35275";2807;2510;130;2380;1358;1022
"35276";392;332;18;314;196;118
"35277";267;235;9;226;133;93
"35278";7101;6163;240;5923;2935;2988
"35279";710;638;40;598;334;264
"35280";702;601;35;566;294;272
"35281";6547;5323;273;5050;3430;1620
"35282";765;660;47;613;276;337
"35283";800;699;47;652;273;379
"35284";2271;1961;97;1864;963;901
"35285";872;721;37;684;399;285
"35286";188;167;11;156;91;65
"35287";2022;1739;85;1654;776;878
"35288";37208;29127;1428;27699;14243;13456
"35289";645;574;30;544;301;243
"35290";422;355;25;330;168;162
"35291";330;293;21;272;139;133
"35292";987;872;66;806;444;362
"35293";396;346;27;319;160;159
"35294";1631;1360;78;1282;745;537
"35295";369;314;20;294;158;136
"35296";979;842;41;801;518;283
"35297";2957;2459;154;2305;1110;1195
"35299";2902;2440;137;2303;1069;1234
"35300";1019;884;66;818;268;550
"35301";307;283;14;269;151;118
"35302";826;734;50;684;331;353
"35303";601;527;18;509;214;295
"35304";928;771;45;726;392;334
"35305";285;239;17;222;116;106
"35306";1730;1469;88;1381;704;677
"35307";650;591;29;562;335;227
"35308";1932;1675;119;1556;822;734
"35309";569;470;37;433;250;183
"35310";940;801;41;760;351;409
"35311";368;314;9;305;143;162
"35312";1234;1076;66;1010;663;347
"35314";814;731;30;701;376;325
"35315";1047;930;46;884;606;278
"35316";493;423;22;401;181;220
"35317";384;348;12;336;183;153
"35318";544;475;30;445;263;182
"35319";1342;1194;85;1109;619;490
"35320";375;335;10;325;171;154
"35321";472;423;21;402;241;161
"35322";602;527;32;495;291;204
"35323";412;366;27;339;145;194
"35324";387;353;21;332;118;214
"35325";121;113;6;107;39;68
"35326";1542;1305;84;1221;592;629
"35327";2655;2284;135;2149;1192;957
"35328";1582;1333;75;1258;624;634
"35329";444;384;32;352;163;189
"35330";647;576;39;537;250;287
"35331";1817;1602;86;1516;902;614
"35332";739;635;52;583;324;259
"35333";1088;945;70;875;415;460
"35334";5624;5003;213;4790;2995;1795
"35335";529;460;46;414;204;210
"35336";144;127;9;118;70;48
"35337";2309;2016;101;1915;1058;857
"35338";785;701;49;652;249;403
"35339";434;370;21;349;180;169
"35340";834;712;55;657;350;307
"35341";1062;942;70;872;467;405
"35342";239;219;11;208;132;76
"35343";863;750;44;706;402;304
"35344";261;226;13;213;127;86
"35345";621;551;32;519;329;190
"35346";134;115;10;105;63;42
"35347";1739;1548;131;1417;578;839
"35348";293;246;21;225;81;144
"35350";541;492;40;452;171;281
"35351";1035;912;68;844;500;344
"35352";6354;5433;285;5148;3209;1939
"35353";3125;2735;116;2619;1568;1051
"35354";243;218;15;203;100;103
"35355";832;686;47;639;398;241
"35356";1121;987;53;934;535;399
"35357";258;222;18;204;95;109
"35358";731;617;33;584;302;282
"35359";614;500;34;466;184;282
"35360";12506;10165;573;9592;4460;5132
"35361";860;719;41;678;287;391
"35362";670;592;49;543;317;226
"35363";2822;2414;109;2305;1481;824
"36001";1269;1053;78;975;538;437
"36002";116;105;13;92;50;42
"36003";568;505;47;458;273;185
"36004";276;237;29;208;110;98
"36005";2804;2380;169;2211;1186;1025
"36006";3713;3082;181;2901;1733;1168
"36007";501;426;25;401;204;197
"36008";212;183;13;170;56;114
"36009";855;743;63;680;387;293
"36010";742;608;46;562;293;269
"36011";150;126;11;115;50;65
"36012";278;242;14;228;156;72
"36013";391;315;35;280;151;129
"36014";203;170;14;156;100;56
"36015";55;45;3;42;17;25
"36016";866;717;44;673;344;329
"36017";361;307;29;278;97;181
"36018";4867;3829;250;3579;1952;1627
"36019";220;199;9;190;93;97
"36020";70;58;5;53;35;18
"36021";681;581;52;529;376;153
"36022";341;289;18;271;138;133
"36023";228;192;12;180;86;94
"36024";94;89;9;80;30;50
"36025";477;401;33;368;204;164
"36026";350;281;17;264;132;132
"36027";197;168;14;154;73;81
"36028";92;81;2;79;51;28
"36029";187;162;17;145;80;65
"36030";165;145;9;136;73;63
"36031";3499;2844;232;2612;1337;1275
"36032";617;542;43;499;309;190
"36033";288;253;21;232;135;97
"36034";2150;1741;128;1613;825;788
"36035";906;718;50;668;360;308
"36036";150;121;10;111;63;48
"36037";248;207;10;197;96;101
"36038";134;119;6;113;63;50
"36040";95;90;12;78;37;41
"36041";125;103;17;86;40;46
"36042";488;433;39;394;226;168
"36043";471;371;28;343;201;142
"36044";31127;23991;1487;22504;13363;9141
"36045";2043;1709;75;1634;879;755
"36046";2974;2455;157;2298;1170;1128
"36047";463;402;27;375;238;137
"36048";245;201;14;187;107;80
"36049";105;89;8;81;54;27
"36050";328;277;19;258;143;115
"36051";145;126;6;120;59;61
"36052";123;110;14;96;35;61
"36053";426;356;20;336;167;169
"36054";249;228;14;214;94;120
"36055";815;688;56;632;346;286
"36056";759;634;55;579;331;248
"36057";690;602;65;537;277;260
"36058";505;400;35;365;213;152
"36059";196;185;16;169;80;89
"36060";598;467;33;434;246;188
"36061";331;268;33;235;122;113
"36062";406;362;21;341;207;134
"36063";6490;5039;415;4624;2653;1971
"36064";555;480;43;437;230;207
"36065";216;184;13;171;90;81
"36066";373;325;26;299;117;182
"36067";79;73;4;69;45;24
"36068";359;312;23;289;135;154
"36069";1079;916;59;857;453;404
"36070";1082;929;61;868;508;360
"36071";692;610;43;567;309;258
"36072";312;255;10;245;112;133
"36073";174;141;13;128;75;53
"36074";441;384;27;357;181;176
"36075";82;76;5;71;34;37
"36076";242;207;21;186;73;113
"36077";187;164;7;157;77;80
"36078";260;214;24;190;108;82
"36079";65;53;6;47;27;20
"36080";60;43;3;40;16;24
"36081";271;227;17;210;138;72
"36082";223;182;13;169;82;87
"36083";108;93;2;91;33;58
"36084";238;178;11;167;87;80
"36085";188;162;12;150;62;88
"36086";335;307;20;287;123;164
"36087";275;237;16;221;108;113
"36088";9320;7187;471;6716;4367;2349
"36089";273;218;15;203;102;101
"36090";114;108;8;100;54;46
"36091";537;461;27;434;246;188
"36092";231;186;11;175;78;97
"36093";2131;1794;166;1628;839;789
"36094";397;339;32;307;153;154
"36095";100;88;9;79;48;31
"36096";190;154;15;139;66;73
"36097";259;228;12;216;123;93
"36098";93;82;4;78;17;61
"36099";293;230;18;212;127;85
"36100";246;214;25;189;89;100
"36101";1225;1036;101;935;519;416
"36102";111;85;8;77;27;50
"36103";1156;983;76;907;436;471
"36104";233;196;12;184;95;89
"36105";171;140;12;128;69;59
"36106";126;101;11;90;59;31
"36107";663;547;52;495;251;244
"36108";208;184;13;171;99;72
"36109";811;706;48;658;398;260
"36110";197;165;14;151;71;80
"36111";158;129;16;113;77;36
"36112";565;474;40;434;251;183
"36113";884;722;55;667;309;358
"36114";284;250;12;238;142;96
"36115";112;95;10;85;42;43
"36116";111;100;5;95;39;56
"36117";361;317;24;293;197;96
"36118";256;226;15;211;119;92
"36119";415;356;26;330;157;173
"36120";441;376;24;352;183;169
"36121";134;121;12;109;37;72
"36122";173;141;12;129;76;53
"36123";816;710;59;651;379;272
"36124";225;188;19;169;59;110
"36125";97;81;12;69;38;31
"36126";454;370;35;335;192;143
"36127";1435;1201;108;1093;653;440
"36128";1360;1108;81;1027;574;453
"36129";459;388;33;355;215;140
"36130";97;94;10;84;35;49
"36131";383;321;26;295;170;125
"36132";35;32;6;26;4;22
"36133";225;190;15;175;109;66
"36134";388;314;31;283;174;109
"36135";262;233;20;213;95;118
"36136";102;97;6;91;33;58
"36137";297;259;15;244;131;113
"36138";186;161;14;147;70;77
"36139";495;437;34;403;240;163
"36140";898;795;60;735;388;347
"36141";1286;1061;76;985;511;474
"36142";1258;1101;85;1016;553;463
"36143";369;307;40;267;165;102
"36144";255;220;22;198;112;86
"36145";189;168;3;165;101;64
"36146";668;549;59;490;240;250
"36147";116;105;8;97;66;31
"36148";332;293;25;268;140;128
"36149";584;495;42;453;177;276
"36150";437;340;22;318;203;115
"36151";191;157;15;142;74;68
"36152";359;292;17;275;169;106
"36153";306;256;25;231;127;104
"36154";1498;1273;86;1187;764;423
"36155";594;519;29;490;224;266
"36156";313;253;18;235;149;86
"36157";313;271;16;255;142;113
"36158";528;454;40;414;250;164
"36159";4619;4035;293;3742;2118;1624
"36160";219;185;14;171;102;69
"36161";711;589;38;551;364;187
"36162";775;652;41;611;307;304
"36163";479;371;34;337;208;129
"36164";191;154;16;138;73;65
"36165";899;761;47;714;373;341
"36166";156;139;10;129;46;83
"36167";130;116;8;108;46;62
"36168";593;491;23;468;247;221
"36169";428;346;33;313;161;152
"36170";86;76;4;72;30;42
"36171";1498;1256;92;1164;687;477
"36172";484;417;19;398;218;180
"36173";433;377;28;349;164;185
"36174";298;256;12;244;131;113
"36175";301;251;23;228;129;99
"36176";484;431;26;405;227;178
"36177";271;216;9;207;99;108
"36178";243;213;21;192;100;92
"36179";140;125;8;117;55;62
"36180";680;582;48;534;264;270
"36181";153;141;9;132;76;56
"36182";530;450;26;424;244;180
"36183";80;69;4;65;18;47
"36184";436;374;47;327;170;157
"36185";283;243;20;223;121;102
"36186";197;160;11;149;68;81
"36187";138;118;9;109;59;50
"36188";146;125;8;117;71;46
"36189";789;649;61;588;280;308
"36190";232;211;16;195;92;103
"36191";432;348;31;317;184;133
"36192";1297;1072;65;1007;623;384
"36193";224;194;14;180;95;85
"36194";748;620;57;563;293;270
"36195";418;375;25;350;220;130
"36196";86;81;4;77;47;30
"36197";280;226;21;205;96;109
"36198";321;280;17;263;135;128
"36199";970;831;68;763;436;327
"36200";1364;1119;54;1065;671;394
"36201";135;116;7;109;47;62
"36202";2151;1746;137;1609;764;845
"36203";50;35;3;32;10;22
"36204";269;240;17;223;100;123
"36205";113;99;9;90;43;47
"36206";33;26;2;24;8;16
"36207";464;381;26;355;241;114
"36208";650;518;33;485;271;214
"36209";238;203;23;180;87;93
"36210";270;230;23;207;114;93
"36211";389;330;38;292;130;162
"36212";139;120;3;117;67;50
"36213";211;188;13;175;84;91
"36214";283;220;23;197;108;89
"36215";356;309;21;288;161;127
"36216";59;51;5;46;19;27
"36217";93;84;7;77;40;37
"36218";149;116;7;109;47;62
"36219";422;349;29;320;158;162
"36220";669;540;34;506;323;183
"36221";342;293;30;263;116;147
"36222";205;186;15;171;92;79
"36223";147;119;8;111;59;52
"36224";958;781;52;729;383;346
"36225";141;124;15;109;54;55
"36226";294;248;15;233;147;86
"36227";198;152;21;131;66;65
"36228";1939;1683;146;1537;844;693
"36229";536;437;30;407;219;188
"36230";1455;1180;74;1106;618;488
"36231";693;609;35;574;322;252
"36232";861;721;44;677;370;307
"36233";556;440;42;398;206;192
"36234";272;226;16;210;108;102
"36235";325;264;36;228;122;106
"36236";307;250;23;227;110;117
"36237";642;506;48;458;220;238
"36238";101;73;8;65;40;25
"36239";383;311;20;291;196;95
"36240";272;236;17;219;119;100
"36241";1957;1622;141;1481;813;668
"36242";107;92;3;89;41;48
"36243";309;253;25;228;100;128
"36244";497;399;37;362;179;183
"36245";299;264;33;231;120;111
"36246";161;147;13;134;55;79
"36247";1030;853;79;774;382;392
"36248";197;172;13;159;90;69
"37001";864;740;64;676;324;352
"37002";1148;1004;75;929;404;525
"37003";8186;6725;390;6335;3096;3239
"37004";305;260;15;245;110;135
"37005";406;330;21;309;187;122
"37006";1941;1662;103;1559;766;793
"37007";143;120;5;115;38;77
"37008";1888;1654;121;1533;692;841
"37009";291;251;26;225;98;127
"37010";1298;1099;90;1009;458;551
"37011";1313;1088;73;1015;580;435
"37012";425;353;29;324;163;161
"37013";354;296;19;277;125;152
"37014";2591;2114;104;2010;971;1039
"37015";2375;1993;84;1909;971;938
"37016";315;282;14;268;147;121
"37018";6137;5235;298;4937;2353;2584
"37019";369;339;23;316;156;160
"37020";1461;1177;83;1094;592;502
"37021";845;725;48;677;333;344
"37022";2335;1920;126;1794;1108;686
"37023";242;214;14;200;81;119
"37024";744;646;56;590;306;284
"37025";583;493;29;464;230;234
"37026";493;417;25;392;166;226
"37027";3517;2957;189;2768;1300;1468
"37028";631;567;28;539;257;282
"37029";266;229;11;218;94;124
"37030";537;468;29;439;232;207
"37031";3012;2450;144;2306;1191;1115
"37032";200;172;14;158;69;89
"37033";220;188;7;181;94;87
"37034";264;224;13;211;91;120
"37035";264;222;18;204;101;103
"37036";175;143;9;134;50;84
"37037";201;161;10;151;55;96
"37038";595;521;43;478;266;212
"37039";362;305;27;278;133;145
"37040";241;216;16;200;75;125
"37041";256;204;14;190;93;97
"37042";213;187;14;173;86;87
"37043";779;652;49;603;264;339
"37044";240;200;11;189;80;109
"37045";845;711;34;677;349;328
"37046";350;311;23;288;118;170
"37047";881;773;42;731;317;414
"37048";251;220;14;206;104;102
"37049";1021;843;65;778;409;369
"37050";7378;6061;312;5749;2732;3017
"37051";670;580;28;552;248;304
"37052";802;692;53;639;281;358
"37053";133;108;5;103;30;73
"37054";2669;2252;166;2086;954;1132
"37055";537;449;32;417;174;243
"37056";434;377;28;349;196;153
"37057";502;427;22;405;189;216
"37058";1190;970;54;916;434;482
"37059";873;765;42;723;345;378
"37060";960;813;45;768;385;383
"37061";411;376;37;339;159;180
"37062";1215;984;42;942;406;536
"37063";3581;2750;205;2545;1387;1158
"37064";204;176;5;171;94;77
"37065";505;428;23;405;199;206
"37066";444;367;23;344;159;185
"37067";1168;1018;58;960;492;468
"37068";521;441;32;409;170;239
"37069";204;176;13;163;68;95
"37070";272;225;12;213;70;143
"37071";114;99;9;90;35;55
"37072";6089;4873;267;4606;2611;1995
"37073";490;414;28;386;153;233
"37074";1463;1179;62;1117;529;588
"37075";249;214;13;201;74;127
"37076";320;279;7;272;163;109
"37077";2311;1980;124;1856;940;916
"37078";294;259;27;232;120;112
"37079";1473;1238;78;1160;586;574
"37080";175;147;11;136;71;65
"37081";955;849;54;795;382;413
"37082";349;292;18;274;125;149
"37083";1094;931;59;872;421;451
"37084";434;345;18;327;122;205
"37085";678;593;33;560;297;263
"37086";317;264;11;253;109;144
"37087";183;157;11;146;59;87
"37088";103;84;9;75;28;47
"37089";613;525;33;492;210;282
"37090";99;87;5;82;33;49
"37091";1712;1450;92;1358;710;648
"37092";505;421;23;398;199;199
"37093";438;379;27;352;157;195
"37094";453;403;26;377;165;212
"37095";243;201;16;185;102;83
"37096";414;342;26;316;151;165
"37097";455;391;26;365;192;173
"37098";533;458;27;431;226;205
"37099";595;505;36;469;209;260
"37100";302;256;25;231;113;118
"37101";139;109;9;100;33;67
"37102";126;101;9;92;44;48
"37103";123;103;11;92;46;46
"37104";3597;3088;199;2889;1486;1403
"37105";242;205;10;195;95;100
"37106";225;201;18;183;97;86
"37107";237;199;11;188;86;102
"37108";555;498;39;459;235;224
"37109";8114;6872;368;6504;2921;3583
"37110";1085;896;71;825;392;433
"37111";1204;1036;66;970;500;470
"37112";339;276;10;266;120;146
"37113";746;632;34;598;279;319
"37114";170;147;16;131;69;62
"37115";2870;2416;155;2261;1222;1039
"37116";410;354;22;332;121;211
"37117";619;494;33;461;202;259
"37118";1175;1005;61;944;555;389
"37119";1335;1091;81;1010;464;546
"37120";390;327;20;307;148;159
"37121";212;180;8;172;78;94
"37122";24271;19501;1044;18457;10266;8191
"37123";2764;2328;184;2144;1172;972
"37124";1830;1628;100;1528;781;747
"37125";339;296;28;268;135;133
"37126";244;215;12;203;99;104
"37127";219;181;21;160;88;72
"37128";886;780;53;727;340;387
"37129";807;723;38;685;326;359
"37130";1606;1402;80;1322;728;594
"37131";918;766;46;720;330;390
"37132";4791;3780;198;3582;1792;1790
"37133";409;328;17;311;122;189
"37134";471;413;27;386;159;227
"37135";207;183;11;172;79;93
"37136";355;321;24;297;153;144
"37137";117;100;4;96;46;50
"37138";598;497;42;455;219;236
"37139";3622;3085;180;2905;1351;1554
"37140";195;161;26;135;68;67
"37141";661;551;40;511;198;313
"37142";485;398;27;371;161;210
"37143";949;802;48;754;364;390
"37144";399;357;19;338;116;222
"37145";189;164;21;143;64;79
"37146";202;171;12;159;98;61
"37147";430;364;19;345;160;185
"37148";472;388;26;362;143;219
"37149";325;279;7;272;134;138
"37150";906;783;49;734;371;363
"37151";2231;1884;96;1788;826;962
"37152";1737;1461;71;1390;675;715
"37153";2799;2374;159;2215;1019;1196
"37154";2961;2535;140;2395;1168;1227
"37155";449;389;27;362;145;217
"37156";7986;6605;346;6259;3609;2650
"37157";286;250;17;233;117;116
"37158";571;464;39;425;207;218
"37159";5647;4655;288;4367;2325;2042
"37160";240;205;9;196;77;119
"37161";607;501;39;462;213;249
"37162";370;329;20;309;185;124
"37163";3048;2418;193;2225;1173;1052
"37165";324;281;17;264;139;125
"37166";492;436;37;399;170;229
"37167";1392;1124;65;1059;462;597
"37168";264;219;13;206;91;115
"37169";634;555;38;517;249;268
"37170";792;687;50;637;244;393
"37171";916;755;55;700;311;389
"37172";3137;2659;129;2530;1382;1148
"37173";619;529;31;498;257;241
"37174";614;521;21;500;242;258
"37175";920;823;46;777;387;390
"37176";698;618;52;566;242;324
"37177";548;468;29;439;210;229
"37178";470;413;32;381;179;202
"37179";1855;1591;96;1495;637;858
"37180";521;441;30;411;210;201
"37181";188;160;6;154;73;81
"37182";747;654;44;610;298;312
"37183";1082;921;63;858;380;478
"37184";315;263;14;249;114;135
"37185";1103;926;67;859;428;431
"37186";617;531;36;495;271;224
"37187";260;235;15;220;116;104
"37188";586;500;37;463;204;259
"37189";793;667;49;618;352;266
"37190";153;130;7;123;54;69
"37191";174;148;10;138;69;69
"37192";873;779;44;735;343;392
"37193";1035;882;54;828;346;482
"37194";1147;973;62;911;425;486
"37195";6260;4827;273;4554;2719;1835
"37196";1400;1148;69;1079;509;570
"37197";344;291;19;272;141;131
"37198";238;203;10;193;93;100
"37199";371;325;16;309;146;163
"37200";662;572;41;531;286;245
"37201";577;485;32;453;220;233
"37202";409;351;24;327;158;169
"37203";2428;2129;91;2038;890;1148
"37204";916;761;45;716;341;375
"37205";867;775;47;728;335;393
"37206";1145;981;38;943;449;494
"37207";254;210;9;201;92;109
"37208";11571;9886;462;9424;4582;4842
"37209";166;146;10;136;61;75
"37210";477;416;24;392;224;168
"37211";1972;1616;99;1517;713;804
"37212";521;448;30;418;183;235
"37213";690;589;39;550;223;327
"37214";12482;10593;417;10176;4418;5758
"37216";1218;1042;71;971;449;522
"37217";1062;914;50;864;486;378
"37218";465;401;28;373;140;233
"37219";717;630;46;584;292;292
"37220";310;264;21;243;134;109
"37221";567;451;21;430;224;206
"37222";536;476;30;446;201;245
"37223";227;196;11;185;80;105
"37224";652;567;31;536;211;325
"37225";2114;1777;114;1663;847;816
"37226";2995;2465;151;2314;1098;1216
"37227";507;422;41;381;196;185
"37228";932;797;45;752;307;445
"37229";191;151;7;144;60;84
"37230";716;623;44;579;287;292
"37231";1240;1041;66;975;388;587
"37232";520;450;31;419;211;208
"37233";10599;8157;441;7716;5659;2057
"37234";385;334;27;307;134;173
"37236";350;311;16;295;162;133
"37237";915;793;47;746;370;376
"37238";351;315;20;295;145;150
"37240";466;410;22;388;171;217
"37241";1031;867;77;790;358;432
"37242";1072;887;69;818;451;367
"37243";2152;1896;87;1809;858;951
"37244";234;204;16;188;77;111
"37245";1517;1270;65;1205;586;619
"37246";195;171;9;162;59;103
"37247";481;410;35;375;164;211
"37248";270;221;14;207;119;88
"37249";1014;836;63;773;354;419
"37250";1577;1380;88;1292;603;689
"37251";592;498;44;454;201;253
"37252";280;239;8;231;125;106
"37253";155;123;5;118;46;72
"37254";915;775;53;722;340;382
"37255";204;179;14;165;85;80
"37256";287;248;13;235;107;128
"37257";1121;927;60;867;407;460
"37258";240;201;14;187;107;80
"37259";406;357;29;328;162;166
"37260";418;361;19;342;170;172
"37261";76322;60202;2943;57259;32393;24866
"37262";268;223;13;210;93;117
"37263";1492;1304;52;1252;665;587
"37264";802;703;59;644;273;371
"37265";159;136;5;131;94;37
"37266";4548;3987;227;3760;1764;1996
"37267";2989;2599;142;2457;1345;1112
"37268";110;96;7;89;38;51
"37269";401;348;24;324;141;183
"37270";1883;1630;99;1531;653;878
"37271";711;610;40;570;323;247
"37272";746;653;54;599;271;328
"37273";3533;3023;192;2831;1596;1235
"37274";223;187;8;179;78;101
"37275";98;89;4;85;40;45
"37276";957;840;44;796;379;417
"37277";485;415;29;386;160;226
"37278";661;568;27;541;286;255
"37279";532;444;35;409;196;213
"37280";187;163;23;140;63;77
"37281";2420;2053;96;1957;871;1086
"37282";1182;1032;47;985;530;455
"38001";2150;1660;112;1548;684;864
"38002";721;613;33;580;334;246
"38003";736;640;41;599;270;329
"38004";800;640;49;591;311;280
"38005";860;678;48;630;316;314
"38006";2818;2264;131;2133;1188;945
"38008";40;33;2;31;20;11
"38009";732;614;44;570;272;298
"38010";448;375;19;356;141;215
"38011";758;635;33;602;221;381
"38012";1554;1226;84;1142;497;645
"38013";2312;1951;96;1855;952;903
"38014";373;302;26;276;133;143
"38015";1207;1013;75;938;393;545
"38016";170;144;13;131;53;78
"38017";929;792;65;727;370;357
"38018";286;245;23;222;100;122
"38019";1051;822;54;768;376;392
"38020";274;208;6;202;85;117
"38021";1373;1190;52;1138;655;483
"38022";3887;3001;225;2776;1219;1557
"38023";199;170;4;166;47;119
"38024";432;365;22;343;127;216
"38025";329;281;19;262;119;143
"38026";633;513;33;480;211;269
"38027";1382;1194;55;1139;562;577
"38028";693;580;49;531;189;342
"38029";1182;968;82;886;396;490
"38030";1113;912;57;855;441;414
"38031";35;33;6;27;17;10
"38032";431;372;36;336;122;214
"38033";485;410;39;371;158;213
"38034";2952;2314;147;2167;1081;1086
"38035";765;648;43;605;263;342
"38036";77;73;10;63;29;34
"38037";764;634;36;598;303;295
"38038";308;248;12;236;90;146
"38039";2438;2134;100;2034;1050;984
"38040";175;146;9;137;55;82
"38041";101;91;5;86;39;47
"38042";702;613;34;579;301;278
"38043";999;855;57;798;442;356
"38044";1084;915;57;858;330;528
"38045";2065;1832;73;1759;719;1040
"38046";666;571;50;521;213;308
"38047";114;100;4;96;30;66
"38048";866;738;67;671;334;337
"38049";247;209;21;188;70;118
"38050";424;356;30;326;126;200
"38051";866;753;54;699;268;431
"38052";2422;1867;106;1761;751;1010
"38053";15499;11961;613;11348;5983;5365
"38054";972;786;61;725;372;353
"38055";427;353;25;328;131;197
"38056";69;64;8;56;25;31
"38057";568;513;24;489;229;260
"38058";1260;1004;61;943;415;528
"38059";1814;1595;68;1527;598;929
"38060";112;98;1;97;34;63
"38061";2115;1827;138;1689;849;840
"38062";491;433;24;409;201;208
"38063";339;280;16;264;111;153
"38064";1862;1521;89;1432;561;871
"38065";1300;1104;81;1023;493;530
"38066";134;120;12;108;39;69
"38067";1037;915;50;865;328;537
"38068";914;801;34;767;367;400
"38069";871;723;44;679;294;385
"38070";953;812;52;760;407;353
"38071";2348;1954;130;1824;1094;730
"38072";1618;1295;84;1211;476;735
"38073";110;88;5;83;39;44
"38074";230;206;11;195;85;110
"38075";1987;1708;84;1624;770;854
"38076";1230;1074;76;998;412;586
"38077";501;451;22;429;196;233
"38078";427;363;22;341;220;121
"38080";564;480;32;448;175;273
"38081";1298;1126;72;1054;421;633
"38082";1372;1082;69;1013;482;531
"38083";298;254;22;232;96;136
"38084";1168;974;53;921;441;480
"38085";5616;4123;224;3899;1800;2099
"38086";318;269;15;254;112;142
"38087";3177;2650;162;2488;1284;1204
"38089";178;145;5;140;64;76
"38090";273;223;9;214;120;94
"38091";488;431;31;400;171;229
"38092";84;73;5;68;28;40
"38093";314;271;20;251;129;122
"38094";1300;1055;76;979;370;609
"38095";2019;1651;116;1535;654;881
"38097";2704;2178;108;2070;923;1147
"38098";502;431;28;403;187;216
"38099";570;496;36;460;199;261
"38100";1834;1487;94;1393;856;537
"38101";757;611;38;573;284;289
"38102";383;332;13;319;126;193
"38103";285;249;16;233;121;112
"38104";1019;826;63;763;337;426
"38105";1725;1433;73;1360;696;664
"38106";268;231;23;208;103;105
"38107";1223;1057;87;970;411;559
"38108";118;101;6;95;47;48
"38109";711;621;37;584;212;372
"38110";1602;1386;86;1300;511;789
"38111";6275;5379;244;5135;2511;2624
"38112";151;129;8;121;60;61
"38113";453;396;24;372;161;211
"38114";1121;946;73;873;471;402
"38115";476;414;19;395;219;176
"38116";46;37;6;31;25;6
"38117";470;412;32;380;216;164
"38118";1128;974;77;897;452;445
"38120";564;483;44;439;240;199
"38121";608;499;44;455;228;227
"38124";1667;1374;102;1272;519;753
"38125";203;165;8;157;84;73
"38126";3374;2812;93;2719;1118;1601
"38127";150;133;4;129;77;52
"38128";408;359;10;349;158;191
"38129";345;301;16;285;91;194
"38130";2973;2379;124;2255;1112;1143
"38131";1516;1325;83;1242;523;719
"38132";108;101;5;96;42;54
"38133";3464;2887;168;2719;1363;1356
"38134";633;528;35;493;229;264
"38135";840;733;49;684;258;426
"38136";379;328;31;297;110;187
"38137";322;289;26;263;152;111
"38138";1991;1651;80;1571;728;843
"38139";1048;885;65;820;315;505
"38140";6143;5387;246;5141;3079;2062
"38141";472;398;23;375;122;253
"38144";1909;1582;92;1490;655;835
"38145";111;95;7;88;47;41
"38146";553;463;20;443;184;259
"38147";585;493;30;463;172;291
"38148";2329;1943;145;1798;746;1052
"38149";1081;925;44;881;395;486
"38150";4671;3881;251;3630;2036;1594
"38151";20610;16706;821;15885;10067;5818
"38152";543;428;18;410;184;226
"38153";381;349;23;326;208;118
"38154";234;195;14;181;102;79
"38155";1227;995;84;911;415;496
"38156";723;563;54;509;223;286
"38157";2470;2156;164;1992;895;1097
"38158";6465;5498;231;5267;3066;2201
"38159";326;287;22;265;105;160
"38160";1640;1380;84;1296;570;726
"38161";683;571;31;540;211;329
"38162";989;832;73;759;392;367
"38163";237;207;11;196;97;99
"38165";1278;1051;73;978;444;534
"38166";328;299;22;277;155;122
"38167";351;306;30;276;107;169
"38169";13253;10464;520;9944;6449;3495
"38170";2326;1897;99;1798;813;985
"38171";252;222;8;214;102;112
"38172";811;716;46;670;308;362
"38173";218;185;17;168;101;67
"38174";783;664;53;611;274;337
"38175";2508;2028;116;1912;1093;819
"38176";1519;1313;72;1241;495;746
"38177";121;101;9;92;31;61
"38179";3959;3264;157;3107;1715;1392
"38180";726;650;58;592;265;327
"38181";1711;1418;84;1334;715;619
"38182";1878;1588;105;1483;835;648
"38183";294;263;12;251;124;127
"38184";957;809;38;771;278;493
"38185";84648;66727;2510;64217;41288;22929
"38186";357;302;16;286;130;156
"38187";1444;1190;63;1127;629;498
"38188";1067;945;36;909;446;463
"38189";3485;2821;203;2618;1099;1519
"38190";754;606;33;573;268;305
"38191";1171;938;32;906;243;663
"38192";137;112;6;106;60;46
"38193";8795;6360;375;5985;3309;2676
"38194";1464;1197;69;1128;587;541
"38195";546;467;38;429;208;221
"38197";1035;840;46;794;290;504
"38198";758;634;52;582;284;298
"38199";1693;1484;81;1403;587;816
"38200";3036;2505;149;2356;1247;1109
"38203";344;281;14;267;104;163
"38204";193;174;9;165;94;71
"38205";2099;1786;65;1721;981;740
"38206";799;674;39;635;368;267
"38207";173;157;8;149;80;69
"38208";134;124;9;115;64;51
"38209";164;139;14;125;64;61
"38210";550;453;25;428;171;257
"38211";221;192;15;177;78;99
"38212";865;680;45;635;412;223
"38213";441;370;28;342;160;182
"38214";1564;1354;68;1286;628;658
"38215";1685;1420;107;1313;536;777
"38216";72;64;2;62;39;23
"38217";85;73;5;68;25;43
"38218";653;563;46;517;248;269
"38219";474;378;34;344;182;162
"38221";126;105;12;93;43;50
"38222";563;489;31;458;247;211
"38223";1301;1099;56;1043;409;634
"38224";98;87;10;77;41;36
"38225";1053;917;42;875;415;460
"38226";1143;963;36;927;522;405
"38228";398;337;26;311;139;172
"38229";13889;11822;500;11322;5338;5984
"38230";883;742;48;694;309;385
"38231";590;528;51;477;169;308
"38232";487;405;22;383;162;221
"38235";252;227;8;219;118;101
"38236";1457;1180;75;1105;537;568
"38237";187;156;10;146;95;51
"38238";1379;1157;82;1075;414;661
"38239";5511;4441;246;4195;2315;1880
"38240";544;451;32;419;208;211
"38241";31;30;3;27;10;17
"38242";809;707;47;660;303;357
"38243";229;200;11;189;119;70
"38244";563;470;31;439;232;207
"38245";213;179;10;169;71;98
"38246";703;614;39;575;207;368
"38247";1836;1408;91;1317;639;678
"38248";427;363;21;342;174;168
"38249";3541;3127;149;2978;1328;1650
"38250";344;311;15;296;136;160
"38252";269;240;9;231;143;88
"38253";923;665;35;630;229;401
"38254";429;352;35;317;167;150
"38255";98;92;11;81;44;37
"38256";1097;941;54;887;423;464
"38257";339;290;31;259;107;152
"38258";107;83;4;79;62;17
"38259";683;566;49;517;243;274
"38260";400;319;19;300;121;179
"38261";2449;2020;118;1902;801;1101
"38262";324;276;15;261;149;112
"38263";320;277;21;256;146;110
"38264";186;145;6;139;71;68
"38265";1298;1050;73;977;574;403
"38266";347;295;28;267;172;95
"38267";520;430;28;402;163;239
"38268";178;154;10;144;78;66
"38269";3443;2668;175;2493;1402;1091
"38270";1376;1204;64;1140;557;583
"38271";674;568;45;523;251;272
"38272";313;260;18;242;118;124
"38273";407;361;26;335;204;131
"38274";347;293;25;268;117;151
"38275";233;184;20;164;60;104
"38276";1622;1368;88;1280;571;709
"38277";350;302;19;283;141;142
"38278";342;290;18;272;158;114
"38279";889;779;45;734;408;326
"38280";489;419;19;400;268;132
"38281";1717;1382;80;1302;657;645
"38282";550;473;31;442;159;283
"38283";120;92;3;89;68;21
"38284";283;264;12;252;117;135
"38285";163;143;3;140;101;39
"38286";40;31;1;30;13;17
"38287";721;613;46;567;300;267
"38288";1211;969;74;895;378;517
"38289";284;224;10;214;112;102
"38290";587;481;43;438;187;251
"38291";689;584;51;533;185;348
"38292";883;700;45;655;315;340
"38293";312;276;22;254;111;143
"38294";423;350;17;333;128;205
"38295";461;400;23;377;189;188
"38296";595;536;26;510;193;317
"38297";705;604;39;565;203;362
"38298";4024;3012;156;2856;1707;1149
"38299";196;163;14;149;80;69
"38300";275;226;13;213;67;146
"38301";129;114;7;107;69;38
"38302";153;128;6;122;62;60
"38303";316;277;15;262;148;114
"38304";1015;846;54;792;511;281
"38305";974;862;66;796;374;422
"38306";185;158;7;151;108;43
"38307";426;344;29;315;160;155
"38308";175;160;19;141;67;74
"38309";1504;1333;56;1277;826;451
"38310";839;689;76;613;297;316
"38311";578;469;34;435;171;264
"38312";542;472;25;447;237;210
"38313";242;210;15;195;112;83
"38314";4744;3866;227;3639;2086;1553
"38315";2064;1720;96;1624;759;865
"38316";2935;2082;86;1996;1035;961
"38317";6587;5048;282;4766;2853;1913
"38318";3285;2490;142;2348;1311;1037
"38319";630;506;22;484;292;192
"38320";1159;938;79;859;390;469
"38321";171;139;5;134;68;66
"38322";82;72;4;68;39;29
"38323";813;684;42;642;271;371
"38324";587;493;43;450;196;254
"38325";433;368;24;344;205;139
"38326";278;240;16;224;160;64
"38328";717;623;32;591;326;265
"38329";71;61;3;58;24;34
"38330";90;71;9;62;19;43
"38331";743;647;41;606;342;264
"38332";2344;1947;136;1811;1093;718
"38333";276;241;17;224;120;104
"38334";1077;945;52;893;527;366
"38335";746;631;44;587;292;295
"38336";1420;1218;74;1144;508;636
"38337";3778;3056;126;2930;1591;1339
"38338";494;412;26;386;207;179
"38339";1458;1250;79;1171;418;753
"38340";1301;1050;62;988;513;475
"38341";844;712;44;668;287;381
"38342";203;186;14;172;94;78
"38343";1238;1034;60;974;375;599
"38344";5537;4271;262;4009;2310;1699
"38345";458;361;29;332;163;169
"38346";279;237;32;205;89;116
"38347";883;752;41;711;365;346
"38348";3583;2973;171;2802;1133;1669
"38349";1249;1035;67;968;482;486
"38350";408;373;19;354;181;173
"38351";658;549;47;502;195;307
"38352";1455;1272;63;1209;516;693
"38353";610;510;40;470;240;230
"38354";288;247;21;226;109;117
"38355";118;102;4;98;69;29
"38356";313;280;8;272;146;126
"38357";1787;1463;111;1352;672;680
"38358";466;398;23;375;129;246
"38359";829;722;35;687;360;327
"38360";308;282;19;263;101;162
"38361";73;68;3;65;41;24
"38362";850;746;54;692;334;358
"38363";692;544;46;498;264;234
"38364";355;315;15;300;170;130
"38365";580;474;36;438;175;263
"38366";254;227;16;211;111;100
"38367";505;441;27;414;284;130
"38368";712;605;31;574;283;291
"38369";735;626;57;569;235;334
"38370";516;433;36;397;193;204
"38372";484;418;30;388;198;190
"38373";855;737;41;696;268;428
"38374";2441;1982;117;1865;724;1141
"38375";134;106;10;96;57;39
"38376";611;526;36;490;245;245
"38377";2147;1721;104;1617;765;852
"38378";3027;2278;165;2113;1020;1093
"38379";224;183;22;161;63;98
"38380";194;158;3;155;69;86
"38381";1317;1083;73;1010;407;603
"38382";11782;9573;492;9081;5426;3655
"38383";2157;1824;126;1698;937;761
"38384";1979;1636;124;1512;704;808
"38386";1498;1255;83;1172;549;623
"38387";360;301;26;275;121;154
"38388";1591;1312;82;1230;639;591
"38389";2437;2037;147;1890;767;1123
"38390";400;336;29;307;152;155
"38391";217;193;11;182;82;100
"38392";427;356;33;323;142;181
"38393";1073;898;54;844;449;395
"38394";1556;1271;84;1187;568;619
"38395";887;764;33;731;525;206
"38396";630;547;30;517;300;217
"38397";5377;4712;195;4517;1817;2700
"38398";611;514;37;477;216;261
"38399";3073;2628;192;2436;1073;1363
"38400";2351;1973;107;1866;1000;866
"38401";966;829;57;772;354;418
"38402";459;385;22;363;244;119
"38403";283;255;19;236;145;91
"38404";193;167;6;161;72;89
"38405";949;775;56;719;371;348
"38406";110;90;7;83;36;47
"38407";361;317;29;288;171;117
"38408";1943;1621;89;1532;563;969
"38409";862;660;68;592;295;297
"38410";908;786;46;740;328;412
"38412";2997;2486;171;2315;1170;1145
"38413";378;334;19;315;174;141
"38414";40;31;6;25;20;5
"38415";1021;908;55;853;393;460
"38416";5203;4242;244;3998;2017;1981
"38417";378;340;15;325;198;127
"38418";156;145;9;136;81;55
"38419";158;138;10;128;62;66
"38420";223;189;13;176;94;82
"38421";18122;14317;664;13653;9049;4604
"38422";4163;3582;160;3422;1790;1632
"38423";3486;2747;122;2625;1593;1032
"38424";130;108;6;102;35;67
"38425";3939;2994;194;2800;1660;1140
"38426";572;495;34;461;243;218
"38427";222;184;15;169;90;79
"38428";64;55;4;51;24;27
"38429";215;189;20;169;94;75
"38430";252;211;16;195;111;84
"38431";2205;1943;68;1875;858;1017
"38432";757;661;42;619;336;283
"38433";810;717;46;671;418;253
"38434";442;388;21;367;167;200
"38435";334;297;20;277;194;83
"38436";1754;1534;72;1462;704;758
"38437";277;212;21;191;116;75
"38438";220;192;7;185;105;80
"38439";1933;1617;91;1526;925;601
"38440";575;490;24;466;222;244
"38442";866;738;53;685;364;321
"38443";396;330;28;302;189;113
"38444";120;99;7;92;43;49
"38445";548;482;30;452;257;195
"38446";522;453;31;422;159;263
"38448";948;779;60;719;279;440
"38449";3519;2850;158;2692;1410;1282
"38450";925;798;65;733;335;398
"38451";2227;1882;117;1765;680;1085
"38452";286;256;16;240;110;130
"38453";1215;1042;60;982;444;538
"38454";1195;1033;84;949;440;509
"38455";2808;2355;144;2211;885;1326
"38456";225;194;13;181;137;44
"38457";2013;1600;99;1501;801;700
"38458";420;354;29;325;116;209
"38459";643;565;36;529;190;339
"38460";355;310;16;294;111;183
"38462";365;296;20;276;143;133
"38463";1386;1171;90;1081;504;577
"38464";1447;1188;88;1100;487;613
"38465";846;681;44;637;267;370
"38466";1133;980;53;927;484;443
"38467";921;743;44;699;305;394
"38468";3151;2546;208;2338;1327;1011
"38469";97;87;3;84;43;41
"38470";339;289;27;262;138;124
"38471";801;704;38;666;403;263
"38472";161;143;5;138;91;47
"38473";647;574;46;528;234;294
"38474";7815;6537;364;6173;3325;2848
"38475";1586;1347;98;1249;467;782
"38476";616;478;39;439;178;261
"38478";690;557;36;521;346;175
"38479";266;220;20;200;77;123
"38480";1353;1150;84;1066;414;652
"38481";638;548;28;520;217;303
"38483";1119;953;62;891;365;526
"38484";1145;1004;63;941;444;497
"38485";8682;7010;396;6614;3668;2946
"38486";5281;4640;194;4446;2289;2157
"38487";1539;1315;85;1230;515;715
"38488";463;372;25;347;137;210
"38489";108;100;3;97;62;35
"38490";1380;1153;73;1080;510;570
"38492";471;418;16;402;261;141
"38494";527;428;32;396;150;246
"38495";456;358;22;336;161;175
"38496";989;821;61;760;303;457
"38497";144;131;12;119;58;61
"38498";535;460;16;444;180;264
"38499";814;629;44;585;392;193
"38500";428;369;36;333;139;194
"38501";1006;837;64;773;408;365
"38503";1619;1449;70;1379;805;574
"38504";1611;1394;59;1335;697;638
"38505";534;446;28;418;211;207
"38507";4140;3384;177;3207;1449;1758
"38508";446;398;39;359;187;172
"38509";4721;3601;213;3388;1780;1608
"38511";2292;1905;84;1821;983;838
"38512";425;352;29;323;136;187
"38513";169;151;1;150;74;76
"38514";214;180;17;163;83;80
"38515";1294;1102;79;1023;378;645
"38516";3810;3253;129;3124;1520;1604
"38517";5281;4222;278;3944;2200;1744
"38518";526;448;36;412;227;185
"38519";1821;1532;92;1440;500;940
"38520";449;380;26;354;133;221
"38521";62;52;3;49;36;13
"38522";210;180;11;169;107;62
"38523";672;583;37;546;241;305
"38524";4432;3788;203;3585;1656;1929
"38525";305;253;22;231;80;151
"38526";286;247;18;229;107;122
"38527";400;326;20;306;139;167
"38528";895;759;48;711;340;371
"38529";2792;2264;101;2163;1064;1099
"38530";1699;1390;81;1309;571;738
"38531";411;333;30;303;152;151
"38532";447;373;31;342;140;202
"38533";587;540;15;525;290;235
"38534";730;543;11;532;189;343
"38535";189;158;8;150;67;83
"38536";898;769;47;722;360;362
"38537";3783;3077;146;2931;1434;1497
"38538";3066;2655;140;2515;1426;1089
"38539";432;377;21;356;167;189
"38540";1046;887;46;841;421;420
"38541";1385;1135;65;1070;440;630
"38542";275;232;14;218;90;128
"38543";1512;1153;60;1093;429;664
"38544";18292;14875;721;14154;7595;6559
"38545";5952;4868;247;4621;2307;2314
"38546";691;597;54;543;212;331
"38547";5283;4179;218;3961;2423;1538
"38548";3655;3116;139;2977;1342;1635
"38549";38;35;1;34;18;16
"38550";83;70;7;63;33;30
"38551";45;34;5;29;17;12
"38552";315;278;21;257;147;110
"38553";10503;7943;426;7517;4661;2856
"38554";1247;1115;80;1035;411;624
"38555";811;662;54;608;262;346
"38556";930;786;58;728;330;398
"38557";3226;2690;160;2530;834;1696
"38558";1225;1057;70;987;407;580
"38559";2757;2196;164;2032;947;1085
"38560";765;636;35;601;306;295
"38561";1098;934;49;885;442;443
"38562";4856;3793;242;3551;2088;1463
"38563";14114;11072;658;10414;5522;4892
"38564";194;163;15;148;62;86
"38565";6961;5892;340;5552;2853;2699
"38566";1290;1104;66;1038;529;509
"38567";428;323;11;312;125;187
"39001";601;514;45;469;218;251
"39002";48;31;1;30;17;13
"39003";36;32;2;30;13;17
"39004";49;39;1;38;9;29
"39006";315;283;22;261;152;109
"39007";136;114;12;102;43;59
"39008";249;221;21;200;92;108
"39009";421;360;16;344;168;176
"39010";72;61;7;54;29;25
"39011";318;268;20;248;89;159
"39013";2530;2128;126;2002;1121;881
"39014";196;173;12;161;89;72
"39015";98;85;4;81;35;46
"39016";762;644;40;604;294;310
"39017";622;522;45;477;211;266
"39018";318;255;27;228;78;150
"39019";187;159;6;153;67;86
"39020";83;68;7;61;19;42
"39021";125;111;10;101;60;41
"39022";522;462;51;411;181;230
"39023";114;104;4;100;48;52
"39024";171;150;6;144;79;65
"39025";220;190;21;169;97;72
"39026";125;109;7;102;53;49
"39027";162;139;7;132;62;70
"39028";326;286;22;264;152;112
"39029";263;229;28;201;98;103
"39030";590;524;48;476;232;244
"39031";159;144;16;128;61;67
"39032";309;266;13;253;94;159
"39034";216;191;22;169;82;87
"39035";233;189;21;168;84;84
"39036";43;37;3;34;22;12
"39037";146;129;14;115;65;50
"39038";123;103;11;92;48;44
"39039";161;144;10;134;54;80
"39040";161;143;11;132;42;90
"39041";209;176;13;163;73;90
"39042";340;306;21;285;132;153
"39043";822;656;65;591;302;289
"39045";56;48;8;40;16;24
"39046";84;67;3;64;21;43
"39047";425;365;30;335;122;213
"39048";208;186;11;175;106;69
"39049";294;252;29;223;117;106
"39050";146;131;8;123;71;52
"39051";279;252;18;234;123;111
"39052";62;52;4;48;19;29
"39053";122;106;6;100;29;71
"39054";69;56;3;53;28;25
"39055";32;29;2;27;8;19
"39056";943;791;41;750;343;407
"39057";97;78;3;75;43;32
"39058";125;117;5;112;48;64
"39059";1222;999;81;918;315;603
"39060";48;34;2;32;17;15
"39061";92;85;8;77;25;52
"39062";48;42;7;35;20;15
"39063";202;174;8;166;68;98
"39064";37;31;2;29;17;12
"39065";83;66;7;59;42;17
"39066";146;135;7;128;55;73
"39068";242;215;15;200;106;94
"39069";106;87;12;75;49;26
"39070";83;72;6;66;20;46
"39072";245;216;12;204;97;107
"39073";139;123;9;114;56;58
"39074";180;146;7;139;51;88
"39075";180;160;10;150;74;76
"39076";142;128;13;115;56;59
"39077";38;32;4;28;8;20
"39078";507;455;34;421;224;197
"39079";161;154;10;144;70;74
"39080";43;39;2;37;19;18
"39081";286;239;30;209;101;108
"39083";242;213;15;198;72;126
"39084";110;101;10;91;36;55
"39085";64;57;3;54;15;39
"39086";203;162;12;150;69;81
"39088";298;248;13;235;122;113
"39089";53;45;2;43;16;27
"39090";120;101;7;94;49;45
"39091";79;73;1;72;25;47
"39092";134;119;17;102;29;73
"39093";313;268;27;241;115;126
"39094";127;106;6;100;50;50
"39095";97;93;2;91;51;40
"39096";252;221;13;208;86;122
"39097";5791;4722;372;4350;2166;2184
"39099";318;281;9;272;116;156
"39100";94;80;7;73;37;36
"39101";1038;906;74;832;461;371
"39102";164;141;11;130;41;89
"39103";257;223;9;214;126;88
"39104";476;385;48;337;163;174
"39105";178;159;8;151;75;76
"39106";209;179;15;164;56;108
"39107";105;97;15;82;26;56
"39108";45;40;6;34;14;20
"39109";129;109;11;98;46;52
"39110";47;37;5;32;9;23
"39111";53;49;1;48;18;30
"39112";93;78;9;69;35;34
"39113";291;242;14;228;114;114
"39114";169;146;11;135;54;81
"39115";134;115;3;112;26;86
"39116";122;111;5;106;70;36
"39117";77;69;2;67;37;30
"39118";53;40;1;39;19;20
"39119";78;60;4;56;32;24
"39120";125;107;6;101;59;42
"39121";265;239;22;217;110;107
"39122";108;80;10;70;34;36
"39123";55;47;4;43;18;25
"39124";358;304;21;283;164;119
"39126";268;227;18;209;80;129
"39127";87;72;2;70;34;36
"39128";1080;951;66;885;364;521
"39129";272;232;19;213;98;115
"39130";131;120;8;112;54;58
"39131";375;314;24;290;114;176
"39132";33;27;0;27;17;10
"39133";57;52;1;51;20;31
"39134";152;134;9;125;48;77
"39135";103;93;10;83;49;34
"39136";31;29;2;27;17;10
"39137";95;87;5;82;36;46
"39138";249;211;13;198;91;107
"39139";63;60;3;57;28;29
"39140";37;36;2;34;12;22
"39141";195;174;11;163;99;64
"39142";128;109;7;102;42;60
"39143";32;27;2;25;12;13
"39145";261;246;19;227;93;134
"39146";397;344;18;326;204;122
"39147";84;76;5;71;30;41
"39148";60;48;5;43;25;18
"39149";257;230;14;216;119;97
"39150";744;629;34;595;292;303
"39151";118;101;9;92;56;36
"39153";646;577;50;527;261;266
"39154";1021;873;54;819;403;416
"39155";71;61;6;55;17;38
"39156";211;175;9;166;70;96
"39157";42;38;1;37;24;13
"39158";133;123;7;116;27;89
"39159";205;163;22;141;67;74
"39160";612;523;42;481;253;228
"39161";53;46;1;45;18;27
"39162";184;159;11;148;59;89
"39163";81;71;8;63;31;32
"39164";609;506;34;472;260;212
"39165";55;52;2;50;25;25
"39166";196;165;16;149;74;75
"39167";258;223;15;208;93;115
"39168";43;34;2;32;12;20
"39169";493;440;20;420;229;191
"39170";691;565;48;517;264;253
"39171";726;632;52;580;288;292
"39172";160;127;8;119;77;42
"39173";869;697;31;666;334;332
"39174";72;62;1;61;28;33
"39175";67;61;8;53;16;37
"39176";379;333;18;315;173;142
"39177";450;386;30;356;192;164
"39178";73;66;7;59;18;41
"39179";199;173;15;158;77;81
"39180";224;194;17;177;83;94
"39182";494;449;37;412;231;181
"39183";500;441;31;410;210;200
"39184";183;157;10;147;68;79
"39185";324;277;27;250;112;138
"39186";265;232;26;206;88;118
"39187";166;152;7;145;38;107
"39188";235;199;12;187;83;104
"39189";2164;1694;123;1571;929;642
"39190";813;681;53;628;304;324
"39191";80;76;4;72;31;41
"39192";63;55;4;51;28;23
"39193";691;597;47;550;257;293
"39194";372;321;17;304;146;158
"39195";60;53;3;50;9;41
"39196";95;90;11;79;50;29
"39197";303;262;34;228;104;124
"39198";15607;12485;800;11685;6504;5181
"39199";725;624;39;585;264;321
"39200";166;152;11;141;62;79
"39201";228;196;16;180;85;95
"39202";92;77;3;74;24;50
"39203";66;61;1;60;25;35
"39204";35;33;1;32;10;22
"39205";297;242;17;225;122;103
"39206";146;136;6;130;34;96
"39207";62;58;5;53;20;33
"39208";119;104;4;100;48;52
"39209";132;107;12;95;46;49
"39210";415;363;38;325;150;175
"39211";214;191;21;170;81;89
"39213";17;17;2;15;8;7
"39214";84;78;8;70;27;43
"39215";57;48;7;41;22;19
"39216";235;183;8;175;104;71
"39217";493;433;20;413;234;179
"39218";316;273;20;253;146;107
"39219";445;389;33;356;167;189
"39220";294;272;17;255;120;135
"39221";25;19;3;16;3;13
"39222";70;67;1;66;30;36
"39223";147;131;7;124;55;69
"39224";84;71;4;67;46;21
"39225";171;139;11;128;57;71
"39226";28;27;6;21;15;6
"39227";190;158;9;149;61;88
"39228";830;681;42;639;245;394
"39229";159;142;8;134;85;49
"39230";57;53;4;49;12;37
"39232";325;271;23;248;104;144
"39233";1396;1195;85;1110;647;463
"39234";68;57;6;51;27;24
"39235";754;594;65;529;301;228
"39236";29;25;1;24;11;13
"39237";39;30;8;22;6;16
"39238";100;89;7;82;49;33
"39239";36;33;2;31;14;17
"39240";132;113;12;101;43;58
"39241";283;258;16;242;120;122
"39243";70;59;7;52;26;26
"39244";144;125;14;111;62;49
"39245";248;213;19;194;96;98
"39246";258;229;22;207;101;106
"39247";56;46;3;43;9;34
"39248";34;31;7;24;15;9
"39249";61;50;6;44;19;25
"39250";120;98;8;90;48;42
"39251";310;262;21;241;125;116
"39252";468;411;28;383;195;188
"39253";242;213;12;201;90;111
"39254";97;87;8;79;33;46
"39255";160;126;7;119;52;67
"39258";371;317;26;291;111;180
"39259";36;29;4;25;16;9
"39260";105;93;6;87;47;40
"39261";130;116;9;107;56;51
"39262";106;89;4;85;30;55
"39263";323;260;24;236;126;110
"39264";168;144;12;132;62;70
"39265";162;146;7;139;72;67
"39266";229;197;17;180;87;93
"39267";68;65;4;61;17;44
"39268";54;47;3;44;24;20
"39269";206;175;25;150;62;88
"39270";388;353;26;327;186;141
"39271";272;229;14;215;101;114
"39272";53;45;4;41;13;28
"39273";63;49;4;45;24;21
"39274";196;181;9;172;110;62
"39275";443;376;27;349;207;142
"39277";59;50;2;48;23;25
"39278";134;118;9;109;41;68
"39279";439;372;26;346;176;170
"39280";108;89;4;85;55;30
"39281";61;54;4;50;26;24
"39282";73;68;3;65;35;30
"39283";454;398;24;374;149;225
"39284";101;86;9;77;36;41
"39285";212;177;9;168;81;87
"39286";1204;1012;72;940;476;464
"39287";105;79;9;70;21;49
"39288";290;253;16;237;123;114
"39289";248;207;14;193;83;110
"39290";165;143;9;134;56;78
"39291";188;157;10;147;65;82
"39292";111;105;11;94;47;47
"39293";155;136;20;116;56;60
"39294";160;129;11;118;50;68
"39295";145;129;12;117;54;63
"39296";153;124;6;118;61;57
"39297";932;789;50;739;333;406
"39298";47;41;2;39;12;27
"39299";398;338;23;315;146;169
"39300";11991;8862;488;8374;4622;3752
"39301";130;122;5;117;41;76
"39302";88;73;10;63;26;37
"39303";108;84;8;76;34;42
"39304";237;211;8;203;107;96
"39305";462;416;18;398;149;249
"39306";794;695;42;653;338;315
"39307";218;196;22;174;60;114
"39308";143;132;19;113;41;72
"39309";57;56;0;56;30;26
"39310";360;299;33;266;122;144
"39312";93;82;10;72;23;49
"39313";148;133;7;126;39;87
"39314";69;67;3;64;17;47
"39315";277;253;16;237;108;129
"39317";254;222;19;203;90;113
"39318";151;137;14;123;31;92
"39319";102;87;11;76;47;29
"39320";264;237;22;215;115;100
"39321";137;119;11;108;50;58
"39322";53;47;4;43;23;20
"39323";221;203;13;190;111;79
"39324";23;18;0;18;7;11
"39325";433;374;25;349;225;124
"39326";146;125;9;116;51;65
"39327";622;528;48;480;283;197
"39328";312;255;11;244;95;149
"39329";71;67;9;58;18;40
"39330";112;98;4;94;37;57
"39331";513;450;22;428;143;285
"39332";170;158;17;141;49;92
"39333";1303;1091;48;1043;517;526
"39334";106;92;15;77;34;43
"39335";392;324;23;301;163;138
"39336";90;87;2;85;26;59
"39337";70;55;2;53;22;31
"39338";406;355;34;321;178;143
"39339";446;361;28;333;149;184
"39340";24;20;0;20;2;18
"39341";107;90;4;86;45;41
"39342";116;95;5;90;54;36
"39343";25;20;0;20;12;8
"39344";257;230;22;208;99;109
"39345";347;310;21;289;155;134
"39346";101;84;6;78;37;41
"39347";87;75;10;65;28;37
"39348";362;335;25;310;159;151
"39349";373;344;21;323;189;134
"39350";227;199;15;184;111;73
"39351";142;135;7;128;62;66
"39352";112;99;13;86;34;52
"39353";163;136;9;127;83;44
"39354";257;215;21;194;78;116
"39355";243;213;13;200;76;124
"39356";144;129;12;117;48;69
"39359";21;21;3;18;1;17
"39360";151;122;5;117;78;39
"39361";145;130;8;122;77;45
"39362";2156;1834;118;1716;923;793
"39363";105;86;7;79;33;46
"39364";337;305;17;288;92;196
"39365";860;759;36;723;328;395
"39366";176;150;12;138;48;90
"39367";1798;1447;95;1352;539;813
"39368";2335;1756;113;1643;815;828
"39370";751;605;41;564;304;260
"39371";249;217;26;191;62;129
"39372";71;64;1;63;24;39
"39373";145;128;7;121;36;85
"39375";74;65;5;60;30;30
"39376";48;43;4;39;16;23
"39377";134;113;7;106;43;63
"39378";249;218;15;203;84;119
"39379";424;364;34;330;174;156
"39380";45;35;2;33;8;25
"39381";82;69;2;67;23;44
"39382";60;47;1;46;23;23
"39385";353;298;29;269;139;130
"39386";58;45;5;40;26;14
"39387";172;144;11;133;67;66
"39388";199;176;7;169;61;108
"39389";460;391;25;366;138;228
"39390";186;167;18;149;78;71
"39391";246;215;17;198;78;120
"39392";155;132;12;120;54;66
"39393";50;41;1;40;8;32
"39394";68;63;6;57;27;30
"39395";161;136;8;128;66;62
"39396";699;586;37;549;290;259
"39397";1119;955;60;895;401;494
"39398";245;210;20;190;94;96
"39399";249;209;16;193;85;108
"39400";120;106;8;98;40;58
"39401";186;161;14;147;73;74
"39402";249;210;19;191;91;100
"39403";186;163;16;147;93;54
"39404";386;333;21;312;174;138
"39405";746;638;65;573;279;294
"39406";197;175;12;163;66;97
"39407";276;249;17;232;118;114
"39408";115;95;9;86;22;64
"39409";116;97;0;97;50;47
"39411";1166;1003;72;931;492;439
"39412";224;190;17;173;78;95
"39413";256;218;13;205;118;87
"39414";87;77;6;71;42;29
"39415";890;682;53;629;310;319
"39417";129;113;10;103;37;66
"39418";75;69;4;65;22;43
"39419";48;46;2;44;19;25
"39420";158;134;12;122;50;72
"39421";245;218;15;203;96;107
"39422";467;402;32;370;202;168
"39423";101;90;9;81;41;40
"39424";143;121;15;106;64;42
"39425";80;73;7;66;38;28
"39426";228;192;13;179;80;99
"39427";53;49;3;46;18;28
"39428";22;19;2;17;9;8
"39429";322;254;24;230;111;119
"39430";76;69;3;66;32;34
"39431";226;197;19;178;73;105
"39432";80;67;2;65;32;33
"39434";2755;2214;144;2070;1116;954
"39435";475;410;27;383;172;211
"39436";135;121;2;119;55;64
"39437";177;151;7;144;72;72
"39438";69;61;5;56;23;33
"39439";382;332;20;312;140;172
"39440";322;270;14;256;171;85
"39441";748;624;61;563;211;352
"39442";221;199;16;183;106;77
"39443";97;77;13;64;21;43
"39444";52;47;3;44;28;16
"39445";239;206;20;186;102;84
"39446";193;175;9;166;84;82
"39447";188;167;12;155;99;56
"39448";442;383;24;359;175;184
"39449";173;157;17;140;71;69
"39451";302;268;26;242;125;117
"39452";300;252;18;234;112;122
"39453";329;295;16;279;155;124
"39454";76;63;3;60;27;33
"39455";49;45;12;33;22;11
"39456";246;203;15;188;78;110
"39457";33;30;2;28;8;20
"39458";220;184;15;169;95;74
"39460";162;141;23;118;49;69
"39461";81;74;4;70;26;44
"39462";469;403;32;371;195;176
"39463";192;174;19;155;65;90
"39464";162;142;6;136;80;56
"39465";151;121;19;102;60;42
"39466";135;112;10;102;57;45
"39467";143;122;15;107;53;54
"39468";110;93;12;81;42;39
"39469";78;71;7;64;27;37
"39470";2172;1787;111;1676;557;1119
"39471";551;480;34;446;215;231
"39472";158;138;18;120;59;61
"39473";87;81;8;73;17;56
"39474";246;212;19;193;85;108
"39475";1596;1286;73;1213;645;568
"39476";1249;1105;74;1031;525;506
"39477";177;158;8;150;65;85
"39478";6112;4765;271;4494;2484;2010
"39479";174;163;8;155;77;78
"39480";221;196;17;179;105;74
"39481";307;268;28;240;86;154
"39482";405;348;21;327;132;195
"39483";78;71;6;65;27;38
"39484";134;122;8;114;55;59
"39485";306;275;17;258;107;151
"39486";113;96;4;92;53;39
"39487";1198;992;78;914;438;476
"39488";259;220;20;200;95;105
"39489";381;317;13;304;164;140
"39490";218;197;20;177;62;115
"39491";1537;1244;89;1155;629;526
"39492";173;154;13;141;73;68
"39493";202;166;12;154;77;77
"39494";259;219;11;208;67;141
"39495";58;44;2;42;25;17
"39497";93;82;5;77;36;41
"39498";437;368;30;338;165;173
"39499";147;127;6;121;64;57
"39500";1977;1529;89;1440;782;658
"39501";595;519;25;494;273;221
"39502";243;214;15;199;87;112
"39503";252;229;14;215;106;109
"39504";180;163;16;147;53;94
"39505";49;41;4;37;9;28
"39506";105;90;2;88;34;54
"39507";76;71;4;67;26;41
"39508";555;448;56;392;196;196
"39509";38;29;2;27;11;16
"39510";532;440;36;404;224;180
"39511";48;41;2;39;26;13
"39512";45;41;2;39;22;17
"39513";183;161;9;152;75;77
"39514";135;114;9;105;63;42
"39517";414;366;27;339;166;173
"39518";57;48;4;44;26;18
"39519";124;108;8;100;50;50
"39520";385;330;24;306;123;183
"39522";88;78;4;74;39;35
"39523";156;147;13;134;66;68
"39525";264;215;22;193;93;100
"39526";3168;2574;164;2410;1238;1172
"39527";96;81;12;69;34;35
"39528";302;260;16;244;102;142
"39529";54;42;2;40;3;37
"39530";485;393;28;365;146;219
"39531";165;143;12;131;58;73
"39532";44;36;2;34;14;20
"39533";178;157;12;145;82;63
"39534";175;158;13;145;65;80
"39535";359;310;20;290;137;153
"39537";335;280;22;258;134;124
"39538";48;45;1;44;16;28
"39539";217;197;12;185;74;111
"39540";150;134;12;122;34;88
"39542";63;54;5;49;22;27
"39543";168;155;15;140;49;91
"39544";39;39;0;39;22;17
"39545";137;126;9;117;57;60
"39546";248;216;12;204;105;99
"39547";528;446;45;401;151;250
"39548";74;63;3;60;25;35
"39549";212;178;13;165;87;78
"39550";150;130;5;125;68;57
"39551";112;95;7;88;38;50
"39552";251;216;19;197;109;88
"39553";222;201;6;195;74;121
"39554";166;139;10;129;54;75
"39555";175;154;18;136;59;77
"39556";65;59;6;53;33;20
"39557";195;164;12;152;67;85
"39558";199;164;13;151;75;76
"39559";311;268;19;249;155;94
"39560";485;409;25;384;199;185
"39561";307;248;12;236;92;144
"39562";156;133;11;122;67;55
"39564";118;96;3;93;49;44
"39565";64;56;4;52;23;29
"39566";75;65;6;59;20;39
"39567";226;212;14;198;94;104
"39568";43;36;2;34;15;19
"39569";387;330;14;316;131;185
"39570";176;142;10;132;70;62
"39571";163;143;8;135;67;68
"39572";280;245;19;226;123;103
"39573";584;504;44;460;255;205
"39574";589;526;40;486;224;262
"39575";67;53;5;48;33;15
"39576";302;258;19;239;137;102
"39577";247;223;21;202;101;101
"39579";761;638;35;603;156;447
"39581";205;176;9;167;83;84
"39582";635;555;25;530;224;306
"39583";102;86;11;75;33;42
"39584";124;110;3;107;52;55
"39585";32;27;1;26;12;14
"39586";41;31;2;29;11;18
"40001";4576;3890;272;3618;2052;1566
"40002";1174;1028;58;970;552;418
"40003";214;187;15;172;117;55
"40004";1262;1074;61;1013;521;492
"40005";155;143;11;132;67;65
"40006";597;526;31;495;314;181
"40007";150;133;9;124;76;48
"40008";72;65;5;60;32;28
"40009";151;136;5;131;97;34
"40011";285;256;18;238;144;94
"40012";186;173;15;158;85;73
"40013";96;82;6;76;31;45
"40014";281;243;20;223;163;60
"40015";67;61;2;59;32;27
"40016";217;199;12;187;134;53
"40017";319;276;21;255;153;102
"40018";271;241;11;230;139;91
"40019";710;646;46;600;358;242
"40020";519;459;36;423;249;174
"40021";531;477;28;449;257;192
"40022";298;256;21;235;94;141
"40023";278;236;10;226;144;82
"40024";208;191;11;180;112;68
"40025";708;619;44;575;312;263
"40026";263;246;17;229;131;98
"40027";102;99;12;87;43;44
"40028";226;199;7;192;132;60
"40029";221;196;20;176;99;77
"40030";49;42;2;40;13;27
"40031";885;758;53;705;473;232
"40032";140;126;8;118;59;59
"40033";114;98;7;91;37;54
"40034";450;389;27;362;198;164
"40035";421;374;18;356;225;131
"40036";1911;1575;116;1459;760;699
"40037";1250;1056;70;986;466;520
"40038";91;86;5;81;57;24
"40039";109;90;5;85;52;33
"40040";288;244;12;232;121;111
"40041";93;83;5;78;43;35
"40042";206;189;15;174;138;36
"40043";487;443;32;411;257;154
"40044";637;572;37;535;339;196
"40046";10869;8795;520;8275;3742;4533
"40047";238;221;14;207;135;72
"40048";244;224;23;201;128;73
"40049";279;250;22;228;138;90
"40050";136;120;7;113;72;41
"40051";549;489;30;459;276;183
"40052";172;163;12;151;69;82
"40053";282;239;28;211;109;102
"40054";241;217;14;203;137;66
"40055";937;836;62;774;436;338
"40056";619;541;22;519;298;221
"40057";217;188;13;175;110;65
"40058";199;158;15;143;90;53
"40059";515;444;24;420;265;155
"40060";148;127;18;109;55;54
"40061";748;647;34;613;363;250
"40062";244;217;19;198;104;94
"40063";603;509;25;484;277;207
"40064";141;114;10;104;71;33
"40065";6966;5696;270;5426;2703;2723
"40066";419;374;26;348;237;111
"40067";541;470;25;445;328;117
"40068";388;337;21;316;204;112
"40069";279;242;11;231;145;86
"40070";322;298;14;284;165;119
"40071";457;395;23;372;249;123
"40072";166;137;9;128;60;68
"40073";104;93;15;78;50;28
"40074";377;329;23;306;202;104
"40075";1528;1270;71;1199;692;507
"40076";312;273;35;238;139;99
"40077";521;472;24;448;315;133
"40078";333;289;21;268;177;91
"40079";122;108;3;105;41;64
"40080";791;677;45;632;319;313
"40081";299;264;23;241;129;112
"40082";184;163;9;154;66;88
"40083";113;106;3;103;56;47
"40084";608;541;37;504;239;265
"40085";352;292;15;277;194;83
"40086";327;274;16;258;166;92
"40087";270;234;27;207;119;88
"40088";14315;11432;612;10820;5558;5262
"40089";688;611;29;582;360;222
"40090";357;319;19;300;173;127
"40091";533;473;18;455;284;171
"40092";195;178;6;172;110;62
"40093";224;197;19;178;109;69
"40094";472;422;20;402;240;162
"40095";481;434;27;407;256;151
"40096";76;59;1;58;25;33
"40097";384;345;11;334;159;175
"40098";315;276;20;256;160;96
"40099";253;228;14;214;132;82
"40100";304;263;16;247;163;84
"40101";363;333;28;305;191;114
"40102";949;835;61;774;402;372
"40103";447;385;21;364;234;130
"40104";825;712;48;664;417;247
"40105";286;256;13;243;137;106
"40106";159;145;5;140;85;55
"40107";266;235;17;218;155;63
"40108";503;441;37;404;201;203
"40109";372;336;24;312;180;132
"40110";516;431;26;405;221;184
"40111";574;490;15;475;265;210
"40112";88;80;3;77;50;27
"40113";436;383;30;353;205;148
"40114";286;259;15;244;139;105
"40115";193;179;13;166;111;55
"40116";216;200;21;179;116;63
"40117";1933;1562;118;1444;696;748
"40118";1118;975;44;931;545;386
"40119";3664;3207;184;3023;1790;1233
"40120";434;391;26;365;196;169
"40121";188;174;15;159;115;44
"40122";730;651;44;607;351;256
"40123";834;751;53;698;402;296
"40124";105;90;7;83;35;48
"40125";1052;946;44;902;568;334
"40126";1297;1157;61;1096;611;485
"40127";478;426;43;383;212;171
"40128";544;496;21;475;293;182
"40129";615;527;51;476;276;200
"40130";112;100;10;90;53;37
"40131";555;470;27;443;216;227
"40132";992;841;38;803;518;285
"40133";3489;3004;175;2829;1560;1269
"40134";1834;1506;99;1407;851;556
"40135";583;478;33;445;252;193
"40136";115;101;8;93;44;49
"40137";195;177;10;167;93;74
"40138";201;176;12;164;99;65
"40139";454;414;24;390;208;182
"40140";165;147;19;128;72;56
"40141";239;215;13;202;131;71
"40142";651;529;50;479;299;180
"40143";254;225;14;211;134;77
"40144";205;187;14;173;131;42
"40145";487;425;25;400;166;234
"40146";144;124;7;117;42;75
"40147";293;263;23;240;172;68
"40148";66;56;4;52;18;34
"40149";344;304;20;284;164;120
"40150";1590;1372;73;1299;737;562
"40151";267;242;23;219;141;78
"40152";808;703;49;654;439;215
"40153";193;170;12;158;77;81
"40154";255;229;11;218;119;99
"40155";1004;910;54;856;533;323
"40156";342;282;21;261;141;120
"40157";1382;1192;68;1124;576;548
"40158";209;194;7;187;112;75
"40159";221;201;13;188;125;63
"40160";167;146;7;139;103;36
"40161";88;77;7;70;31;39
"40162";375;334;33;301;166;135
"40163";394;335;20;315;177;138
"40164";272;239;17;222;105;117
"40165";266;228;8;220;143;77
"40166";74;70;7;63;37;26
"40167";504;439;23;416;263;153
"40168";1382;1227;73;1154;704;450
"40169";100;89;9;80;44;36
"40170";180;170;7;163;108;55
"40171";104;92;9;83;58;25
"40172";239;203;7;196;87;109
"40173";104;95;7;88;57;31
"40174";64;55;5;50;17;33
"40175";348;318;30;288;150;138
"40176";78;71;4;67;47;20
"40177";278;248;13;235;125;110
"40178";586;501;34;467;243;224
"40179";1374;1202;81;1121;647;474
"40180";862;741;66;675;329;346
"40181";796;683;39;644;376;268
"40182";713;603;31;572;336;236
"40183";825;724;36;688;435;253
"40184";5539;4655;292;4363;2610;1753
"40185";318;272;11;261;98;163
"40186";578;487;38;449;301;148
"40187";783;695;35;660;341;319
"40188";322;301;26;275;145;130
"40189";70;66;1;65;44;21
"40190";304;270;14;256;166;90
"40191";505;459;16;443;267;176
"40192";21696;16784;1046;15738;8826;6912
"40193";55;48;3;45;27;18
"40194";861;749;41;708;426;282
"40195";440;385;25;360;194;166
"40196";473;401;14;387;194;193
"40197";3433;2886;126;2760;1985;775
"40198";138;124;1;123;87;36
"40199";197;173;8;165;120;45
"40200";472;379;38;341;211;130
"40201";1028;893;43;850;604;246
"40202";2279;1964;127;1837;1025;812
"40203";271;248;13;235;149;86
"40204";216;193;10;183;143;40
"40205";204;172;13;159;101;58
"40206";255;219;11;208;119;89
"40207";1010;893;63;830;447;383
"40208";283;249;11;238;154;84
"40209";3486;3021;172;2849;1697;1152
"40210";775;658;24;634;375;259
"40211";499;444;20;424;252;172
"40212";737;591;44;547;361;186
"40213";427;373;18;355;205;150
"40214";388;335;25;310;196;114
"40215";210;195;13;182;126;56
"40216";164;150;12;138;66;72
"40217";4040;3420;225;3195;1759;1436
"40218";372;340;28;312;181;131
"40219";81;74;8;66;36;30
"40220";148;119;7;112;63;49
"40221";273;248;15;233;166;67
"40222";541;460;34;426;267;159
"40223";184;157;10;147;106;41
"40224";2530;2038;139;1899;1051;848
"40225";181;155;11;144;70;74
"40226";183;157;10;147;81;66
"40227";1095;930;40;890;546;344
"40228";1142;1015;65;950;565;385
"40229";1090;907;54;853;511;342
"40230";1895;1637;114;1523;1036;487
"40231";645;579;22;557;305;252
"40232";179;167;19;148;84;64
"40233";2370;2023;116;1907;1069;838
"40234";620;523;34;489;272;217
"40235";464;403;18;385;279;106
"40236";644;582;30;552;358;194
"40237";524;425;24;401;288;113
"40238";487;416;27;389;205;184
"40239";90;80;3;77;31;46
"40240";425;358;18;340;201;139
"40242";71;67;3;64;42;22
"40243";1867;1604;104;1500;1013;487
"40244";848;738;37;701;443;258
"40245";1451;1245;62;1183;690;493
"40246";863;743;33;710;505;205
"40247";161;141;6;135;48;87
"40248";1179;1027;50;977;586;391
"40249";427;391;11;380;308;72
"40250";449;397;26;371;185;186
"40251";257;232;19;213;129;84
"40252";514;441;27;414;255;159
"40253";471;427;14;413;264;149
"40254";291;250;12;238;129;109
"40255";335;300;18;282;125;157
"40256";498;443;34;409;250;159
"40257";916;774;52;722;417;305
"40258";187;170;13;157;89;68
"40259";331;292;27;265;117;148
"40260";270;246;22;224;157;67
"40261";1705;1448;99;1349;764;585
"40262";254;222;9;213;131;82
"40263";289;256;13;243;178;65
"40264";995;857;45;812;486;326
"40265";105;95;1;94;57;37
"40266";1215;1089;47;1042;619;423
"40267";816;686;64;622;314;308
"40268";426;377;30;347;188;159
"40269";905;798;44;754;434;320
"40270";356;312;27;285;94;191
"40271";796;686;55;631;400;231
"40272";925;808;39;769;481;288
"40273";3746;3233;161;3072;1759;1313
"40274";925;795;63;732;388;344
"40275";473;420;27;393;197;196
"40276";245;214;13;201;100;101
"40277";572;507;19;488;247;241
"40278";668;595;37;558;337;221
"40279";8942;7639;428;7211;4274;2937
"40280";1171;968;55;913;518;395
"40281";6685;5555;366;5189;2843;2346
"40282";3738;3179;202;2977;1551;1426
"40283";2116;1828;105;1723;1055;668
"40284";5486;4691;233;4458;2519;1939
"40285";484;417;38;379;237;142
"40286";868;738;50;688;371;317
"40287";2802;2344;146;2198;1005;1193
"40288";831;732;48;684;448;236
"40289";156;140;8;132;70;62
"40290";88;72;7;65;38;27
"40291";1068;915;53;862;435;427
"40292";1030;908;57;851;511;340
"40293";639;572;37;535;319;216
"40294";1207;1098;58;1040;572;468
"40295";619;517;26;491;258;233
"40296";2775;2332;115;2217;1028;1189
"40297";169;145;8;137;98;39
"40298";316;290;20;270;136;134
"40299";163;151;5;146;112;34
"40300";639;547;26;521;333;188
"40301";84;73;3;70;54;16
"40302";150;131;3;128;87;41
"40303";232;191;11;180;105;75
"40304";3597;3016;116;2900;1031;1869
"40305";133;110;1;109;46;63
"40306";516;455;28;427;283;144
"40307";743;668;49;619;383;236
"40308";698;623;28;595;325;270
"40309";857;742;62;680;466;214
"40310";5913;5030;289;4741;2722;2019
"40311";400;363;26;337;209;128
"40312";9546;7886;445;7441;4929;2512
"40313";2339;1951;112;1839;1163;676
"40314";905;788;49;739;361;378
"40315";529;451;28;423;265;158
"40316";610;544;35;509;319;190
"40317";1926;1613;78;1535;783;752
"40318";224;204;15;189;121;68
"40319";232;197;10;187;103;84
"40320";435;377;33;344;184;160
"40321";211;180;9;171;78;93
"40322";126;114;9;105;64;41
"40323";189;166;11;155;84;71
"40324";199;174;15;159;112;47
"40325";248;212;10;202;117;85
"40326";1060;945;41;904;551;353
"40327";201;172;8;164;110;54
"40328";1506;1281;70;1211;593;618
"40329";384;345;21;324;162;162
"40330";222;196;16;180;101;79
"40331";1775;1458;104;1354;779;575
"40332";1480;1256;82;1174;598;576
"40333";982;822;61;761;486;275
"40334";336;284;15;269;162;107
"41001";142;119;16;103;33;70
"41002";674;552;42;510;209;301
"41003";457;401;24;377;193;184
"41004";222;199;14;185;61;124
"41005";97;84;3;81;16;65
"41006";313;270;20;250;119;131
"41007";519;427;28;399;180;219
"41008";501;442;30;412;186;226
"41009";542;461;29;432;196;236
"41010";737;670;58;612;342;270
"41011";35;30;2;28;17;11
"41012";214;188;19;169;72;97
"41013";238;204;23;181;64;117
"41014";142;116;8;108;52;56
"41015";53;41;1;40;12;28
"41016";699;569;58;511;211;300
"41017";523;457;34;423;137;286
"41018";29190;22002;1157;20845;11817;9028
"41019";79;69;4;65;19;46
"41020";418;345;28;317;187;130
"41022";155;131;11;120;37;83
"41023";525;418;21;397;159;238
"41024";193;169;10;159;79;80
"41025";960;820;63;757;317;440
"41026";127;114;9;105;24;81
"41027";99;91;5;86;37;49
"41028";297;269;20;249;116;133
"41029";1085;952;76;876;447;429
"41030";213;183;16;167;92;75
"41031";1858;1641;109;1532;661;871
"41032";1745;1529;86;1443;738;705
"41033";665;587;36;551;282;269
"41034";118;107;11;96;41;55
"41035";458;392;28;364;170;194
"41036";355;311;27;284;107;177
"41037";136;106;5;101;38;63
"41038";324;264;23;241;111;130
"41039";505;441;39;402;162;240
"41040";541;468;36;432;196;236
"41041";157;143;7;136;44;92
"41042";430;366;24;342;174;168
"41043";1242;1105;90;1015;505;510
"41044";844;698;54;644;354;290
"41045";821;693;45;648;333;315
"41046";884;760;52;708;257;451
"41047";3290;2803;172;2631;1270;1361
"41048";182;159;21;138;62;76
"41049";768;620;38;582;191;391
"41050";765;669;40;629;248;381
"41051";807;672;40;632;331;301
"41052";787;660;46;614;270;344
"41053";439;369;25;344;103;241
"41054";226;196;22;174;81;93
"41055";1574;1344;84;1260;679;581
"41056";145;116;12;104;36;68
"41057";140;112;6;106;32;74
"41058";121;103;5;98;51;47
"41059";2581;2049;137;1912;896;1016
"41060";498;416;29;387;185;202
"41061";1013;866;70;796;400;396
"41062";441;366;13;353;158;195
"41063";469;385;30;355;179;176
"41064";259;223;16;207;83;124
"41065";410;361;32;329;154;175
"41066";342;286;26;260;137;123
"41067";2095;1797;82;1715;668;1047
"41068";361;289;20;269;93;176
"41069";279;233;12;221;115;106
"41070";363;316;19;297;131;166
"41071";377;325;22;303;148;155
"41072";330;275;19;256;132;124
"41073";511;425;24;401;204;197
"41074";963;811;55;756;313;443
"41075";740;629;52;577;229;348
"41077";98;77;3;74;41;33
"41078";499;416;37;379;168;211
"41079";86;77;7;70;26;44
"41080";990;833;67;766;348;418
"41081";188;154;9;145;61;84
"41082";477;429;50;379;174;205
"41083";440;352;20;332;142;190
"41084";814;704;51;653;316;337
"41085";830;696;29;667;279;388
"41086";459;379;32;347;148;199
"41087";326;281;18;263;138;125
"41088";175;161;7;154;59;95
"41089";173;152;4;148;57;91
"41090";207;178;17;161;78;83
"41091";879;780;59;721;362;359
"41092";591;494;29;465;209;256
"41093";211;186;19;167;70;97
"41094";869;745;47;698;305;393
"41095";835;666;44;622;313;309
"41096";265;225;19;206;79;127
"41097";1408;1168;91;1077;481;596
"41098";150;125;16;109;47;62
"41099";402;357;27;330;130;200
"41100";163;138;4;134;35;99
"41101";832;678;48;630;271;359
"41102";296;255;21;234;116;118
"41103";309;275;30;245;93;152
"41104";1746;1470;107;1363;658;705
"41105";673;542;32;510;235;275
"41106";3417;2771;177;2594;1246;1348
"41107";378;321;15;306;129;177
"41108";107;95;9;86;41;45
"41109";529;424;36;388;189;199
"41110";640;537;37;500;241;259
"41112";205;173;6;167;70;97
"41113";221;176;9;167;74;93
"41114";183;154;8;146;75;71
"41115";345;295;17;278;121;157
"41116";164;146;5;141;50;91
"41118";172;153;8;145;52;93
"41119";257;212;10;202;82;120
"41120";1044;872;73;799;371;428
"41121";29;26;0;26;6;20
"41122";193;164;10;154;55;99
"41123";387;320;26;294;156;138
"41124";245;227;19;208;93;115
"41125";674;558;22;536;231;305
"41126";887;748;40;708;345;363
"41127";328;267;27;240;90;150
"41128";537;465;25;440;233;207
"41129";516;447;31;416;222;194
"41130";476;405;30;375;162;213
"41131";725;629;63;566;277;289
"41132";253;213;24;189;76;113
"41133";201;165;7;158;64;94
"41134";506;433;22;411;168;243
"41135";698;578;48;530;242;288
"41136";4040;3357;233;3124;1633;1491
"41137";428;348;11;337;178;159
"41138";239;214;21;193;90;103
"41139";903;729;53;676;272;404
"41140";581;508;32;476;167;309
"41141";226;183;13;170;68;102
"41142";692;605;28;577;273;304
"41143";1069;907;73;834;312;522
"41144";602;520;44;476;246;230
"41145";557;473;40;433;232;201
"41146";743;620;32;588;246;342
"41147";1273;1084;85;999;505;494
"41148";1050;911;66;845;386;459
"41149";3262;2625;196;2429;1122;1307
"41150";2738;2355;147;2208;1100;1108
"41151";2324;1855;95;1760;778;982
"41152";490;424;23;401;122;279
"41153";115;103;9;94;38;56
"41154";843;694;48;646;244;402
"41155";1038;847;60;787;383;404
"41156";369;328;21;307;129;178
"41157";1004;861;54;807;315;492
"41158";1744;1444;104;1340;654;686
"41159";966;804;65;739;270;469
"41160";286;241;8;233;88;145
"41161";1721;1457;100;1357;546;811
"41163";103;88;8;80;24;56
"41164";2071;1692;127;1565;730;835
"41165";86;76;4;72;27;45
"41166";290;255;16;239;114;125
"41167";2617;2207;167;2040;949;1091
"41168";194;165;19;146;88;58
"41169";741;646;47;599;317;282
"41170";683;601;30;571;277;294
"41171";1133;937;39;898;324;574
"41172";177;150;16;134;43;91
"41173";1334;1157;87;1070;439;631
"41174";177;160;13;147;61;86
"41175";839;726;51;675;309;366
"41176";666;570;41;529;187;342
"41177";161;142;10;132;60;72
"41178";65;54;4;50;18;32
"41179";201;173;12;161;50;111
"41180";1200;1017;59;958;365;593
"41181";633;545;35;510;244;266
"41182";194;166;4;162;61;101
"41183";187;153;16;137;53;84
"41184";493;406;32;374;164;210
"41185";1814;1552;92;1460;605;855
"41186";243;219;17;202;98;104
"41187";133;117;5;112;48;64
"41188";84;73;2;71;25;46
"41189";270;238;14;224;105;119
"41190";156;139;7;132;66;66
"41191";65;50;1;49;16;33
"41192";250;199;19;180;116;64
"41193";147;116;14;102;39;63
"41194";12483;9668;650;9018;4423;4595
"41195";117;100;10;90;28;62
"41196";71;66;4;62;28;34
"41197";240;217;11;206;102;104
"41198";2146;1690;95;1595;792;803
"41199";822;675;37;638;265;373
"41200";279;263;19;244;127;117
"41201";244;210;21;189;84;105
"41202";104;84;6;78;20;58
"41203";350;314;21;293;156;137
"41204";1292;1126;79;1047;512;535
"41205";180;150;8;142;69;73
"41206";662;592;39;553;220;333
"41207";892;773;49;724;366;358
"41208";100;88;6;82;26;56
"41209";608;510;41;469;222;247
"41210";90;84;1;83;25;58
"41211";1813;1542;112;1430;642;788
"41212";2589;2207;149;2058;1073;985
"41213";105;82;8;74;26;48
"41214";540;436;36;400;164;236
"41215";84;76;8;68;30;38
"41216";362;302;22;280;134;146
"41217";584;516;46;470;235;235
"41218";629;523;40;483;229;254
"41219";249;215;15;200;88;112
"41220";3051;2550;180;2370;1235;1135
"41221";527;449;27;422;199;223
"41222";266;220;21;199;106;93
"41223";583;503;51;452;235;217
"41224";174;144;4;140;48;92
"41225";546;472;44;428;126;302
"41226";2686;2288;168;2120;1123;997
"41228";258;233;17;216;100;116
"41229";1175;975;93;882;415;467
"41230";1432;1249;115;1134;611;523
"41231";1029;867;56;811;333;478
"41232";4392;3458;234;3224;1640;1584
"41233";719;604;35;569;247;322
"41234";212;201;10;191;60;131
"41235";835;715;64;651;277;374
"41236";74;71;5;66;26;40
"41237";716;584;45;539;301;238
"41238";1696;1340;118;1222;544;678
"41239";943;807;54;753;384;369
"41240";84;81;5;76;29;47
"41241";974;805;73;732;325;407
"41242";3167;2520;174;2346;1152;1194
"41243";587;491;36;455;186;269
"41244";89;77;4;73;29;44
"41245";265;223;13;210;80;130
"41246";381;334;22;312;142;170
"41247";1044;880;57;823;302;521
"41248";458;390;26;364;137;227
"41249";988;822;54;768;342;426
"41250";390;320;25;295;133;162
"41251";403;361;28;333;141;192
"41252";1201;1052;90;962;508;454
"41253";231;185;6;179;93;86
"41254";165;141;8;133;47;86
"41255";268;230;12;218;102;116
"41256";1063;877;70;807;371;436
"41257";656;553;36;517;235;282
"41258";899;741;59;682;329;353
"41259";664;581;38;543;326;217
"41260";325;263;16;247;90;157
"41261";104;89;10;79;22;57
"41262";756;661;55;606;235;371
"41263";111;91;4;87;45;42
"41264";127;109;8;101;39;62
"41265";297;257;12;245;109;136
"41266";70;59;1;58;19;39
"41267";588;509;31;478;199;279
"41268";148;136;12;124;32;92
"41269";11078;8866;558;8308;4302;4006
"41270";371;317;21;296;116;180
"41271";458;393;21;372;137;235
"41272";147;130;2;128;51;77
"41273";445;377;31;346;142;204
"41274";119;97;4;93;43;50
"41275";873;719;37;682;317;365
"41276";1872;1542;99;1443;763;680
"41277";113;101;6;95;19;76
"41278";228;189;13;176;71;105
"41279";355;268;17;251;114;137
"41280";1890;1562;150;1412;670;742
"41281";329;283;26;257;134;123
"41282";323;291;14;277;117;160
"41283";214;189;19;170;81;89
"41284";53;48;4;44;17;27
"41285";327;297;11;286;86;200
"41286";119;101;9;92;34;58
"41287";418;364;26;338;159;179
"41288";615;514;43;471;225;246
"41289";256;210;16;194;77;117
"41290";181;161;10;151;61;90
"41291";232;201;10;191;71;120
"41292";175;147;10;137;52;85
"41293";194;173;11;162;68;94
"41294";993;856;41;815;357;458
"41295";5565;4676;296;4380;2276;2104
"41296";1013;873;39;834;367;467
"41297";485;412;19;393;158;235
"42001";287;251;20;231;138;93
"42002";135;117;3;114;65;49
"42003";1512;1242;84;1158;643;515
"42004";257;216;21;195;75;120
"42005";5821;4666;258;4408;2186;2222
"42006";337;282;16;266;109;157
"42007";155;126;7;119;57;62
"42008";99;84;7;77;32;45
"42009";421;349;33;316;159;157
"42010";1138;997;54;943;344;599
"42011";1978;1607;135;1472;697;775
"42012";543;451;31;420;221;199
"42013";1262;1059;74;985;450;535
"42014";218;178;18;160;66;94
"42015";1264;1034;73;961;407;554
"42016";355;305;24;281;135;146
"42017";372;344;23;321;171;150
"42018";295;248;13;235;102;133
"42019";2261;1844;122;1722;1006;716
"42020";699;608;50;558;226;332
"42021";880;744;68;676;363;313
"42022";2907;2424;164;2260;1147;1113
"42023";2326;1908;139;1769;823;946
"42025";152;135;8;127;42;85
"42026";1303;1108;68;1040;560;480
"42027";301;260;19;241;103;138
"42028";311;273;14;259;150;109
"42029";1029;859;95;764;358;406
"42030";369;323;23;300;169;131
"42031";285;250;15;235;90;145
"42032";1197;1063;80;983;399;584
"42033";536;462;25;437;156;281
"42034";102;91;2;89;44;45
"42035";144;126;16;110;66;44
"42036";358;303;24;279;128;151
"42037";424;367;24;343;159;184
"42038";473;416;18;398;152;246
"42039";451;356;19;337;116;221
"42040";57;48;5;43;33;10
"42041";351;311;24;287;108;179
"42042";767;659;37;622;247;375
"42043";1271;1128;56;1072;458;614
"42044";8090;6357;485;5872;3385;2487
"42045";63;53;4;49;39;10
"42046";1261;1094;85;1009;473;536
"42047";265;227;14;213;117;96
"42048";1163;969;72;897;439;458
"42049";414;342;22;320;160;160
"42050";113;100;7;93;37;56
"42051";353;314;26;288;128;160
"42052";2415;1970;131;1839;959;880
"42053";1211;1016;72;944;427;517
"42054";235;208;11;197;56;141
"42055";95;80;6;74;27;47
"42056";2010;1655;114;1541;688;853
"42058";184;156;18;138;80;58
"42059";3629;3053;188;2865;1203;1662
"42060";368;309;17;292;148;144
"42061";406;343;16;327;122;205
"42062";782;639;34;605;235;370
"42063";325;253;19;234;72;162
"42064";569;489;24;465;180;285
"42065";1068;945;65;880;354;526
"42066";438;379;29;350;147;203
"42067";249;208;25;183;90;93
"42068";297;261;25;236;79;157
"42069";2219;1936;131;1805;865;940
"42070";612;535;51;484;204;280
"42071";4662;3849;244;3605;1753;1852
"42072";87;72;4;68;50;18
"42073";513;413;23;390;158;232
"42074";797;671;40;631;237;394
"42075";824;703;57;646;299;347
"42076";746;618;63;555;227;328
"42077";212;179;16;163;81;82
"42078";233;204;10;194;95;99
"42079";462;382;33;349;133;216
"42081";1058;897;77;820;323;497
"42082";134;114;10;104;38;66
"42083";386;314;18;296;184;112
"42084";125;103;12;91;56;35
"42085";654;565;39;526;215;311
"42086";407;347;21;326;149;177
"42087";995;877;59;818;382;436
"42088";529;424;28;396;141;255
"42089";509;442;22;420;178;242
"42090";364;308;30;278;91;187
"42091";598;480;29;451;160;291
"42092";2071;1808;75;1733;585;1148
"42093";968;877;60;817;372;445
"42094";5540;4415;304;4111;1892;2219
"42095";11453;9015;618;8397;5020;3377
"42096";473;417;24;393;165;228
"42097";3299;2828;171;2657;990;1667
"42098";475;410;30;380;164;216
"42099";2877;2430;181;2249;1311;938
"42100";201;178;4;174;57;117
"42101";134;113;8;105;48;57
"42102";660;606;23;583;204;379
"42103";3026;2400;146;2254;1340;914
"42104";591;495;42;453;154;299
"42105";96;90;1;89;41;48
"42106";236;195;15;180;60;120
"42107";277;221;20;201;129;72
"42108";648;545;42;503;206;297
"42109";118;94;11;83;44;39
"42110";2913;2319;139;2180;1121;1059
"42112";345;291;18;273;129;144
"42113";192;157;5;152;61;91
"42114";102;89;4;85;51;34
"42115";925;802;57;745;307;438
"42116";242;188;9;179;57;122
"42117";81;67;6;61;35;26
"42118";509;420;23;397;165;232
"42119";308;250;21;229;134;95
"42120";1096;982;60;922;392;530
"42121";127;101;13;88;31;57
"42122";1215;1084;72;1012;464;548
"42123";2968;2459;156;2303;1290;1013
"42124";267;228;21;207;109;98
"42125";132;109;5;104;42;62
"42126";784;671;46;625;307;318
"42127";5657;4658;303;4355;2546;1809
"42128";287;253;24;229;102;127
"42129";1201;1018;89;929;460;469
"42130";332;278;13;265;108;157
"42131";259;207;17;190;90;100
"42132";456;390;27;363;179;184
"42133";452;401;25;376;110;266
"42134";964;796;68;728;360;368
"42135";360;317;27;290;92;198
"42136";576;478;39;439;249;190
"42137";491;421;34;387;177;210
"42138";473;423;29;394;155;239
"42139";974;872;58;814;276;538
"42140";329;283;19;264;135;129
"42141";454;398;33;365;165;200
"42142";264;216;9;207;90;117
"42143";262;221;10;211;81;130
"42145";824;701;47;654;268;386
"42146";76;71;1;70;40;30
"42147";10656;8442;549;7893;4131;3762
"42148";394;327;32;295;143;152
"42149";3521;2838;183;2655;1051;1604
"42150";756;657;55;602;296;306
"42151";288;242;11;231;70;161
"42152";370;306;13;293;139;154
"42153";366;332;30;302;127;175
"42154";350;285;24;261;147;114
"42155";709;591;39;552;222;330
"42156";902;749;57;692;304;388
"42157";555;486;34;452;240;212
"42158";148;127;13;114;56;58
"42159";1380;1126;98;1028;544;484
"42160";139;122;14;108;60;48
"42161";434;380;32;348;132;216
"42162";909;771;77;694;300;394
"42163";872;695;35;660;296;364
"42164";59;55;6;49;27;22
"42165";2247;1810;152;1658;742;916
"42166";413;357;13;344;170;174
"42167";256;228;15;213;112;101
"42168";2670;2242;164;2078;1040;1038
"42169";1084;905;88;817;384;433
"42170";1592;1380;110;1270;545;725
"42171";218;183;16;167;52;115
"42172";796;700;40;660;313;347
"42173";286;228;18;210;71;139
"42174";744;638;47;591;224;367
"42175";873;735;56;679;284;395
"42176";1411;1256;94;1162;551;611
"42177";1972;1558;125;1433;699;734
"42178";587;486;38;448;134;314
"42179";644;565;47;518;250;268
"42180";705;595;44;551;243;308
"42181";1027;842;63;779;405;374
"42182";2376;2023;172;1851;882;969
"42183";5061;3650;238;3412;2300;1112
"42184";7929;6560;444;6116;3180;2936
"42185";393;339;16;323;140;183
"42186";7788;6107;320;5787;3615;2172
"42187";21220;17186;1043;16143;8536;7607
"42188";223;201;11;190;58;132
"42189";7552;6105;404;5701;3056;2645
"42191";656;547;40;507;275;232
"42192";351;298;23;275;136;139
"42193";1044;854;43;811;379;432
"42194";186;170;11;159;84;75
"42195";779;676;60;616;404;212
"42196";96;75;3;72;43;29
"42197";772;648;60;588;327;261
"42198";739;624;41;583;284;299
"42199";1534;1356;109;1247;646;601
"42200";1007;839;63;776;336;440
"42201";508;429;34;395;214;181
"42202";539;453;26;427;203;224
"42203";310;238;14;224;135;89
"42204";967;778;40;738;330;408
"42205";618;510;34;476;165;311
"42206";1213;1091;67;1024;274;750
"42207";24005;18248;1340;16908;9184;7724
"42208";1264;1159;51;1108;386;722
"42209";353;298;31;267;89;178
"42210";352;309;27;282;139;143
"42211";1705;1395;85;1310;550;760
"42212";627;549;41;508;236;272
"42213";254;220;27;193;86;107
"42214";636;555;29;526;225;301
"42215";916;787;58;729;349;380
"42216";425;373;31;342;82;260
"42217";367;309;16;293;190;103
"42218";98480;75791;3759;72032;42017;30015
"42219";676;571;52;519;238;281
"42220";386;334;23;311;140;171
"42221";354;310;22;288;105;183
"42222";3906;3309;185;3124;1230;1894
"42223";4357;3644;217;3427;1639;1788
"42224";2057;1785;107;1678;629;1049
"42225";2621;2266;137;2129;1075;1054
"42226";269;231;12;219;94;125
"42227";392;337;21;316;108;208
"42228";1021;858;72;786;443;343
"42229";202;181;14;167;66;101
"42230";1225;975;66;909;446;463
"42231";872;751;60;691;251;440
"42232";421;384;28;356;198;158
"42233";747;626;57;569;270;299
"42234";2796;2412;137;2275;867;1408
"42235";271;239;4;235;83;152
"42236";397;332;26;306;111;195
"42237";4626;3804;261;3543;1866;1677
"42238";313;271;14;257;128;129
"42239";912;807;66;741;342;399
"42240";597;515;42;473;301;172
"42241";347;271;21;250;106;144
"42242";1337;1136;80;1056;530;526
"42243";239;193;6;187;86;101
"42245";360;281;18;263;150;113
"42246";852;719;47;672;406;266
"42247";294;233;22;211;96;115
"42248";931;775;52;723;300;423
"42249";1198;1002;75;927;412;515
"42251";466;396;35;361;133;228
"42252";246;202;25;177;109;68
"42253";836;725;52;673;262;411
"42254";608;514;28;486;198;288
"42255";218;185;26;159;87;72
"42256";3030;2568;219;2349;1109;1240
"42257";678;591;46;545;299;246
"42259";2766;2299;141;2158;1064;1094
"42260";720;575;36;539;192;347
"42261";641;540;45;495;133;362
"42262";1204;1029;75;954;387;567
"42264";788;684;35;649;303;346
"42265";572;497;35;462;213;249
"42266";508;446;43;403;167;236
"42267";1167;1013;72;941;455;486
"42268";259;226;13;213;122;91
"42269";103;96;11;85;33;52
"42270";990;840;51;789;378;411
"42271";2930;2442;189;2253;1179;1074
"42272";1179;938;74;864;458;406
"42273";286;238;19;219;82;137
"42274";191;155;5;150;73;77
"42275";4186;3563;206;3357;1518;1839
"42276";412;339;33;306;155;151
"42277";278;208;22;186;85;101
"42278";136;115;9;106;77;29
"42279";10573;8693;560;8133;3573;4560
"42280";317;279;18;261;114;147
"42281";128;97;10;87;50;37
"42282";234;210;14;196;102;94
"42283";895;755;69;686;249;437
"42284";1156;1032;85;947;444;503
"42285";2646;2157;181;1976;1053;923
"42286";720;639;42;597;292;305
"42287";856;699;65;634;323;311
"42288";585;482;40;442;257;185
"42289";1227;1039;82;957;439;518
"42290";476;422;33;389;196;193
"42291";169;138;9;129;69;60
"42293";783;676;54;622;255;367
"42294";774;662;38;624;233;391
"42295";377;338;20;318;149;169
"42296";413;349;22;327;123;204
"42297";479;403;31;372;130;242
"42298";351;319;24;295;79;216
"42299";2517;2111;121;1990;1015;975
"42300";496;413;35;378;130;248
"42301";525;442;30;412;258;154
"42302";5805;5037;313;4724;2182;2542
"42303";290;252;11;241;102;139
"42304";3541;2872;190;2682;1283;1399
"42305";4424;3749;230;3519;1812;1707
"42306";379;317;24;293;134;159
"42307";535;454;36;418;208;210
"42308";561;473;26;447;199;248
"42310";181;153;14;139;57;82
"42311";939;818;40;778;337;441
"42312";445;393;29;364;161;203
"42313";475;417;26;391;222;169
"42314";300;243;21;222;71;151
"42315";265;216;20;196;80;116
"42316";5880;4834;354;4480;2508;1972
"42317";111;90;9;81;43;38
"42318";1138;992;77;915;336;579
"42319";487;411;31;380;153;227
"42320";448;396;27;369;117;252
"42321";104;93;3;90;30;60
"42322";684;567;52;515;179;336
"42323";6449;5429;328;5101;2175;2926
"42324";681;596;53;543;262;281
"42325";253;211;20;191;73;118
"42326";608;520;41;479;258;221
"42327";482;387;26;361;164;197
"42328";488;417;47;370;200;170
"42329";321;265;17;248;148;100
"42330";6065;5059;283;4776;2620;2156
"42331";762;649;55;594;241;353
"42332";3643;3099;188;2911;1396;1515
"42333";417;360;23;337;135;202
"42334";1046;882;68;814;316;498
"42335";324;277;17;260;105;155
"42336";403;353;37;316;137;179
"42337";192;166;10;156;58;98
"42338";1140;953;78;875;374;501
"42339";245;186;18;168;103;65
"43001";178;139;20;119;62;57
"43002";1282;1104;54;1050;512;538
"43003";748;617;53;564;265;299
"43004";135;116;5;111;39;72
"43005";241;193;16;177;101;76
"43006";186;143;10;133;63;70
"43007";591;510;43;467;232;235
"43008";150;127;7;120;44;76
"43009";31;29;0;29;10;19
"43010";895;800;52;748;462;286
"43011";163;137;9;128;66;62
"43012";4144;3462;309;3153;1544;1609
"43013";321;279;22;257;141;116
"43014";57;49;6;43;15;28
"43015";71;57;7;50;17;33
"43016";685;580;29;551;361;190
"43017";252;218;14;204;124;80
"43018";962;850;79;771;342;429
"43019";84;80;6;74;29;45
"43020";3180;2672;217;2455;1100;1355
"43021";730;630;48;582;265;317
"43022";231;200;13;187;125;62
"43023";198;150;23;127;38;89
"43024";629;538;47;491;250;241
"43025";2038;1737;161;1576;760;816
"43026";409;306;27;279;129;150
"43027";71;60;6;54;25;29
"43028";308;281;35;246;127;119
"43029";142;107;6;101;32;69
"43030";270;248;30;218;105;113
"43031";124;110;12;98;68;30
"43032";1266;1129;82;1047;641;406
"43033";617;532;35;497;273;224
"43034";265;232;23;209;78;131
"43035";81;61;4;57;30;27
"43036";290;258;24;234;104;130
"43037";257;227;22;205;78;127
"43038";736;613;41;572;402;170
"43039";529;443;26;417;205;212
"43040";4926;3957;268;3689;2205;1484
"43041";3043;2451;168;2283;1396;887
"43042";545;498;37;461;179;282
"43043";429;359;33;326;166;160
"43044";191;161;16;145;75;70
"43045";369;328;32;296;149;147
"43046";2029;1763;98;1665;1016;649
"43047";250;205;9;196;138;58
"43048";579;478;38;440;186;254
"43049";408;349;25;324;183;141
"43050";91;78;3;75;46;29
"43051";2214;1738;94;1644;929;715
"43052";231;190;16;174;79;95
"43053";248;203;12;191;90;101
"43054";226;195;8;187;48;139
"43055";143;120;18;102;55;47
"43056";387;331;28;303;187;116
"43057";80;69;4;65;38;27
"43058";666;595;55;540;198;342
"43059";143;116;13;103;56;47
"43060";83;69;6;63;22;41
"43061";563;511;40;471;254;217
"43062";553;500;58;442;205;237
"43063";150;121;13;108;57;51
"43064";103;96;6;90;39;51
"43065";171;120;15;105;36;69
"43066";112;93;7;86;45;41
"43067";250;198;22;176;82;94
"43068";38;32;5;27;11;16
"43069";227;208;18;190;77;113
"43070";186;163;10;153;98;55
"43071";435;367;26;341;172;169
"43072";129;109;3;106;54;52
"43073";155;117;13;104;39;65
"43074";608;538;34;504;309;195
"43075";91;76;10;66;35;31
"43076";148;129;5;124;53;71
"43077";439;378;35;343;144;199
"43078";2516;2187;191;1996;1126;870
"43079";224;185;15;170;113;57
"43080";1675;1345;110;1235;515;720
"43081";47;41;3;38;15;23
"43082";97;68;5;63;24;39
"43083";126;104;12;92;48;44
"43084";1290;1135;91;1044;562;482
"43085";75;64;5;59;27;32
"43086";156;133;7;126;80;46
"43087";2073;1807;158;1649;611;1038
"43088";227;198;16;182;102;80
"43089";2495;2079;113;1966;1002;964
"43090";85;80;12;68;21;47
"43091";315;268;27;241;102;139
"43092";307;252;23;229;101;128
"43093";284;220;26;194;121;73
"43094";86;73;7;66;27;39
"43095";135;118;12;106;35;71
"43096";735;640;40;600;373;227
"43097";145;127;13;114;39;75
"43098";131;119;11;108;50;58
"43099";404;331;18;313;221;92
"43100";139;118;6;112;74;38
"43101";121;99;7;92;33;59
"43102";748;653;69;584;226;358
"43103";113;105;4;101;74;27
"43104";203;179;11;168;55;113
"43105";176;157;14;143;98;45
"43106";135;115;10;105;67;38
"43107";99;88;6;82;57;25
"43108";380;324;31;293;108;185
"43109";110;87;5;82;51;31
"43110";624;554;40;514;327;187
"43111";765;654;45;609;292;317
"43112";2848;2380;180;2200;1325;875
"43113";1456;1270;104;1166;688;478
"43114";1318;1084;95;989;444;545
"43115";875;757;53;704;326;378
"43116";67;55;2;53;26;27
"43117";216;189;19;170;95;75
"43118";264;225;13;212;99;113
"43119";608;531;38;493;277;216
"43120";988;810;54;756;476;280
"43121";215;177;12;165;92;73
"43122";236;210;14;196;83;113
"43123";236;207;16;191;102;89
"43124";732;609;48;561;283;278
"43125";140;111;12;99;59;40
"43126";597;517;40;477;247;230
"43127";550;477;29;448;239;209
"43128";101;88;3;85;45;40
"43129";183;156;16;140;61;79
"43130";1029;811;42;769;538;231
"43131";194;166;5;161;114;47
"43132";1236;1025;82;943;496;447
"43133";153;135;18;117;37;80
"43134";151;129;9;120;56;64
"43135";1330;1160;70;1090;621;469
"43136";228;193;11;182;104;78
"43137";6354;5431;432;4999;2456;2543
"43138";349;291;26;265;110;155
"43139";51;39;8;31;11;20
"43140";496;450;31;419;232;187
"43141";960;837;69;768;219;549
"43142";501;429;28;401;156;245
"43143";128;116;8;108;54;54
"43144";106;89;6;83;32;51
"43145";63;55;1;54;11;43
"43147";564;499;41;458;292;166
"43148";657;540;40;500;313;187
"43149";114;104;8;96;42;54
"43150";404;356;23;333;172;161
"43151";226;189;14;175;109;66
"43152";2309;1990;137;1853;953;900
"43153";1374;1099;82;1017;576;441
"43154";412;351;25;326;159;167
"43155";90;80;2;78;40;38
"43156";167;147;7;140;53;87
"43157";12215;9492;520;8972;5015;3957
"43158";280;239;11;228;157;71
"43159";708;611;65;546;212;334
"43160";171;148;6;142;77;65
"43162";2246;1892;146;1746;965;781
"43163";953;813;52;761;249;512
"43164";445;382;33;349;190;159
"43165";1109;977;78;899;460;439
"43166";317;278;20;258;134;124
"43167";184;158;18;140;61;79
"43168";124;107;6;101;30;71
"43169";58;43;2;41;19;22
"43170";268;225;19;206;117;89
"43171";75;65;6;59;16;43
"43172";202;177;14;163;58;105
"43173";116;104;11;93;40;53
"43174";799;689;64;625;354;271
"43175";149;130;14;116;71;45
"43176";51;47;6;41;29;12
"43177";2595;2158;168;1990;934;1056
"43178";222;177;18;159;75;84
"43180";123;103;4;99;51;48
"43181";601;515;30;485;293;192
"43182";64;46;2;44;22;22
"43183";92;77;4;73;31;42
"43184";1803;1590;138;1452;685;767
"43185";2272;1909;114;1795;1238;557
"43186";407;344;38;306;131;175
"43187";280;251;16;235;108;127
"43188";400;321;27;294;158;136
"43189";420;366;26;340;132;208
"43190";2772;2429;159;2270;1357;913
"43191";196;165;13;152;108;44
"43192";377;308;30;278;113;165
"43193";171;135;14;121;57;64
"43194";558;470;26;444;266;178
"43195";227;195;10;185;121;64
"43196";186;130;11;119;57;62
"43197";367;319;21;298;140;158
"43198";279;234;22;212;78;134
"43199";804;671;53;618;342;276
"43200";1506;1288;103;1185;705;480
"43201";250;200;24;176;62;114
"43202";101;86;2;84;39;45
"43203";398;359;36;323;186;137
"43204";188;170;11;159;57;102
"43205";3085;2575;196;2379;1145;1234
"43206";381;321;18;303;182;121
"43207";212;183;10;173;124;49
"43208";50;34;5;29;18;11
"43210";239;210;26;184;92;92
"43211";1624;1404;106;1298;626;672
"43212";929;785;55;730;236;494
"43213";1651;1406;132;1274;557;717
"43214";117;107;10;97;45;52
"43215";234;198;20;178;81;97
"43216";1655;1488;129;1359;662;697
"43217";462;388;41;347;155;192
"43218";847;756;62;694;455;239
"43219";99;85;6;79;59;20
"43220";226;186;12;174;94;80
"43221";371;306;26;280;135;145
"43222";165;133;8;125;65;60
"43223";809;722;67;655;238;417
"43224";4133;3492;318;3174;1367;1807
"43225";49;45;6;39;23;16
"43226";114;90;8;82;43;39
"43227";562;480;46;434;179;255
"43228";123;96;13;83;31;52
"43229";396;362;33;329;171;158
"43230";872;731;63;668;325;343
"43231";191;160;9;151;81;70
"43232";319;236;22;214;119;95
"43233";848;731;69;662;330;332
"43234";1529;1288;92;1196;451;745
"43236";923;813;80;733;314;419
"43237";243;207;18;189;76;113
"43238";281;252;30;222;111;111
"43239";725;612;40;572;261;311
"43240";218;189;26;163;98;65
"43241";954;831;57;774;409;365
"43242";65;47;2;45;23;22
"43244";2606;2200;159;2041;925;1116
"43245";212;186;10;176;45;131
"43246";414;362;31;331;143;188
"43247";74;66;7;59;24;35
"43249";414;361;39;322;143;179
"43250";49;46;6;40;31;9
"43251";2477;2139;135;2004;988;1016
"43252";44;37;5;32;21;11
"43253";250;204;19;185;68;117
"43254";191;164;14;150;66;84
"43255";46;38;4;34;12;22
"43256";372;322;38;284;87;197
"43257";380;326;25;301;144;157
"43258";1435;1167;73;1094;778;316
"43259";333;290;22;268;104;164
"43260";33;28;0;28;15;13
"43261";419;372;26;346;243;103
"43262";923;810;50;760;482;278
"43263";80;64;6;58;24;34
"43264";276;222;12;210;109;101
"43265";881;751;71;680;304;376
"43267";1163;963;96;867;422;445
"43268";5423;4608;401;4207;2014;2193
"44001";1372;1112;37;1075;507;568
"44002";2228;1991;113;1878;994;884
"44003";5477;4482;264;4218;2293;1925
"44004";1393;1219;66;1153;614;539
"44005";2534;2205;136;2069;989;1080
"44006";1430;1201;71;1130;566;564
"44007";1817;1560;90;1470;804;666
"44008";911;804;71;733;392;341
"44009";6534;5842;237;5605;2962;2643
"44010";2686;2283;127;2156;1007;1149
"44011";1337;1100;61;1039;482;557
"44012";2350;2056;100;1956;976;980
"44013";1925;1657;110;1547;942;605
"44014";2557;2202;132;2070;1103;967
"44015";6891;5600;354;5246;3053;2193
"44016";621;552;39;513;216;297
"44017";445;380;23;357;159;198
"44018";4779;4268;203;4065;2440;1625
"44019";683;561;34;527;321;206
"44020";13084;11019;562;10457;7003;3454
"44021";2333;1966;98;1868;845;1023
"44022";1977;1712;135;1577;698;879
"44023";1980;1719;112;1607;909;698
"44024";1892;1673;103;1570;998;572
"44025";2706;2393;152;2241;1295;946
"44026";13560;11729;607;11122;5746;5376
"44027";1398;1227;76;1151;659;492
"44028";2705;2311;107;2204;1223;981
"44029";3879;3312;191;3121;1490;1631
"44030";2578;2281;165;2116;1344;772
"44031";592;493;22;471;157;314
"44032";2181;1906;93;1813;990;823
"44033";2133;1822;109;1713;1071;642
"44034";557;472;34;438;182;256
"44035";14615;12465;553;11912;7010;4902
"44036";8765;7080;415;6665;3567;3098
"44037";2162;1861;96;1765;904;861
"44038";1920;1585;101;1484;631;853
"44039";609;554;43;511;260;251
"44040";1529;1340;88;1252;634;618
"44041";3946;3353;202;3151;1734;1417
"44043";5317;4484;232;4252;2213;2039
"44044";797;677;17;660;307;353
"44045";2266;1932;121;1811;1059;752
"44046";1944;1632;106;1526;851;675
"44047";14484;12169;752;11417;7858;3559
"44048";1678;1440;93;1347;694;653
"44049";3707;3075;119;2956;1220;1736
"44050";2047;1748;114;1634;1055;579
"44051";2263;1865;113;1752;900;852
"44052";4764;4019;256;3763;2515;1248
"44053";1389;1183;67;1116;679;437
"44054";2166;1902;129;1773;979;794
"44055";14798;12290;475;11815;3809;8006
"44056";2342;2014;114;1900;964;936
"44057";1681;1438;78;1360;802;558
"44058";350;299;20;279;158;121
"44059";946;824;60;764;291;473
"44060";695;581;36;545;285;260
"44061";2100;1753;116;1637;770;867
"44062";1081;920;54;866;514;352
"44063";2534;2204;159;2045;926;1119
"44064";3000;2652;141;2511;1259;1252
"44065";571;487;32;455;180;275
"44066";3350;2920;177;2743;1400;1343
"44067";3797;3267;170;3097;1770;1327
"44068";2325;1946;108;1838;1037;801
"44069";13340;10887;490;10397;4699;5698
"44070";3280;2842;144;2698;1614;1084
"44071";4245;3724;178;3546;1770;1776
"44072";4384;3822;225;3597;1918;1679
"44073";3973;3388;269;3119;1597;1522
"44074";2706;2315;103;2212;1602;610
"44075";1430;1215;58;1157;592;565
"44076";959;793;50;743;385;358
"44077";1560;1320;68;1252;680;572
"44078";279;242;21;221;112;109
"44079";2077;1779;130;1649;801;848
"44080";516;448;29;419;263;156
"44081";3015;2584;107;2477;1067;1410
"44082";3175;2697;178;2519;1295;1224
"44083";1456;1220;86;1134;480;654
"44084";5116;4423;239;4184;2148;2036
"44085";659;579;51;528;245;283
"44086";770;663;40;623;289;334
"44087";4601;3841;232;3609;1617;1992
"44088";1938;1698;90;1608;877;731
"44089";2258;1944;128;1816;1150;666
"44090";960;828;41;787;318;469
"44091";1098;940;37;903;469;434
"44092";505;409;24;385;243;142
"44093";721;634;34;600;259;341
"44094";2192;1910;118;1792;1012;780
"44095";919;792;26;766;374;392
"44096";3182;2724;191;2533;1255;1278
"44097";1751;1528;61;1467;665;802
"44098";3455;2953;180;2773;1627;1146
"44099";1440;1246;78;1168;487;681
"44100";1413;1263;63;1200;584;616
"44101";4480;3879;189;3690;2614;1076
"44102";2167;1904;104;1800;951;849
"44103";4827;3969;251;3718;2621;1097
"44104";590;526;31;495;258;237
"44105";284;238;15;223;128;95
"44106";1220;1050;49;1001;476;525
"44107";1287;1096;69;1027;563;464
"44108";1861;1611;120;1491;649;842
"44109";180835;146045;5826;140219;86280;53939
"44110";5824;4972;289;4683;2629;2054
"44111";1460;1233;113;1120;603;517
"44112";438;360;20;340;145;195
"44113";2648;2243;115;2128;1117;1011
"44114";19244;15942;848;15094;8506;6588
"44115";2630;2246;112;2134;1224;910
"44116";2035;1680;75;1605;1035;570
"44117";2104;1850;90;1760;981;779
"44118";858;751;41;710;344;366
"44119";1326;1145;65;1080;445;635
"44120";3213;2729;178;2551;1626;925
"44121";326;288;14;274;119;155
"44122";2465;2112;134;1978;1081;897
"44123";699;575;36;539;247;292
"44124";505;434;24;410;147;263
"44125";2168;1862;83;1779;742;1037
"44126";3057;2634;161;2473;1240;1233
"44127";1868;1592;119;1473;674;799
"44128";3365;2861;190;2671;1578;1093
"44129";7187;6027;390;5637;3324;2313
"44130";4347;3751;174;3577;1993;1584
"44131";12479;10650;510;10140;4294;5846
"44132";9522;8037;433;7604;3341;4263
"44133";1985;1747;107;1640;861;779
"44134";658;572;44;528;240;288
"44135";4482;3779;166;3613;1379;2234
"44136";1292;1103;33;1070;422;648
"44137";2172;1902;130;1772;1027;745
"44138";692;601;34;567;312;255
"44139";879;764;66;698;430;268
"44140";1035;879;69;810;375;435
"44141";751;670;55;615;286;329
"44142";1210;1064;69;995;509;486
"44143";28086;22931;1079;21852;15060;6792
"44144";1519;1316;91;1225;576;649
"44145";1914;1647;107;1540;843;697
"44146";1688;1441;92;1349;627;722
"44147";724;627;34;593;267;326
"44148";463;385;18;367;194;173
"44149";2666;2253;130;2123;1261;862
"44150";3054;2648;169;2479;1383;1096
"44151";4166;3630;190;3440;1655;1785
"44152";1941;1657;109;1548;915;633
"44153";1177;1023;68;955;497;458
"44154";9638;8208;451;7757;4114;3643
"44155";2030;1744;116;1628;727;901
"44156";1799;1508;76;1432;664;768
"44157";1065;886;49;837;338;499
"44158";5127;4410;239;4171;2325;1846
"44159";908;824;47;777;424;353
"44160";2330;2006;122;1884;1053;831
"44161";2361;2055;118;1937;1002;935
"44162";31680;24890;1217;23673;15178;8495
"44163";1724;1514;101;1413;683;730
"44164";1425;1183;69;1114;546;568
"44165";1519;1345;90;1255;669;586
"44166";3932;3451;191;3260;2189;1071
"44168";3150;2586;168;2418;1757;661
"44169";5024;4319;214;4105;2075;2030
"44170";652;546;24;522;198;324
"44171";1180;1055;66;989;553;436
"44172";9748;8551;418;8133;4872;3261
"44173";1374;1190;76;1114;569;545
"44174";1339;1210;71;1139;467;672
"44175";3115;2721;176;2545;1316;1229
"44176";2495;2129;138;1991;1454;537
"44178";1807;1563;103;1460;776;684
"44179";3182;2697;158;2539;1305;1234
"44180";1732;1472;109;1363;524;839
"44181";877;764;51;713;303;410
"44182";3700;3173;170;3003;1318;1685
"44183";1697;1462;108;1354;664;690
"44184";46812;37614;1900;35714;23673;12041
"44185";2308;1957;86;1871;1141;730
"44186";3924;3407;211;3196;1710;1486
"44187";3036;2523;156;2367;1085;1282
"44188";6076;5220;305;4915;2259;2656
"44189";1536;1266;72;1194;829;365
"44190";19461;16588;739;15849;9728;6121
"44191";483;420;34;386;121;265
"44192";1567;1364;97;1267;611;656
"44193";1031;883;47;836;471;365
"44194";5884;5280;235;5045;2200;2845
"44195";5511;4631;230;4401;2716;1685
"44196";1146;984;83;901;587;314
"44197";1248;1028;61;967;518;449
"44198";5677;5029;245;4784;2705;2079
"44199";1586;1326;85;1241;561;680
"44200";286;214;24;190;123;67
"44201";5053;4477;204;4273;2232;2041
"44202";1224;1061;68;993;482;511
"44203";1282;1095;72;1023;548;475
"44204";6187;5357;261;5096;2764;2332
"44205";1642;1348;84;1264;647;617
"44206";1065;911;50;861;365;496
"44207";579;485;41;444;243;201
"44208";550;464;38;426;256;170
"44209";5878;5067;287;4780;2590;2190
"44210";5250;4218;293;3925;2763;1162
"44211";3888;3325;184;3141;1491;1650
"44212";6126;5263;313;4950;2237;2713
"44213";2647;2274;146;2128;1099;1029
"44214";1235;1062;80;982;557;425
"44215";17603;15530;752;14778;7952;6826
"44216";2892;2447;133;2314;1059;1255
"44217";4205;3676;216;3460;1826;1634
"44218";492;425;22;403;181;222
"44219";600;500;19;481;153;328
"44220";1069;862;65;797;438;359
"44221";903;780;50;730;424;306
"44222";836;721;35;686;313;373
"44223";2464;2117;135;1982;1024;958
"44224";1059;911;64;847;486;361
"45001";158;150;13;137;45;92
"45002";317;260;16;244;73;171
"45004";8658;6817;449;6368;2748;3620
"45005";147;128;7;121;41;80
"45006";925;803;45;758;242;516
"45008";1176;994;74;920;386;534
"45009";768;653;48;605;245;360
"45010";676;576;33;543;235;308
"45011";172;146;15;131;40;91
"45012";134;111;12;99;43;56
"45013";181;165;9;156;77;79
"45014";404;330;23;307;119;188
"45015";539;459;33;426;162;264
"45016";837;674;45;629;276;353
"45017";287;252;19;233;77;156
"45018";656;559;44;515;221;294
"45019";504;445;25;420;156;264
"45020";749;650;48;602;277;325
"45021";224;188;24;164;68;96
"45022";302;250;24;226;96;130
"45023";86;72;2;70;29;41
"45024";1517;1248;81;1167;605;562
"45025";1016;846;62;784;343;441
"45026";655;549;38;511;222;289
"45027";320;273;19;254;83;171
"45028";5396;4237;233;4004;1993;2011
"45029";1415;1148;107;1041;480;561
"45030";1310;1029;72;957;330;627
"45031";986;799;46;753;273;480
"45032";221;188;16;172;60;112
"45033";274;245;23;222;94;128
"45034";1659;1424;78;1346;679;667
"45035";838;683;64;619;250;369
"45036";631;553;38;515;199;316
"45037";253;229;18;211;107;104
"45038";321;241;16;225;74;151
"45039";523;448;31;417;141;276
"45040";1375;1126;106;1020;464;556
"45041";99;87;8;79;21;58
"45042";1310;1086;74;1012;448;564
"45043";686;612;39;573;321;252
"45044";154;133;9;124;51;73
"45045";272;227;18;209;58;151
"45046";423;365;26;339;127;212
"45047";323;259;20;239;97;142
"45049";874;773;47;726;274;452
"45050";829;675;51;624;255;369
"45051";948;806;58;748;275;473
"45052";66;59;6;53;22;31
"45053";4168;3200;198;3002;1491;1511
"45054";444;367;29;338;147;191
"45055";381;311;37;274;115;159
"45056";230;186;21;165;45;120
"45057";75;63;0;63;15;48
"45058";120;109;12;97;33;64
"45059";171;159;14;145;51;94
"45060";615;520;44;476;237;239
"45061";1838;1398;130;1268;595;673
"45062";832;701;55;646;268;378
"45063";811;696;52;644;214;430
"45064";366;304;24;280;123;157
"45065";164;141;8;133;34;99
"45066";532;453;30;423;162;261
"45067";2613;2161;129;2032;806;1226
"45068";7288;5550;368;5182;3223;1959
"45069";646;551;53;498;239;259
"45070";48;45;5;40;9;31
"45072";979;854;58;796;392;404
"45073";360;315;7;308;117;191
"45074";67;61;4;57;14;43
"45075";6791;5444;318;5126;2544;2582
"45076";214;178;16;162;72;90
"45077";393;327;39;288;99;189
"45078";193;170;10;160;70;90
"45079";122;103;7;96;31;65
"45080";273;230;16;214;65;149
"45081";456;365;22;343;131;212
"45082";5312;4358;300;4058;1757;2301
"45083";1661;1332;86;1246;482;764
"45084";361;291;22;269;108;161
"45085";1379;1113;55;1058;416;642
"45086";223;199;17;182;54;128
"45087";2381;1970;142;1828;885;943
"45088";253;215;16;199;80;119
"45089";6005;5089;307;4782;2253;2529
"45091";259;215;18;197;81;116
"45092";1108;923;56;867;306;561
"45093";1859;1528;115;1413;528;885
"45094";205;173;10;163;52;111
"45095";1321;1104;97;1007;426;581
"45096";387;330;30;300;99;201
"45097";856;715;38;677;253;424
"45098";2419;2097;144;1953;893;1060
"45099";398;324;36;288;107;181
"45100";387;353;10;343;121;222
"45101";190;178;10;168;64;104
"45102";299;264;21;243;62;181
"45103";1018;829;72;757;312;445
"45104";1728;1420;123;1297;545;752
"45105";72;66;2;64;30;34
"45106";318;260;16;244;98;146
"45107";250;221;22;199;75;124
"45108";1822;1545;103;1442;518;924
"45109";421;365;19;346;139;207
"45110";220;184;6;178;80;98
"45111";314;268;17;251;102;149
"45112";240;211;17;194;63;131
"45113";238;194;10;184;55;129
"45114";182;153;17;136;51;85
"45115";2919;2322;159;2163;723;1440
"45116";689;589;50;539;234;305
"45118";241;203;19;184;70;114
"45119";1639;1344;91;1253;585;668
"45120";157;130;9;121;40;81
"45121";343;294;12;282;109;173
"45122";904;784;61;723;307;416
"45123";1463;1248;79;1169;583;586
"45124";137;105;11;94;40;54
"45125";88;75;7;68;37;31
"45126";1977;1710;82;1628;672;956
"45127";2131;1645;150;1495;688;807
"45129";780;628;49;579;178;401
"45130";887;756;63;693;320;373
"45131";258;217;17;200;98;102
"45132";271;225;16;209;86;123
"45133";314;260;19;241;72;169
"45134";918;788;58;730;244;486
"45135";216;183;14;169;55;114
"45136";418;368;18;350;135;215
"45137";502;429;28;401;149;252
"45138";59;55;1;54;15;39
"45139";410;357;14;343;122;221
"45141";122;97;11;86;33;53
"45142";2200;1868;140;1728;765;963
"45143";39;37;0;37;9;28
"45144";847;736;41;695;342;353
"45145";2612;2100;132;1968;846;1122
"45146";5285;4441;284;4157;1999;2158
"45147";13097;10286;616;9670;5556;4114
"45148";1207;978;75;903;336;567
"45149";216;183;22;161;65;96
"45150";149;129;6;123;29;94
"45151";206;176;16;160;56;104
"45152";162;146;17;129;36;93
"45153";497;437;23;414;165;249
"45154";1180;1045;72;973;400;573
"45155";8788;6637;497;6140;2892;3248
"45156";477;417;36;381;123;258
"45157";314;262;25;237;88;149
"45158";294;238;22;216;74;142
"45159";156;130;12;118;31;87
"45160";502;402;23;379;108;271
"45161";618;534;31;503;169;334
"45162";380;334;24;310;119;191
"45164";452;381;15;366;132;234
"45165";497;438;21;417;161;256
"45166";182;154;6;148;41;107
"45167";1288;1107;63;1044;415;629
"45168";374;315;25;290;129;161
"45169";5875;4942;292;4650;2257;2393
"45170";76;66;6;60;23;37
"45171";415;356;22;334;122;212
"45173";3090;2498;151;2347;1157;1190
"45174";202;185;20;165;69;96
"45175";1086;953;48;905;439;466
"45176";314;265;29;236;63;173
"45177";148;120;9;111;45;66
"45178";962;752;37;715;302;413
"45179";1934;1629;109;1520;639;881
"45180";91;83;7;76;20;56
"45181";49;39;3;36;15;21
"45182";1082;912;48;864;361;503
"45183";92;80;9;71;27;44
"45184";329;287;20;267;103;164
"45185";221;196;15;181;63;118
"45186";367;306;26;280;72;208
"45187";1975;1650;94;1556;643;913
"45188";1886;1574;110;1464;688;776
"45189";244;211;11;200;58;142
"45190";165;144;6;138;53;85
"45191";3854;2875;214;2661;1303;1358
"45192";467;363;38;325;125;200
"45193";1640;1453;93;1360;603;757
"45194";1951;1667;105;1562;667;895
"45195";440;367;39;328;124;204
"45196";989;849;61;788;351;437
"45197";896;806;56;750;308;442
"45198";219;198;14;184;71;113
"45199";400;340;24;316;106;210
"45200";1111;997;60;937;413;524
"45201";154;125;14;111;38;73
"45202";732;630;45;585;255;330
"45203";4316;3416;198;3218;1569;1649
"45204";558;490;35;455;216;239
"45205";213;179;13;166;41;125
"45206";218;193;14;179;62;117
"45207";275;220;26;194;79;115
"45208";8880;6249;375;5874;2828;3046
"45209";241;206;14;192;92;100
"45210";542;462;33;429;137;292
"45211";329;297;22;275;104;171
"45212";966;835;65;770;310;460
"45213";497;438;18;420;146;274
"45214";172;147;10;137;42;95
"45215";165;144;6;138;50;88
"45216";97;88;5;83;27;56
"45217";147;123;8;115;43;72
"45218";128;116;12;104;29;75
"45219";137;105;7;98;35;63
"45220";402;343;27;316;129;187
"45221";88;75;6;69;25;44
"45222";980;830;72;758;282;476
"45223";279;243;17;226;88;138
"45224";2780;2396;168;2228;996;1232
"45225";267;235;25;210;73;137
"45226";821;694;73;621;232;389
"45227";910;794;51;743;328;415
"45228";826;714;39;675;295;380
"45229";1774;1356;94;1262;567;695
"45230";557;488;34;454;147;307
"45231";94;86;5;81;30;51
"45232";13983;11861;530;11331;4965;6366
"45233";318;258;19;239;96;143
"45234";60949;48936;2418;46518;25296;21222
"45235";2617;2236;128;2108;893;1215
"45236";296;242;19;223;67;156
"45237";106;91;4;87;27;60
"45238";589;524;35;489;230;259
"45239";307;250;25;225;80;145
"45240";979;785;62;723;307;416
"45241";352;313;24;289;136;153
"45242";184;150;9;141;44;97
"45243";233;203;19;184;55;129
"45244";2114;1744;156;1588;767;821
"45245";906;772;56;716;267;449
"45246";74;64;13;51;13;38
"45247";2477;2027;159;1868;807;1061
"45248";1334;1118;83;1035;401;634
"45249";772;674;46;628;310;318
"45250";168;151;18;133;49;84
"45251";274;205;14;191;89;102
"45252";4818;3574;204;3370;1709;1661
"45253";1399;1140;96;1044;417;627
"45254";1899;1588;134;1454;594;860
"45255";378;302;14;288;108;180
"45256";176;147;9;138;60;78
"45257";339;283;22;261;93;168
"45258";2243;1740;130;1610;691;919
"45259";909;787;54;733;243;490
"45260";168;139;8;131;52;79
"45261";973;865;61;804;344;460
"45262";111;97;7;90;33;57
"45263";182;151;12;139;47;92
"45264";140;126;7;119;36;83
"45265";287;241;24;217;72;145
"45266";189;164;15;149;43;106
"45267";216;180;17;163;56;107
"45268";446;376;31;345;127;218
"45269";2572;2043;128;1915;838;1077
"45270";1408;1193;95;1098;337;761
"45271";785;696;50;646;265;381
"45272";2530;2185;125;2060;1004;1056
"45273";2079;1671;105;1566;756;810
"45274";5806;5044;297;4747;2011;2736
"45275";350;290;27;263;96;167
"45276";397;347;41;306;127;179
"45277";385;326;32;294;121;173
"45278";797;670;45;625;244;381
"45279";1266;1073;74;999;419;580
"45280";842;725;54;671;230;441
"45281";714;605;44;561;190;371
"45282";2197;1891;103;1788;710;1078
"45283";125;105;3;102;22;80
"45284";12546;10194;573;9621;5013;4608
"45285";9753;7653;444;7209;4142;3067
"45286";5520;4683;247;4436;1996;2440
"45287";82;64;2;62;28;34
"45288";347;273;25;248;92;156
"45289";869;714;49;665;283;382
"45290";1165;1025;60;965;412;553
"45291";954;815;72;743;298;445
"45292";693;574;32;542;204;338
"45293";826;685;43;642;259;383
"45294";127;104;7;97;24;73
"45296";497;433;33;400;152;248
"45297";769;661;50;611;229;382
"45298";4101;3439;197;3242;1358;1884
"45299";201;184;9;175;67;108
"45300";2914;2545;146;2399;1105;1294
"45301";282;250;13;237;87;150
"45302";10732;8598;541;8057;4458;3599
"45303";426;357;14;343;122;221
"45305";123;114;7;107;48;59
"45306";601;494;35;459;164;295
"45307";673;551;40;511;202;309
"45308";2393;2033;126;1907;958;949
"45309";496;434;25;409;128;281
"45310";1045;846;59;787;335;452
"45311";462;382;22;360;144;216
"45312";346;287;21;266;103;163
"45313";663;549;41;508;203;305
"45314";293;241;11;230;102;128
"45315";3705;2885;177;2708;1197;1511
"45316";596;490;27;463;186;277
"45317";1082;917;55;862;385;477
"45320";238;199;12;187;83;104
"45321";443;381;25;356;139;217
"45322";125;92;9;83;31;52
"45323";180;160;12;148;48;100
"45324";1661;1418;92;1326;554;772
"45325";183;150;8;142;47;95
"45326";274;243;21;222;77;145
"45327";2342;1949;127;1822;848;974
"45328";223;193;12;181;76;105
"45329";1020;862;64;798;284;514
"45330";171;154;12;142;39;103
"45331";514;447;18;429;186;243
"45332";1132;955;90;865;279;586
"45333";1021;863;51;812;331;481
"45334";463;407;35;372;159;213
"45335";1342;1189;82;1107;532;575
"45336";674;584;34;550;179;371
"45337";227;182;14;168;53;115
"45338";4803;3945;296;3649;1343;2306
"45339";365;322;27;295;107;188
"45340";388;317;21;296;105;191
"45341";169;142;9;133;37;96
"45342";288;246;11;235;106;129
"45343";164;129;12;117;40;77
"45344";879;747;69;678;329;349
"45345";803;694;59;635;237;398
"45346";1373;1172;74;1098;453;645
"45347";619;516;34;482;221;261
"45348";599;526;49;477;183;294
"46001";503;440;22;418;268;150
"46002";72;65;9;56;27;29
"46003";576;498;30;468;292;176
"46004";167;145;12;133;98;35
"46005";270;232;12;220;134;86
"46006";278;239;8;231;155;76
"46007";730;639;45;594;361;233
"46008";157;135;5;130;83;47
"46009";462;395;25;370;273;97
"46010";256;231;8;223;148;75
"46011";299;270;18;252;162;90
"46012";510;464;30;434;287;147
"46013";150;126;4;122;78;44
"46014";174;150;15;135;70;65
"46015";1264;1029;83;946;535;411
"46016";326;288;14;274;161;113
"46017";129;118;9;109;54;55
"46018";109;99;10;89;43;46
"46019";63;61;7;54;27;27
"46020";200;183;10;173;129;44
"46021";594;519;46;473;305;168
"46022";181;160;6;154;111;43
"46023";405;365;29;336;171;165
"46024";309;281;17;264;170;94
"46025";137;107;7;100;62;38
"46026";106;96;4;92;28;64
"46027";96;89;5;84;44;40
"46028";794;701;31;670;388;282
"46029";1425;1246;62;1184;843;341
"46030";267;250;20;230;136;94
"46031";119;103;9;94;41;53
"46032";290;271;18;253;171;82
"46033";172;151;8;143;71;72
"46034";232;203;19;184;138;46
"46035";138;120;4;116;92;24
"46036";97;86;10;76;49;27
"46037";78;70;7;63;37;26
"46038";958;857;42;815;491;324
"46039";161;136;14;122;61;61
"46040";187;160;10;150;93;57
"46041";135;116;8;108;59;49
"46042";13849;11370;641;10729;6955;3774
"46043";181;158;10;148;110;38
"46044";468;422;27;395;238;157
"46045";960;846;33;813;471;342
"46046";371;333;12;321;192;129
"46047";155;136;7;129;63;66
"46048";173;143;14;129;77;52
"46049";169;157;4;153;95;58
"46050";126;117;6;111;71;40
"46051";281;241;14;227;160;67
"46052";200;179;17;162;84;78
"46053";336;303;23;280;164;116
"46054";235;212;16;196;121;75
"46055";896;776;55;721;463;258
"46056";67;61;4;57;49;8
"46057";464;407;24;383;249;134
"46058";371;333;24;309;196;113
"46059";177;159;9;150;93;57
"46060";215;178;21;157;90;67
"46061";159;136;10;126;72;54
"46062";255;225;15;210;133;77
"46063";1518;1312;80;1232;632;600
"46064";620;549;41;508;295;213
"46065";317;288;24;264;152;112
"46066";470;415;23;392;190;202
"46067";332;305;20;285;177;108
"46068";167;153;4;149;102;47
"46069";154;131;13;118;57;61
"46070";360;314;21;293;186;107
"46071";195;175;10;165;117;48
"46072";310;265;17;248;148;100
"46073";354;307;13;294;183;111
"46074";290;246;9;237;170;67
"46075";172;149;15;134;95;39
"46076";276;254;16;238;160;78
"46077";251;221;25;196;124;72
"46078";94;72;7;65;39;26
"46079";80;72;3;69;34;35
"46080";499;455;28;427;272;155
"46081";73;60;3;57;31;26
"46082";289;256;12;244;139;105
"46083";524;449;34;415;243;172
"46084";252;229;24;205;118;87
"46085";167;152;12;140;99;41
"46086";421;380;36;344;202;142
"46087";542;440;20;420;241;179
"46088";653;581;23;558;347;211
"46089";740;622;34;588;344;244
"46090";125;120;4;116;75;41
"46091";144;128;4;124;75;49
"46092";189;171;16;155;87;68
"46093";78;72;2;70;46;24
"46094";247;217;19;198;132;66
"46095";707;608;40;568;394;174
"46096";103;89;5;84;49;35
"46097";87;77;5;72;32;40
"46098";226;208;7;201;157;44
"46099";122;106;11;95;56;39
"46100";544;493;31;462;343;119
"46101";321;282;21;261;151;110
"46102";6698;5486;285;5201;3354;1847
"46103";358;325;19;306;183;123
"46104";90;77;5;72;41;31
"46105";599;549;41;508;318;190
"46106";262;216;17;199;120;79
"46107";130;110;9;101;59;42
"46108";334;301;26;275;172;103
"46109";351;310;22;288;168;120
"46110";78;73;4;69;30;39
"46111";118;105;4;101;61;40
"46112";178;157;9;148;95;53
"46113";251;211;13;198;103;95
"46114";339;292;21;271;164;107
"46115";160;142;12;130;72;58
"46116";59;54;3;51;24;27
"46117";559;506;33;473;311;162
"46118";560;486;38;448;325;123
"46119";176;162;9;153;79;74
"46120";268;232;11;221;147;74
"46121";151;137;10;127;85;42
"46122";85;77;7;70;46;24
"46123";304;275;20;255;173;82
"46124";223;201;13;188;97;91
"46125";285;246;22;224;130;94
"46126";153;128;7;121;67;54
"46127";3460;2956;170;2786;1667;1119
"46128";2658;2254;141;2113;1272;841
"46129";228;210;17;193;113;80
"46130";195;172;19;153;78;75
"46131";163;137;5;132;87;45
"46132";389;337;28;309;193;116
"46133";195;162;15;147;107;40
"46134";194;167;10;157;117;40
"46135";52;38;2;36;16;20
"46136";205;173;4;169;118;51
"46137";923;821;53;768;430;338
"46138";521;463;23;440;219;221
"46139";184;169;11;158;117;41
"46140";234;207;17;190;116;74
"46141";93;85;6;79;63;16
"46142";128;108;9;99;63;36
"46143";960;812;53;759;494;265
"46144";250;232;15;217;123;94
"46145";632;568;35;533;309;224
"46146";103;89;6;83;47;36
"46147";112;97;5;92;61;31
"46148";1223;1107;64;1043;658;385
"46149";634;569;46;523;331;192
"46150";69;52;5;47;19;28
"46151";109;94;8;86;64;22
"46152";249;207;22;185;109;76
"46153";502;448;30;418;266;152
"46154";260;234;15;219;123;96
"46155";129;113;5;108;56;52
"46156";391;347;23;324;192;132
"46157";119;107;7;100;48;52
"46158";170;146;14;132;63;69
"46159";198;172;12;160;103;57
"46160";376;322;25;297;219;78
"46161";258;224;21;203;126;77
"46162";144;125;13;112;69;43
"46163";261;224;14;210;143;67
"46164";184;164;9;155;101;54
"46165";358;318;22;296;188;108
"46166";123;103;5;98;41;57
"46167";100;84;6;78;38;40
"46168";137;125;14;111;65;46
"46169";180;161;11;150;80;70
"46170";591;522;23;499;393;106
"46171";175;150;8;142;88;54
"46172";389;331;22;309;183;126
"46173";614;550;37;513;258;255
"46174";165;140;9;131;72;59
"46175";693;613;41;572;412;160
"46176";514;453;20;433;268;165
"46177";426;376;22;354;216;138
"46178";218;186;13;173;115;58
"46179";115;100;6;94;66;28
"46180";400;352;21;331;222;109
"46181";68;63;2;61;37;24
"46182";1198;1028;59;969;589;380
"46183";211;187;12;175;112;63
"46184";299;268;21;247;156;91
"46185";1314;1170;65;1105;651;454
"46186";256;235;15;220;148;72
"46187";362;308;23;285;171;114
"46188";225;207;22;185;125;60
"46189";385;340;19;321;209;112
"46190";115;102;2;100;67;33
"46191";734;629;35;594;382;212
"46192";258;231;9;222;123;99
"46193";339;302;22;280;150;130
"46194";183;166;13;153;78;75
"46195";315;282;12;270;161;109
"46196";104;95;4;91;65;26
"46197";833;733;45;688;434;254
"46198";80;70;5;65;37;28
"46199";287;258;28;230;119;111
"46200";281;253;11;242;141;101
"46201";909;787;31;756;412;344
"46202";368;334;13;321;189;132
"46203";187;161;19;142;87;55
"46204";318;280;15;265;144;121
"46205";232;208;10;198;107;91
"46206";84;79;6;73;40;33
"46207";193;167;7;160;83;77
"46208";282;246;12;234;149;85
"46209";151;140;11;129;84;45
"46210";55;51;3;48;29;19
"46211";261;227;11;216;166;50
"46212";85;71;5;66;39;27
"46213";157;138;8;130;79;51
"46214";350;315;15;300;164;136
"46215";540;458;26;432;254;178
"46216";564;480;37;443;297;146
"46217";356;327;23;304;181;123
"46218";104;94;8;86;54;32
"46219";298;250;11;239;156;83
"46220";618;564;32;532;333;199
"46221";385;335;23;312;190;122
"46222";140;126;7;119;77;42
"46223";158;139;7;132;95;37
"46224";2509;2196;112;2084;1432;652
"46225";1903;1605;119;1486;839;647
"46226";181;163;8;155;106;49
"46227";187;159;8;151;98;53
"46228";589;519;42;477;278;199
"46229";704;623;45;578;375;203
"46230";71;62;3;59;26;33
"46231";1606;1337;95;1242;710;532
"46232";451;390;21;369;218;151
"46233";105;92;3;89;65;24
"46234";93;71;13;58;38;20
"46235";142;127;11;116;75;41
"46236";114;97;6;91;47;44
"46237";257;232;14;218;134;84
"46238";251;230;12;218;147;71
"46239";188;161;16;145;98;47
"46240";499;452;29;423;172;251
"46241";143;130;4;126;87;39
"46242";162;141;7;134;89;45
"46243";169;138;8;130;83;47
"46244";92;84;6;78;48;30
"46245";84;75;7;68;38;30
"46246";62;56;4;52;28;24
"46247";137;130;11;119;83;36
"46248";96;87;3;84;43;41
"46249";121;106;5;101;61;40
"46250";74;67;3;64;36;28
"46251";2664;2251;106;2145;1325;820
"46252";199;174;7;167;104;63
"46253";194;177;7;170;101;69
"46254";147;139;11;128;77;51
"46255";298;252;13;239;120;119
"46256";220;198;15;183;119;64
"46257";103;91;5;86;54;32
"46258";116;103;10;93;64;29
"46259";147;134;11;123;93;30
"46260";160;142;7;135;72;63
"46261";44;38;0;38;20;18
"46262";229;195;14;181;101;80
"46263";169;147;5;142;69;73
"46264";153;124;5;119;77;42
"46265";296;246;23;223;130;93
"46266";342;303;23;280;171;109
"46267";442;388;25;363;269;94
"46268";355;310;22;288;187;101
"46269";70;57;7;50;27;23
"46270";209;185;11;174;101;73
"46271";340;298;20;278;166;112
"46272";196;160;15;145;93;52
"46273";776;711;39;672;398;274
"46274";171;144;12;132;87;45
"46275";113;100;2;98;72;26
"46276";173;154;9;145;95;50
"46277";161;140;5;135;69;66
"46278";92;77;2;75;51;24
"46279";188;172;13;159;83;76
"46280";151;139;8;131;95;36
"46281";170;150;6;144;88;56
"46282";75;68;5;63;36;27
"46283";272;233;16;217;154;63
"46284";305;276;21;255;161;94
"46285";171;153;5;148;100;48
"46286";176;158;9;149;103;46
"46287";451;392;38;354;216;138
"46288";176;156;15;141;86;55
"46289";106;98;5;93;61;32
"46290";296;267;21;246;144;102
"46291";48;39;2;37;20;17
"46292";132;110;7;103;67;36
"46293";416;367;23;344;241;103
"46294";133;118;7;111;76;35
"46295";156;145;14;131;77;54
"46296";445;405;22;383;237;146
"46297";901;741;61;680;414;266
"46298";476;412;22;390;230;160
"46299";117;105;6;99;71;28
"46300";100;85;3;82;41;41
"46301";391;346;14;332;223;109
"46302";133;115;6;109;74;35
"46303";133;118;10;108;65;43
"46304";126;111;4;107;51;56
"46305";256;217;19;198;100;98
"46306";75;66;2;64;42;22
"46307";491;422;28;394;246;148
"46308";90;75;6;69;34;35
"46309";2526;2094;126;1968;1126;842
"46310";101;93;4;89;47;42
"46311";705;619;34;585;393;192
"46312";229;204;10;194;135;59
"46313";288;251;18;233;158;75
"46314";187;172;14;158;112;46
"46315";166;142;8;134;85;49
"46316";258;226;14;212;147;65
"46317";400;359;21;338;205;133
"46318";202;175;9;166;109;57
"46319";135;118;4;114;74;40
"46320";273;241;12;229;129;100
"46321";278;237;13;224;139;85
"46322";608;556;28;528;342;186
"46323";81;70;4;66;31;35
"46324";194;165;5;160;110;50
"46325";99;90;10;80;43;37
"46326";116;96;12;84;40;44
"46327";358;318;26;292;209;83
"46328";283;249;23;226;132;94
"46329";189;166;15;151;84;67
"46330";951;804;58;746;445;301
"46331";343;294;18;276;150;126
"46332";269;233;11;222;129;93
"46333";160;145;12;133;82;51
"46334";1143;1011;58;953;562;391
"46335";342;312;25;287;178;109
"46336";287;255;21;234;150;84
"46337";226;190;11;179;106;73
"46338";83;70;7;63;40;23
"46339";278;256;18;238;171;67
"46340";267;235;13;222;137;85
"47001";18116;14798;851;13947;7685;6262
"47002";100;91;7;84;37;47
"47003";327;292;25;267;140;127
"47004";2899;2332;142;2190;1126;1064
"47005";383;339;26;313;160;153
"47006";445;377;29;348;171;177
"47007";146;133;4;129;89;40
"47008";93;81;12;69;44;25
"47009";195;163;9;154;70;84
"47010";148;135;13;122;75;47
"47011";139;115;10;105;51;54
"47012";223;191;14;177;89;88
"47013";269;220;25;195;98;97
"47014";147;125;8;117;61;56
"47015";1537;1336;108;1228;610;618
"47016";799;715;64;651;307;344
"47017";264;228;26;202;77;125
"47018";142;127;7;120;47;73
"47019";797;677;59;618;356;262
"47020";126;115;7;108;55;53
"47021";1129;956;71;885;478;407
"47022";385;333;27;306;140;166
"47023";241;222;19;203;84;119
"47024";1086;958;57;901;430;471
"47025";413;352;26;326;183;143
"47026";214;178;12;166;108;58
"47027";2477;2061;140;1921;986;935
"47028";609;521;41;480;231;249
"47029";385;348;33;315;199;116
"47030";200;161;18;143;79;64
"47031";3936;3342;240;3102;1529;1573
"47032";4830;4086;268;3818;1987;1831
"47033";277;261;29;232;105;127
"47034";445;377;17;360;166;194
"47035";199;180;16;164;75;89
"47036";274;236;20;216;89;127
"47037";158;136;11;125;64;61
"47038";454;383;30;353;148;205
"47039";38;34;0;34;25;9
"47040";1405;1268;69;1199;586;613
"47041";602;509;35;474;180;294
"47042";132;115;6;109;48;61
"47043";924;767;58;709;325;384
"47044";232;207;23;184;109;75
"47045";387;341;39;302;156;146
"47046";417;359;33;326;197;129
"47047";119;108;5;103;52;51
"47048";886;788;37;751;361;390
"47049";1654;1415;84;1331;749;582
"47050";94;81;4;77;44;33
"47051";1668;1467;96;1371;711;660
"47052";3649;2948;188;2760;1461;1299
"47053";246;210;18;192;115;77
"47054";1199;1013;69;944;443;501
"47055";370;324;35;289;132;157
"47056";632;554;42;512;245;267
"47057";1011;860;46;814;383;431
"47058";163;133;10;123;75;48
"47059";166;148;9;139;70;69
"47060";729;640;56;584;281;303
"47061";454;397;28;369;186;183
"47062";313;276;14;262;131;131
"47063";124;106;7;99;46;53
"47064";211;186;14;172;87;85
"47065";1699;1441;118;1323;661;662
"47066";594;512;36;476;210;266
"47067";304;276;21;255;127;128
"47068";819;713;55;658;332;326
"47069";2145;1860;126;1734;780;954
"47070";674;601;41;560;330;230
"47071";181;161;16;145;59;86
"47072";90;84;9;75;36;39
"47073";176;151;10;141;76;65
"47074";291;258;18;240;129;111
"47075";655;584;37;547;258;289
"47076";245;213;9;204;108;96
"47077";744;647;54;593;311;282
"47078";935;764;51;713;371;342
"47079";331;281;20;261;125;136
"47080";117;107;5;102;61;41
"47081";509;451;48;403;196;207
"47082";194;173;19;154;75;79
"47083";62;58;3;55;23;32
"47084";192;170;16;154;80;74
"47085";256;212;12;200;97;103
"47086";910;779;53;726;333;393
"47087";139;117;13;104;68;36
"47088";434;374;30;344;153;191
"47089";122;108;4;104;54;50
"47090";296;265;29;236;91;145
"47091";1472;1269;90;1179;568;611
"47092";282;248;23;225;108;117
"47093";308;279;10;269;149;120
"47094";468;372;25;347;169;178
"47095";680;590;57;533;245;288
"47096";156;134;11;123;67;56
"47097";620;514;44;470;212;258
"47098";259;218;14;204;69;135
"47099";465;405;23;382;201;181
"47100";4099;3524;251;3273;1773;1500
"47101";1001;879;70;809;405;404
"47102";557;479;36;443;161;282
"47103";193;161;16;145;49;96
"47104";199;180;15;165;83;82
"47105";204;175;16;159;83;76
"47106";3795;3161;212;2949;1840;1109
"47107";263;241;23;218;126;92
"47108";215;190;10;180;88;92
"47109";215;191;13;178;79;99
"47110";1191;1022;96;926;364;562
"47111";440;361;14;347;176;171
"47112";365;315;29;286;166;120
"47113";107;97;2;95;39;56
"47114";281;265;12;253;137;116
"47115";229;207;17;190;107;83
"47117";589;510;40;470;222;248
"47118";124;115;16;99;38;61
"47119";480;397;20;377;230;147
"47120";87;79;5;74;38;36
"47121";230;206;14;192;116;76
"47122";143;124;13;111;45;66
"47123";369;325;15;310;222;88
"47124";159;132;10;122;63;59
"47125";251;227;15;212;96;116
"47126";71;65;3;62;29;33
"47127";555;488;27;461;211;250
"47128";892;726;55;671;290;381
"47129";213;174;11;163;75;88
"47130";263;238;20;218;112;106
"47131";530;481;51;430;206;224
"47132";118;112;6;106;43;63
"47133";383;326;26;300;149;151
"47134";348;312;21;291;141;150
"47135";310;257;10;247;154;93
"47136";102;91;4;87;46;41
"47137";1036;912;54;858;395;463
"47138";1174;1033;57;976;491;485
"47139";67;61;3;58;36;22
"47140";459;399;25;374;180;194
"47141";222;183;14;169;96;73
"47142";529;440;28;412;198;214
"47143";1700;1430;103;1327;725;602
"47144";441;392;38;354;159;195
"47145";2891;2409;170;2239;1131;1108
"47146";919;816;50;766;322;444
"47147";495;439;30;409;227;182
"47148";184;154;12;142;82;60
"47150";267;232;16;216;91;125
"47151";244;223;12;211;80;131
"47152";314;271;19;252;107;145
"47154";258;228;26;202;90;112
"47155";486;420;35;385;166;219
"47156";628;516;41;475;262;213
"47157";12863;10045;667;9378;5005;4373
"47158";108;94;5;89;33;56
"47159";1059;918;61;857;484;373
"47160";139;123;9;114;70;44
"47161";90;84;2;82;37;45
"47162";163;147;9;138;45;93
"47163";419;363;23;340;149;191
"47164";102;94;8;86;28;58
"47165";981;870;63;807;438;369
"47167";1066;919;55;864;445;419
"47168";2274;1906;140;1766;976;790
"47169";902;806;59;747;353;394
"47170";504;433;29;404;181;223
"47171";305;272;14;258;148;110
"47172";447;381;29;352;178;174
"47173";631;547;33;514;276;238
"47174";642;541;46;495;224;271
"47175";1778;1561;99;1462;756;706
"47176";145;118;5;113;59;54
"47177";174;152;8;144;94;50
"47178";329;288;19;269;152;117
"47179";1603;1325;73;1252;769;483
"47180";502;438;36;402;218;184
"47181";219;186;18;168;77;91
"47182";213;193;10;183;75;108
"47183";162;141;12;129;60;69
"47184";189;161;23;138;84;54
"47185";2332;1942;99;1843;1127;716
"47186";566;473;36;437;192;245
"47187";207;187;25;162;65;97
"47188";224;196;18;178;94;84
"47189";117;102;7;95;36;59
"47190";418;376;26;350;164;186
"47191";566;478;54;424;217;207
"47192";62;55;3;52;16;36
"47193";167;141;10;131;52;79
"47194";226;183;17;166;79;87
"47195";5410;4507;313;4194;2219;1975
"47196";194;152;6;146;60;86
"47197";172;154;16;138;60;78
"47198";238;222;17;205;116;89
"47199";211;178;6;172;74;98
"47200";101;80;7;73;34;39
"47201";7210;5775;422;5353;2800;2553
"47202";214;193;17;176;104;72
"47203";1791;1489;99;1390;721;669
"47204";223;201;15;186;100;86
"47205";186;173;9;164;102;62
"47206";377;327;26;301;137;164
"47207";181;159;15;144;88;56
"47208";134;122;10;112;60;52
"47209";3285;2835;208;2627;1325;1302
"47210";1130;925;64;861;449;412
"47211";192;172;12;160;68;92
"47212";202;181;25;156;90;66
"47213";777;690;49;641;312;329
"47214";567;487;27;460;201;259
"47215";2904;2504;147;2357;1150;1207
"47216";461;414;38;376;184;192
"47217";736;588;46;542;256;286
"47218";203;166;16;150;68;82
"47219";134;126;15;111;56;55
"47220";187;166;15;151;75;76
"47221";498;431;37;394;216;178
"47222";375;320;23;297;156;141
"47223";204;175;20;155;85;70
"47224";138;120;11;109;71;38
"47225";1404;1212;90;1122;551;571
"47226";443;396;42;354;178;176
"47227";138;121;9;112;55;57
"47228";493;432;35;397;215;182
"47229";131;121;9;112;38;74
"47230";338;299;21;278;130;148
"47231";129;122;6;116;66;50
"47232";376;328;22;306;158;148
"47233";2375;1991;153;1838;962;876
"47234";492;431;17;414;228;186
"47235";383;318;32;286;122;164
"47236";74;65;10;55;24;31
"47237";338;299;16;283;124;159
"47238";1267;1111;58;1053;511;542
"47239";664;555;47;508;232;276
"47240";241;209;18;191;113;78
"47241";479;418;27;391;234;157
"47242";451;386;28;358;182;176
"47244";273;232;19;213;108;105
"47245";60;56;8;48;29;19
"47246";1127;964;66;898;469;429
"47247";178;156;11;145;60;85
"47248";401;362;35;327;160;167
"47249";330;269;16;253;135;118
"47250";145;124;10;114;52;62
"47251";226;200;21;179;83;96
"47252";4374;3508;218;3290;1675;1615
"47253";421;380;21;359;195;164
"47254";257;231;20;211;136;75
"47255";123;112;6;106;44;62
"47256";100;87;15;72;34;38
"47257";341;298;29;269;128;141
"47258";266;228;16;212;84;128
"47259";98;94;5;89;39;50
"47260";338;314;23;291;126;165
"47262";294;230;24;206;100;106
"47263";475;387;28;359;169;190
"47264";969;824;62;762;411;351
"47265";293;256;14;242;129;113
"47266";175;145;5;140;72;68
"47267";202;172;11;161;68;93
"47269";691;598;45;553;243;310
"47271";208;188;19;169;82;87
"47272";140;121;11;110;60;50
"47273";157;131;12;119;68;51
"47274";331;276;22;254;130;124
"47275";156;130;9;121;57;64
"47276";230;194;9;185;79;106
"47277";236;215;18;197;100;97
"47278";261;217;19;198;86;112
"47279";260;224;12;212;109;103
"47280";1755;1501;105;1396;622;774
"47281";197;181;21;160;74;86
"47282";223;195;16;179;67;112
"47283";826;708;41;667;438;229
"47284";219;188;22;166;102;64
"47285";595;529;35;494;279;215
"47286";88;80;1;79;45;34
"47287";167;152;15;137;80;57
"47288";379;347;19;328;152;176
"47289";355;302;26;276;147;129
"47290";406;344;32;312;130;182
"47291";432;388;27;361;174;187
"47292";431;359;32;327;158;169
"47293";317;282;25;257;121;136
"47294";163;140;18;122;37;85
"47295";235;215;24;191;114;77
"47296";124;106;10;96;49;47
"47297";123;101;9;92;38;54
"47298";179;163;12;151;69;82
"47299";118;97;10;87;41;46
"47300";798;679;48;631;291;340
"47301";738;627;62;565;256;309
"47302";514;433;37;396;216;180
"47303";184;154;9;145;63;82
"47304";69;57;5;52;26;26
"47305";291;264;19;245;113;132
"47306";768;671;50;621;308;313
"47307";140;123;6;117;46;71
"47308";170;154;9;145;55;90
"47309";336;294;19;275;118;157
"47310";6584;5215;421;4794;2659;2135
"47311";96;86;6;80;37;43
"47312";495;425;44;381;188;193
"47313";99;86;6;80;28;52
"47314";243;216;12;204;103;101
"47315";633;562;40;522;275;247
"47316";511;457;39;418;194;224
"47317";361;318;16;302;136;166
"47318";798;679;46;633;346;287
"47319";71;62;0;62;26;36
"47320";291;253;28;225;119;106
"47321";194;181;10;171;59;112
"47323";17102;13545;831;12714;6608;6106
"47324";903;766;48;718;361;357
"47325";374;322;31;291;151;140
"47326";1412;1228;98;1130;563;567
"47327";346;305;21;284;151;133
"47328";423;382;32;350;198;152
"48001";163;139;9;130;39;91
"48002";445;396;25;371;179;192
"48003";227;206;13;193;123;70
"48004";223;172;9;163;62;101
"48005";248;226;15;211;70;141
"48007";57;51;8;43;6;37
"48008";179;149;13;136;57;79
"48009";901;770;55;715;212;503
"48010";275;245;33;212;91;121
"48012";302;264;21;243;84;159
"48013";757;665;43;622;319;303
"48014";202;169;23;146;55;91
"48015";190;164;11;153;103;50
"48016";408;357;27;330;200;130
"48017";676;605;51;554;315;239
"48018";491;443;25;418;242;176
"48019";227;201;10;191;123;68
"48020";64;58;1;57;42;15
"48021";172;139;13;126;59;67
"48022";246;197;17;180;137;43
"48023";88;78;2;76;26;50
"48025";388;338;20;318;146;172
"48026";226;188;9;179;88;91
"48027";281;248;22;226;102;124
"48028";159;125;10;115;43;72
"48029";137;122;9;113;48;65
"48030";311;274;19;255;142;113
"48031";98;86;8;78;12;66
"48032";196;183;22;161;62;99
"48033";116;106;6;100;58;42
"48034";1468;1282;92;1190;451;739
"48036";135;113;13;100;64;36
"48037";95;82;5;77;51;26
"48038";194;158;8;150;79;71
"48039";1067;936;72;864;464;400
"48040";172;143;8;135;73;62
"48041";95;82;12;70;20;50
"48042";569;518;28;490;220;270
"48043";338;283;20;263;98;165
"48044";98;83;6;77;23;54
"48045";214;183;13;170;64;106
"48046";84;71;0;71;34;37
"48047";245;219;25;194;76;118
"48048";72;61;5;56;26;30
"48049";761;681;45;636;320;316
"48050";147;127;7;120;76;44
"48051";568;478;31;447;292;155
"48053";205;171;13;158;69;89
"48054";48;44;2;42;24;18
"48055";108;93;7;86;50;36
"48056";240;207;14;193;101;92
"48057";159;155;17;138;50;88
"48058";158;136;19;117;30;87
"48059";213;201;15;186;48;138
"48060";167;147;14;133;28;105
"48061";1224;1074;62;1012;668;344
"48062";112;97;5;92;37;55
"48063";216;191;9;182;59;123
"48064";318;274;29;245;86;159
"48065";85;71;6;65;24;41
"48066";196;153;11;142;92;50
"48067";82;76;2;74;58;16
"48068";149;122;14;108;49;59
"48069";49;44;7;37;27;10
"48070";603;511;57;454;221;233
"48071";85;69;2;67;4;63
"48072";158;145;18;127;69;58
"48073";127;108;3;105;47;58
"48074";219;191;15;176;84;92
"48075";658;564;29;535;327;208
"48076";264;230;10;220;83;137
"48077";67;52;2;50;17;33
"48078";174;161;20;141;70;71
"48079";126;109;3;106;49;57
"48080";2328;1877;117;1760;921;839
"48081";250;224;13;211;115;96
"48082";106;96;7;89;49;40
"48083";164;137;11;126;40;86
"48084";83;69;5;64;44;20
"48085";118;96;6;90;26;64
"48086";232;202;17;185;69;116
"48087";123;106;4;102;30;72
"48088";152;135;9;126;46;80
"48089";415;386;40;346;122;224
"48090";646;557;46;511;191;320
"48091";57;53;7;46;17;29
"48092";3440;2890;193;2697;1368;1329
"48093";137;114;7;107;32;75
"48094";326;303;17;286;119;167
"48095";7589;6330;376;5954;3353;2601
"48096";664;579;24;555;291;264
"48097";194;172;8;164;92;72
"48098";102;89;3;86;76;10
"48099";709;643;51;592;315;277
"48100";146;115;15;100;38;62
"48101";99;83;3;80;47;33
"48103";774;686;72;614;336;278
"48104";443;405;31;374;94;280
"48105";180;163;14;149;64;85
"48106";82;72;4;68;24;44
"48107";135;121;12;109;52;57
"48108";82;70;2;68;26;42
"48110";108;91;5;86;23;63
"48111";176;151;13;138;56;82
"48112";119;100;3;97;59;38
"48115";180;167;6;161;103;58
"48116";317;269;11;258;181;77
"48117";123;107;5;102;54;48
"48119";235;209;15;194;91;103
"48120";168;145;11;134;26;108
"48121";204;168;9;159;87;72
"48122";290;248;22;226;136;90
"48123";155;136;4;132;25;107
"48124";94;81;2;79;29;50
"48125";104;94;6;88;37;51
"48126";162;144;14;130;39;91
"48127";596;543;29;514;180;334
"48128";483;435;29;406;178;228
"48129";209;177;14;163;87;76
"48130";112;100;1;99;70;29
"48131";131;117;14;103;57;46
"48132";1221;994;48;946;429;517
"48133";130;115;11;104;47;57
"48134";95;83;4;79;67;12
"48135";150;136;5;131;72;59
"48136";113;97;10;87;62;25
"48137";430;372;25;347;191;156
"48138";68;54;2;52;26;26
"48139";119;106;8;98;56;42
"48140";2897;2481;148;2333;1109;1224
"48141";127;108;8;100;48;52
"48142";179;161;17;144;53;91
"48144";278;225;11;214;151;63
"48145";195;156;16;140;43;97
"48146";509;436;25;411;215;196
"48147";468;422;26;396;206;190
"48148";435;376;13;363;250;113
"48149";47;43;2;41;10;31
"48150";159;134;11;123;61;62
"48151";55;50;2;48;17;31
"48152";175;130;3;127;108;19
"48153";75;67;10;57;24;33
"48154";233;210;20;190;77;113
"48155";363;296;19;277;215;62
"48156";524;455;36;419;194;225
"48157";64;58;6;52;34;18
"48158";87;77;1;76;50;26
"48160";147;128;7;121;58;63
"48161";60;56;3;53;15;38
"48162";121;102;4;98;74;24
"48163";129;114;10;104;57;47
"48164";145;121;7;114;66;48
"48165";174;155;8;147;48;99
"48166";137;129;5;124;99;25
"48167";43;41;1;40;20;20
"48168";186;149;20;129;71;58
"48169";203;171;15;156;56;100
"48170";175;148;6;142;111;31
"48171";129;104;7;97;77;20
"48172";84;71;2;69;48;21
"48173";190;166;18;148;115;33
"48174";141;118;9;109;25;84
"48175";156;142;5;137;54;83
"48176";78;72;4;68;46;22
"48177";253;237;22;215;92;123
"48178";240;209;15;194;135;59
"48179";116;99;8;91;39;52
"48180";71;64;1;63;36;27
"48181";96;82;6;76;26;50
"48182";64;50;4;46;6;40
"48183";238;210;5;205;71;134
"48184";267;230;4;226;131;95
"48185";149;130;11;119;60;59
"48186";145;136;6;130;107;23
"48187";108;95;9;86;34;52
"48188";209;170;11;159;66;93
"48189";142;122;5;117;46;71
"48190";165;146;13;133;34;99
"48191";87;79;3;76;22;54
"48192";100;89;5;84;28;56
"48193";219;180;12;168;114;54
"48194";400;339;23;316;223;93
"48195";105;92;5;87;31;56
"48197";45;39;5;34;10;24
"48198";445;365;18;347;163;184
"49001";592;495;30;465;245;220
"49002";1985;1643;109;1534;604;930
"49003";623;533;30;503;195;308
"49004";1814;1608;89;1519;759;760
"49005";223;197;8;189;91;98
"49006";1523;1302;76;1226;490;736
"49007";87363;69911;3409;66502;38059;28443
"49008";654;563;42;521;188;333
"49009";343;273;26;247;107;140
"49010";237;203;15;188;54;134
"49011";315;279;15;264;97;167
"49012";273;242;20;222;98;124
"49013";321;270;19;251;112;139
"49014";350;306;26;280;114;166
"49015";10243;8691;372;8319;4244;4075
"49017";310;272;17;255;119;136
"49018";2596;2137;92;2045;955;1090
"49019";1161;937;57;880;440;440
"49020";3975;3475;158;3317;1845;1472
"49021";4462;3692;249;3443;1714;1729
"49022";1003;878;47;831;366;465
"49023";5326;4378;289;4089;1774;2315
"49024";297;262;25;237;80;157
"49025";178;161;13;148;86;62
"49026";1937;1693;104;1589;773;816
"49027";1331;1181;75;1106;445;661
"49028";120;104;6;98;58;40
"49029";878;769;31;738;385;353
"49030";668;570;41;529;222;307
"49031";425;376;19;357;171;186
"49032";903;813;47;766;447;319
"49033";312;267;24;243;132;111
"49034";588;530;36;494;198;296
"49035";5255;4565;242;4323;2136;2187
"49036";501;437;21;416;199;217
"49037";574;508;23;485;158;327
"49038";148;130;7;123;76;47
"49039";539;490;29;461;189;272
"49040";1149;969;70;899;420;479
"49041";1460;1205;87;1118;485;633
"49042";2560;2261;143;2118;1078;1040
"49043";625;555;29;526;295;231
"49044";238;208;14;194;85;109
"49045";366;288;18;270;100;170
"49046";929;758;52;706;343;363
"49047";338;288;18;270;94;176
"49048";2104;1794;93;1701;803;898
"49049";843;709;41;668;313;355
"49050";2112;1812;120;1692;846;846
"49051";444;384;28;356;161;195
"49052";220;178;13;165;76;89
"49053";231;195;17;178;81;97
"49054";1963;1655;98;1557;631;926
"49055";1655;1463;58;1405;744;661
"49056";161;145;13;132;46;86
"49057";234;196;20;176;82;94
"49058";539;455;32;423;163;260
"49059";334;289;26;263;100;163
"49060";967;834;45;789;352;437
"49061";608;524;14;510;167;343
"49062";117;101;5;96;50;46
"49063";4859;4050;226;3824;1909;1915
"49064";262;231;9;222;80;142
"49065";1404;1185;74;1111;427;684
"49066";720;620;39;581;227;354
"49067";195;164;5;159;60;99
"49068";1322;1127;96;1031;491;540
"49069";1768;1525;95;1430;689;741
"49070";516;444;29;415;176;239
"49071";820;719;64;655;271;384
"49072";885;774;49;725;225;500
"49073";95;82;7;75;31;44
"49074";513;456;21;435;167;268
"49075";990;839;75;764;356;408
"49076";433;383;38;345;173;172
"49077";411;372;29;343;142;201
"49078";570;477;32;445;236;209
"49079";43;41;1;40;13;27
"49080";2029;1691;93;1598;734;864
"49081";454;405;25;380;157;223
"49082";742;641;67;574;304;270
"49083";1048;913;64;849;287;562
"49084";244;212;11;201;108;93
"49085";597;526;40;486;172;314
"49086";779;661;43;618;267;351
"49087";85;71;3;68;27;41
"49088";617;525;26;499;226;273
"49089";704;627;25;602;225;377
"49090";655;562;34;528;260;268
"49091";535;469;35;434;210;224
"49092";5178;4204;233;3971;1708;2263
"49093";194;160;11;149;51;98
"49094";790;682;44;638;310;328
"49095";84;74;4;70;21;49
"49096";365;298;18;280;118;162
"49097";664;588;27;561;279;282
"49098";201;178;11;167;62;105
"49099";36315;29625;1552;28073;15049;13024
"49100";339;273;15;258;86;172
"49101";693;586;46;540;244;296
"49102";220;191;10;181;42;139
"49103";2037;1677;85;1592;883;709
"49104";408;334;18;316;123;193
"49105";541;462;26;436;194;242
"49106";2164;1886;121;1765;855;910
"49107";323;289;25;264;136;128
"49108";692;591;36;555;238;317
"49109";1057;908;54;854;297;557
"49110";1196;1032;59;973;512;461
"49111";298;263;16;247;127;120
"49112";728;619;46;573;287;286
"49113";353;298;19;279;142;137
"49114";132;113;5;108;44;64
"49115";406;356;17;339;216;123
"49116";412;350;16;334;158;176
"49117";980;854;56;798;463;335
"49119";1083;934;66;868;296;572
"49120";1044;916;48;868;481;387
"49121";347;298;14;284;111;173
"49122";230;178;11;167;88;79
"49123";1169;978;55;923;388;535
"49125";5600;4499;313;4186;1905;2281
"49126";1487;1263;85;1178;467;711
"49127";2506;2077;125;1952;934;1018
"49128";431;358;20;338;179;159
"49129";2975;2634;140;2494;1237;1257
"49130";486;411;29;382;189;193
"49131";465;388;34;354;151;203
"49132";993;866;53;813;351;462
"49133";463;412;16;396;156;240
"49134";1008;883;47;836;356;480
"49135";1594;1343;86;1257;585;672
"49136";243;218;12;206;74;132
"49137";1188;1032;53;979;342;637
"49138";689;587;48;539;264;275
"49139";359;305;15;290;177;113
"49140";850;711;39;672;315;357
"49141";210;182;11;171;67;104
"49142";158;140;11;129;68;61
"49143";529;460;40;420;201;219
"49144";846;702;61;641;206;435
"49145";1451;1229;97;1132;449;683
"49147";312;280;14;266;145;121
"49148";304;269;14;255;112;143
"49149";1430;1239;66;1173;578;595
"49150";249;217;13;204;111;93
"49151";1998;1674;112;1562;633;929
"49153";1528;1352;84;1268;423;845
"49154";385;344;16;328;171;157
"49155";971;879;26;853;378;475
"49156";188;161;7;154;50;104
"49157";266;234;12;222;109;113
"49158";340;298;28;270;100;170
"49159";395;337;13;324;137;187
"49160";1238;1050;59;991;489;502
"49161";240;193;17;176;90;86
"49162";2409;2068;131;1937;654;1283
"49163";1158;988;63;925;437;488
"49165";891;754;49;705;300;405
"49167";2186;1853;65;1788;824;964
"49169";951;833;49;784;294;490
"49170";651;573;38;535;291;244
"49171";91;81;2;79;44;35
"49172";1233;1053;89;964;365;599
"49173";210;188;5;183;75;108
"49174";524;433;34;399;208;191
"49175";77;64;3;61;32;29
"49176";3000;2410;127;2283;1034;1249
"49177";1876;1631;109;1522;696;826
"49178";625;542;21;521;163;358
"49179";1561;1331;80;1251;480;771
"49180";4922;4020;261;3759;1547;2212
"49181";324;269;17;252;120;132
"49182";535;469;13;456;162;294
"49183";1877;1622;112;1510;640;870
"49184";404;349;25;324;141;183
"49185";243;219;8;211;99;112
"49186";189;169;13;156;78;78
"49187";332;289;14;275;96;179
"49188";606;532;32;500;261;239
"49189";459;409;23;386;133;253
"49190";674;584;48;536;212;324
"49191";1368;1136;60;1076;487;589
"49192";2290;1949;124;1825;801;1024
"49193";2962;2428;181;2247;1107;1140
"49194";3501;3011;212;2799;1519;1280
"49195";772;679;44;635;308;327
"49196";1590;1425;70;1355;679;676
"49197";236;208;11;197;76;121
"49198";204;175;12;163;60;103
"49199";1217;1068;72;996;381;615
"49200";1406;1227;74;1153;586;567
"49201";1489;1243;56;1187;661;526
"49202";190;157;13;144;72;72
"49204";1070;948;73;875;364;511
"49205";670;589;44;545;203;342
"49206";1461;1203;80;1123;485;638
"49207";93;85;10;75;22;53
"49208";153;126;8;118;49;69
"49209";266;223;10;213;66;147
"49211";961;806;60;746;235;511
"49212";2195;1893;85;1808;865;943
"49213";134;121;9;112;41;71
"49214";5501;4636;282;4354;2442;1912
"49215";2874;2295;159;2136;1108;1028
"49216";341;308;16;292;143;149
"49217";464;414;31;383;202;181
"49218";919;781;41;740;384;356
"49219";345;300;9;291;118;173
"49220";1226;1008;51;957;335;622
"49221";684;539;41;498;236;262
"49222";1518;1301;79;1222;628;594
"49223";4130;3529;186;3343;1827;1516
"49224";667;590;40;550;232;318
"49225";614;521;24;497;146;351
"49226";331;282;18;264;89;175
"49227";463;414;14;400;206;194
"49228";1290;1107;63;1044;421;623
"49229";1387;1164;82;1082;716;366
"49230";201;173;20;153;58;95
"49231";1041;944;50;894;406;488
"49232";1037;877;47;830;246;584
"49233";958;771;41;730;373;357
"49234";613;463;30;433;194;239
"49235";346;305;24;281;136;145
"49236";105;92;5;87;42;45
"49237";124;114;8;106;50;56
"49238";1714;1417;88;1329;757;572
"49239";927;831;57;774;247;527
"49240";753;625;48;577;291;286
"49241";1751;1513;88;1425;740;685
"49242";884;770;37;733;363;370
"49243";788;698;43;655;191;464
"49244";2976;2644;199;2445;926;1519
"49245";198;173;3;170;60;110
"49246";9089;7539;394;7145;3959;3186
"49247";1843;1601;97;1504;844;660
"49248";2300;1924;111;1813;801;1012
"49249";1217;1046;70;976;555;421
"49250";205;177;6;171;59;112
"49251";460;412;24;388;176;212
"49252";809;660;67;593;202;391
"49253";921;748;50;698;287;411
"49254";177;150;9;141;77;64
"49256";596;502;33;469;310;159
"49257";702;595;38;557;270;287
"49258";744;623;40;583;212;371
"49259";1656;1440;67;1373;717;656
"49260";1253;1085;87;998;447;551
"49261";1737;1469;86;1383;629;754
"49262";534;468;28;440;174;266
"49263";831;700;49;651;276;375
"49264";1934;1656;124;1532;718;814
"49265";885;803;57;746;386;360
"49266";708;637;36;601;298;303
"49267";6858;5797;320;5477;3094;2383
"49268";553;481;39;442;155;287
"49269";2098;1768;108;1660;785;875
"49270";466;413;35;378;135;243
"49271";1363;1219;77;1142;547;595
"49272";795;675;42;633;343;290
"49273";1124;941;75;866;349;517
"49274";653;566;36;530;262;268
"49276";2179;1858;152;1706;819;887
"49277";1110;966;59;907;364;543
"49278";2832;2448;112;2336;1166;1170
"49279";517;440;20;420;225;195
"49280";294;256;16;240;128;112
"49281";1242;1072;60;1012;393;619
"49282";541;430;28;402;166;236
"49283";2370;2078;137;1941;989;952
"49284";1003;872;50;822;408;414
"49285";1997;1657;121;1536;706;830
"49288";171;146;9;137;96;41
"49289";1292;1147;66;1081;514;567
"49290";1365;1210;69;1141;659;482
"49291";275;223;16;207;92;115
"49292";1346;1210;82;1128;541;587
"49294";1840;1620;88;1532;727;805
"49295";1307;1166;100;1066;418;648
"49296";1456;1265;93;1172;486;686
"49297";579;509;36;473;176;297
"49298";1144;1000;52;948;498;450
"49299";2086;1763;107;1656;857;799
"49300";577;493;29;464;147;317
"49301";4827;4131;244;3887;1915;1972
"49302";301;237;15;222;108;114
"49303";545;496;44;452;235;217
"49304";805;685;58;627;274;353
"49305";555;475;29;446;207;239
"49306";1231;1108;66;1042;586;456
"49307";1754;1533;75;1458;700;758
"49308";1576;1426;86;1340;626;714
"49309";286;254;4;250;84;166
"49310";454;376;15;361;120;241
"49311";842;737;65;672;292;380
"49312";276;243;11;232;97;135
"49313";2477;2107;154;1953;880;1073
"49314";814;719;52;667;170;497
"49315";232;191;12;179;85;94
"49316";1084;963;83;880;325;555
"49317";739;642;27;615;351;264
"49318";979;910;57;853;482;371
"49319";216;182;7;175;71;104
"49320";601;525;46;479;186;293
"49321";289;251;20;231;134;97
"49322";156;137;7;130;72;58
"49323";3413;2996;191;2805;1338;1467
"49324";972;838;53;785;265;520
"49325";791;645;33;612;161;451
"49326";622;551;46;505;318;187
"49327";398;339;24;315;157;158
"49328";19300;15367;884;14483;6620;7863
"49329";965;847;51;796;415;381
"49330";657;604;48;556;267;289
"49331";5066;4018;236;3782;1830;1952
"49332";3082;2659;177;2482;1099;1383
"49333";1975;1672;87;1585;807;778
"49334";212;180;12;168;67;101
"49335";232;211;7;204;72;132
"49336";658;586;30;556;218;338
"49337";1973;1682;113;1569;895;674
"49338";988;886;41;845;471;374
"49339";1048;938;76;862;458;404
"49341";532;457;30;427;163;264
"49342";213;176;6;170;52;118
"49343";2416;2042;124;1918;827;1091
"49344";733;654;41;613;285;328
"49345";1421;1188;81;1107;494;613
"49346";363;320;17;303;149;154
"49347";3138;2678;166;2512;1121;1391
"49348";556;449;35;414;173;241
"49349";1260;1092;66;1026;399;627
"49350";1495;1262;72;1190;428;762
"49351";996;880;62;818;245;573
"49352";832;716;47;669;292;377
"49353";8548;6981;403;6578;4476;2102
"49354";254;220;7;213;66;147
"49355";2183;1867;147;1720;805;915
"49356";287;253;14;239;57;182
"49358";423;350;19;331;139;192
"49359";394;344;25;319;105;214
"49360";1321;1129;85;1044;547;497
"49361";1408;1143;74;1069;420;649
"49362";924;804;46;758;303;455
"49363";1169;1021;55;966;498;468
"49364";890;740;69;671;282;389
"49365";626;524;39;485;196;289
"49366";235;198;15;183;65;118
"49367";1501;1238;56;1182;490;692
"49368";1252;1013;63;950;473;477
"49369";859;719;55;664;309;355
"49370";338;294;24;270;121;149
"49371";1172;1030;69;961;455;506
"49372";995;843;58;785;386;399
"49373";3125;2646;149;2497;1035;1462
"49374";1081;900;60;840;393;447
"49375";1754;1487;104;1383;656;727
"49376";464;396;34;362;177;185
"49377";2103;1799;110;1689;880;809
"49378";1603;1364;80;1284;503;781
"49380";202;159;9;150;76;74
"49381";1438;1218;64;1154;406;748
"50001";531;454;32;422;218;204
"50002";3453;2912;137;2775;1469;1306
"50003";2599;2235;80;2155;902;1253
"50004";376;320;18;302;141;161
"50005";230;182;10;172;54;118
"50006";119;110;5;105;56;49
"50007";172;149;14;135;51;84
"50008";359;315;32;283;135;148
"50009";190;159;17;142;72;70
"50010";60;50;1;49;9;40
"50012";214;175;10;165;77;88
"50013";328;272;13;259;80;179
"50014";212;177;10;167;82;85
"50015";501;428;23;405;175;230
"50016";171;142;6;136;74;62
"50018";415;350;16;334;151;183
"50019";321;269;19;250;126;124
"50020";235;205;10;195;113;82
"50021";59;45;3;42;12;30
"50022";95;76;4;72;22;50
"50023";500;413;27;386;197;189
"50024";128;115;6;109;53;56
"50025";5578;4318;217;4101;2038;2063
"50026";74;64;0;64;31;33
"50027";711;612;47;565;242;323
"50028";82;64;7;57;33;24
"50029";922;775;52;723;314;409
"50030";493;392;13;379;140;239
"50031";1977;1637;74;1563;715;848
"50032";788;683;45;638;363;275
"50033";142;121;8;113;35;78
"50034";403;372;19;353;208;145
"50035";84;76;7;69;32;37
"50036";321;268;12;256;149;107
"50037";104;89;1;88;32;56
"50038";312;268;19;249;115;134
"50039";114;89;6;83;30;53
"50040";140;118;8;110;26;84
"50041";1001;838;40;798;438;360
"50042";330;270;12;258;67;191
"50043";115;95;8;87;38;49
"50044";218;184;5;179;65;114
"50045";407;360;14;346;170;176
"50046";297;248;12;236;113;123
"50048";396;328;24;304;103;201
"50049";512;416;30;386;184;202
"50050";88;81;7;74;21;53
"50051";46;40;0;40;9;31
"50052";125;115;4;111;30;81
"50054";128;109;12;97;44;53
"50055";76;69;6;63;22;41
"50056";346;293;25;268;134;134
"50057";404;359;28;331;225;106
"50058";1298;1102;64;1038;476;562
"50059";200;176;16;160;58;102
"50060";343;286;14;272;105;167
"50061";156;141;8;133;49;84
"50062";78;57;5;52;20;32
"50063";299;237;15;222;115;107
"50064";113;92;5;87;36;51
"50066";2009;1724;94;1630;699;931
"50069";223;189;8;181;75;106
"50070";47;45;1;44;19;25
"50071";142;125;10;115;28;87
"50072";163;146;14;132;64;68
"50073";104;96;13;83;41;42
"50074";1764;1505;100;1405;610;795
"50075";128;113;9;104;49;55
"50076";2600;2197;131;2066;1027;1039
"50077";980;809;41;768;427;341
"50078";339;290;7;283;127;156
"50079";310;262;13;249;113;136
"50080";255;217;8;209;94;115
"50081";694;614;37;577;249;328
"50082";3412;2657;156;2501;1360;1141
"50083";393;342;13;329;186;143
"50084";459;412;16;396;212;184
"50085";955;830;42;788;368;420
"50086";289;245;16;229;111;118
"50087";1717;1431;68;1363;697;666
"50088";135;115;5;110;58;52
"50089";123;106;3;103;34;69
"50090";433;379;23;356;104;252
"50092";544;471;42;429;196;233
"50093";312;261;14;247;120;127
"50094";287;248;18;230;98;132
"50095";785;670;34;636;302;334
"50096";169;144;12;132;58;74
"50097";103;89;6;83;39;44
"50098";439;381;30;351;170;181
"50099";4215;3293;158;3135;1688;1447
"50100";345;312;24;288;112;176
"50101";174;145;12;133;58;75
"50102";762;662;29;633;243;390
"50103";221;186;10;176;82;94
"50105";77;69;8;61;26;35
"50106";184;173;6;167;76;91
"50107";98;90;0;90;42;48
"50108";334;287;26;261;132;129
"50109";1561;1193;80;1113;489;624
"50110";620;530;47;483;217;266
"50111";729;610;44;566;265;301
"50112";337;282;16;266;107;159
"50114";89;85;5;80;34;46
"50115";171;147;5;142;68;74
"50116";146;133;11;122;50;72
"50117";303;258;13;245;97;148
"50118";217;183;10;173;54;119
"50119";147;124;7;117;59;58
"50120";241;218;11;207;108;99
"50121";175;145;5;140;42;98
"50123";522;439;24;415;200;215
"50124";111;88;2;86;21;65
"50125";69;56;4;52;13;39
"50126";117;98;7;91;46;45
"50127";535;454;23;431;253;178
"50128";217;179;14;165;80;85
"50129";23754;18357;905;17452;10472;6980
"50130";317;262;16;246;91;155
"50131";238;203;20;183;70;113
"50132";197;172;8;164;67;97
"50133";166;149;10;139;49;90
"50134";70;56;7;49;18;31
"50135";161;140;10;130;63;67
"50136";150;130;5;125;80;45
"50137";461;394;28;366;143;223
"50138";368;307;18;289;152;137
"50139";2569;2259;141;2118;1056;1062
"50140";300;252;13;239;113;126
"50142";480;412;26;386;183;203
"50143";648;578;29;549;281;268
"50144";413;323;25;298;98;200
"50145";437;367;22;345;195;150
"50146";191;169;17;152;67;85
"50147";5914;4759;225;4534;2594;1940
"50148";329;281;12;269;119;150
"50149";683;600;32;568;326;242
"50150";202;167;16;151;55;96
"50151";1686;1442;83;1359;686;673
"50152";213;169;6;163;53;110
"50153";195;156;9;147;76;71
"50154";362;321;30;291;126;165
"50155";194;176;17;159;69;90
"50156";55;47;3;44;18;26
"50158";277;227;10;217;72;145
"50159";475;389;23;366;160;206
"50160";499;414;27;387;176;211
"50161";403;326;21;305;138;167
"50162";1281;1096;55;1041;590;451
"50163";203;186;16;170;73;97
"50164";772;635;55;580;278;302
"50165";2968;2344;113;2231;1201;1030
"50166";229;189;9;180;74;106
"50167";576;521;23;498;213;285
"50168";1744;1485;103;1382;625;757
"50169";80;61;4;57;31;26
"50170";71;63;3;60;35;25
"50171";33;29;3;26;11;15
"50172";268;237;14;223;102;121
"50173";12785;10225;549;9676;6429;3247
"50174";131;117;9;108;47;61
"50175";177;155;8;147;78;69
"50176";245;203;14;189;89;100
"50177";291;264;19;245;122;123
"50178";1147;965;46;919;532;387
"50179";34;31;4;27;7;20
"50180";265;232;20;212;99;113
"50181";253;207;14;193;89;104
"50182";235;206;9;197;97;100
"50183";220;187;13;174;66;108
"50184";1215;979;59;920;526;394
"50185";778;673;59;614;232;382
"50186";150;124;11;113;50;63
"50187";681;598;40;558;346;212
"50188";701;577;30;547;285;262
"50189";244;206;13;193;60;133
"50190";158;136;8;128;48;80
"50191";109;94;9;85;42;43
"50192";81;68;3;65;16;49
"50193";182;157;8;149;54;95
"50194";319;264;15;249;115;134
"50195";193;164;8;156;75;81
"50196";464;395;16;379;156;223
"50197";1143;965;64;901;350;551
"50198";347;291;13;278;110;168
"50199";407;353;19;334;118;216
"50200";673;569;27;542;237;305
"50202";545;477;36;441;225;216
"50203";4393;3441;211;3230;1963;1267
"50204";133;120;2;118;45;73
"50205";189;161;13;148;68;80
"50206";94;78;3;75;30;45
"50207";133;119;17;102;35;67
"50208";112;97;4;93;43;50
"50209";663;557;35;522;263;259
"50210";289;239;14;225;76;149
"50211";107;86;1;85;38;47
"50212";114;99;11;88;20;68
"50213";353;317;18;299;172;127
"50214";219;187;14;173;70;103
"50215";1657;1430;73;1357;619;738
"50216";554;455;34;421;217;204
"50217";424;376;28;348;168;180
"50218";9511;7511;387;7124;3720;3404
"50219";542;478;34;444;233;211
"50220";602;529;29;500;309;191
"50221";47;43;5;38;12;26
"50222";583;488;36;452;230;222
"50223";95;79;7;72;27;45
"50224";767;651;63;588;252;336
"50225";83;67;6;61;24;37
"50227";264;206;9;197;106;91
"50228";879;729;46;683;277;406
"50229";89;81;6;75;20;55
"50230";655;584;33;551;306;245
"50231";646;519;25;494;207;287
"50232";298;258;21;237;115;122
"50233";103;87;4;83;36;47
"50234";58;47;2;45;16;29
"50235";199;170;8;162;82;80
"50236";1220;986;54;932;431;501
"50237";907;778;46;732;352;380
"50238";302;255;19;236;103;133
"50239";864;744;59;685;349;336
"50240";315;273;26;247;141;106
"50241";134;115;10;105;56;49
"50242";112;94;4;90;43;47
"50243";424;363;27;336;150;186
"50244";167;152;7;145;69;76
"50245";163;130;8;122;52;70
"50246";61;56;6;50;16;34
"50247";128;117;9;108;64;44
"50248";238;201;11;190;110;80
"50249";203;179;9;170;74;96
"50250";57;44;3;41;14;27
"50251";275;233;8;225;109;116
"50252";625;531;49;482;202;280
"50253";149;127;3;124;57;67
"50254";183;164;9;155;40;115
"50255";287;248;12;236;116;120
"50256";2358;2122;142;1980;804;1176
"50257";335;287;27;260;129;131
"50258";81;60;2;58;25;33
"50259";469;411;27;384;171;213
"50260";462;387;24;363;122;241
"50261";138;120;10;110;32;78
"50262";396;332;22;310;129;181
"50263";336;291;15;276;84;192
"50265";124;112;4;108;32;76
"50266";352;299;23;276;126;150
"50267";1434;1173;83;1090;465;625
"50268";210;171;5;166;70;96
"50269";153;129;8;121;61;60
"50270";306;268;18;250;119;131
"50271";51;38;2;36;11;25
"50272";837;702;38;664;302;362
"50273";392;329;27;302;140;162
"50274";719;610;40;570;182;388
"50275";117;104;8;96;30;66
"50276";442;367;19;348;178;170
"50277";555;457;22;435;217;218
"50278";171;144;15;129;60;69
"50279";429;358;20;338;144;194
"50280";252;207;24;183;80;103
"50281";684;579;44;535;247;288
"50282";170;146;12;134;50;84
"50283";49;44;0;44;19;25
"50284";77;65;1;64;27;37
"50285";207;173;18;155;73;82
"50287";397;335;23;312;156;156
"50288";1011;900;47;853;430;423
"50289";504;438;33;405;231;174
"50290";275;234;9;225;116;109
"50291";102;87;7;80;24;56
"50292";1663;1390;84;1306;628;678
"50293";242;214;12;202;55;147
"50294";889;758;38;720;384;336
"50295";107;94;8;86;38;48
"50296";220;202;5;197;117;80
"50297";826;714;45;669;382;287
"50298";501;429;25;404;215;189
"50299";154;131;7;124;41;83
"50300";136;112;6;106;39;67
"50301";129;110;10;100;52;48
"50302";223;201;5;196;95;101
"50304";120;101;7;94;40;54
"50305";504;424;27;397;239;158
"50308";219;182;7;175;87;88
"50310";108;86;8;78;38;40
"50311";195;173;11;162;69;93
"50312";108;96;1;95;32;63
"50313";102;89;8;81;29;52
"50315";213;174;9;165;53;112
"50316";168;158;9;149;73;76
"50317";176;133;8;125;57;68
"50318";154;128;7;121;47;74
"50319";287;259;19;240;143;97
"50320";123;109;4;105;34;71
"50321";419;379;20;359;178;181
"50323";164;132;14;118;41;77
"50324";79;66;6;60;21;39
"50325";171;137;5;132;75;57
"50326";208;180;5;175;57;118
"50327";116;104;9;95;43;52
"50328";493;410;28;382;149;233
"50329";242;210;4;206;62;144
"50330";182;138;7;131;46;85
"50332";577;478;39;439;177;262
"50333";240;208;6;202;125;77
"50334";201;172;21;151;57;94
"50335";376;319;29;290;138;152
"50336";152;132;12;120;48;72
"50337";303;242;14;228;75;153
"50338";383;236;17;219;79;140
"50339";254;219;12;207;102;105
"50340";135;120;7;113;53;60
"50341";1354;1135;53;1082;618;464
"50342";682;551;40;511;203;308
"50343";364;314;17;297;119;178
"50345";527;468;23;445;228;217
"50347";230;188;18;170;69;101
"50348";446;348;24;324;132;192
"50349";1113;950;54;896;468;428
"50350";389;316;21;295;121;174
"50351";65;54;1;53;28;25
"50352";207;163;11;152;82;70
"50353";102;86;3;83;8;75
"50354";262;228;18;210;96;114
"50355";270;242;14;228;98;130
"50356";658;533;26;507;282;225
"50357";70;63;5;58;22;36
"50358";198;170;10;160;66;94
"50359";1241;1016;53;963;451;512
"50360";200;176;11;165;62;103
"50361";130;119;10;109;45;64
"50362";236;210;6;204;69;135
"50363";747;652;38;614;233;381
"50364";493;402;26;376;162;214
"50365";317;280;20;260;130;130
"50368";63;53;2;51;24;27
"50369";594;504;36;468;237;231
"50370";427;368;29;339;197;142
"50371";345;317;17;300;142;158
"50372";119;100;2;98;46;52
"50373";76;65;1;64;30;34
"50374";31;24;1;23;8;15
"50375";147;132;3;129;63;66
"50376";337;298;17;281;141;140
"50378";464;376;31;345;158;187
"50379";92;85;3;82;31;51
"50380";127;108;7;101;44;57
"50381";505;437;33;404;158;246
"50382";380;333;16;317;206;111
"50384";158;135;13;122;42;80
"50385";135;120;2;118;61;57
"50386";416;353;10;343;210;133
"50387";266;222;8;214;91;123
"50388";751;636;41;595;326;269
"50389";348;287;26;261;119;142
"50390";125;106;8;98;40;58
"50391";1547;1319;99;1220;527;693
"50393";1613;1376;108;1268;458;810
"50394";1729;1384;74;1310;553;757
"50395";197;161;7;154;43;111
"50396";141;110;8;102;48;54
"50397";159;143;17;126;64;62
"50398";133;116;5;111;41;70
"50399";155;126;10;116;56;60
"50400";1224;1003;60;943;434;509
"50401";538;443;23;420;215;205
"50402";2523;2105;131;1974;1119;855
"50403";1330;1089;46;1043;469;574
"50404";157;136;11;125;47;78
"50405";192;158;8;150;58;92
"50406";295;261;16;245;107;138
"50407";663;579;37;542;233;309
"50408";370;303;15;288;139;149
"50409";1379;1176;68;1108;582;526
"50410";2865;2441;145;2296;1066;1230
"50411";457;399;19;380;163;217
"50412";1341;1141;67;1074;479;595
"50413";364;288;24;264;141;123
"50414";377;321;10;311;152;159
"50415";214;182;7;175;90;85
"50416";3590;2938;168;2770;1652;1118
"50417";1259;1042;58;984;398;586
"50418";549;459;37;422;215;207
"50419";1049;906;71;835;373;462
"50420";664;550;32;518;257;261
"50421";261;203;9;194;64;130
"50422";150;124;7;117;47;70
"50423";187;171;9;162;83;79
"50425";855;738;39;699;365;334
"50426";323;272;29;243;96;147
"50427";248;215;12;203;66;137
"50428";407;305;17;288;100;188
"50429";713;626;37;589;332;257
"50430";25;22;0;22;13;9
"50431";485;387;23;364;169;195
"50432";110;94;3;91;42;49
"50433";968;792;34;758;258;500
"50434";260;221;9;212;90;122
"50435";477;412;32;380;215;165
"50436";858;749;55;694;277;417
"50437";620;510;34;476;175;301
"50438";287;251;9;242;102;140
"50440";249;220;24;196;76;120
"50441";237;199;14;185;96;89
"50442";216;193;19;174;100;74
"50443";427;369;18;351;142;209
"50444";1715;1511;103;1408;690;718
"50445";230;189;13;176;90;86
"50446";412;355;9;346;149;197
"50447";324;282;23;259;123;136
"50448";519;448;33;415;180;235
"50449";176;149;10;139;75;64
"50450";276;244;25;219;96;123
"50451";105;85;10;75;39;36
"50452";508;434;17;417;143;274
"50453";678;608;35;573;226;347
"50454";301;252;19;233;125;108
"50455";632;549;31;518;230;288
"50456";424;357;24;333;125;208
"50457";138;118;10;108;49;59
"50458";417;346;20;326;123;203
"50460";581;502;23;479;245;234
"50461";165;142;11;131;73;58
"50462";327;273;24;249;83;166
"50463";397;337;20;317;109;208
"50464";438;376;26;350;157;193
"50465";548;486;37;449;255;194
"50467";372;319;22;297;170;127
"50468";545;443;28;415;180;235
"50469";241;202;13;189;49;140
"50470";326;272;16;256;132;124
"50471";248;227;13;214;108;106
"50472";171;153;9;144;87;57
"50473";337;274;18;256;128;128
"50474";407;353;18;335;116;219
"50475";778;667;34;633;335;298
"50476";163;143;10;133;65;68
"50477";301;260;13;247;122;125
"50478";300;262;12;250;141;109
"50479";103;88;3;85;21;64
"50480";594;491;25;466;231;235
"50481";841;688;37;651;289;362
"50482";163;135;8;127;41;86
"50483";667;606;28;578;306;272
"50484";2955;2513;123;2390;944;1446
"50485";1057;912;40;872;446;426
"50486";385;325;19;306;144;162
"50487";1916;1621;92;1529;701;828
"50488";461;397;23;374;200;174
"50489";420;374;27;347;193;154
"50490";293;253;12;241;94;147
"50491";274;229;12;217;114;103
"50492";937;814;65;749;339;410
"50493";964;840;60;780;329;451
"50494";203;183;18;165;51;114
"50495";58;49;4;45;14;31
"50496";386;335;8;327;146;181
"50497";314;261;15;246;96;150
"50498";615;543;38;505;256;249
"50499";398;349;25;324;102;222
"50500";450;382;27;355;120;235
"50502";13587;10688;555;10133;6000;4133
"50503";440;363;30;333;174;159
"50504";150;129;18;111;37;74
"50505";539;480;34;446;251;195
"50506";306;272;23;249;128;121
"50507";297;259;12;247;109;138
"50508";49;42;3;39;14;25
"50509";561;459;18;441;170;271
"50510";399;338;20;318;157;161
"50511";102;81;8;73;26;47
"50512";416;372;22;350;173;177
"50513";171;142;8;134;73;61
"50514";203;180;12;168;69;99
"50515";924;788;46;742;262;480
"50516";2012;1737;100;1637;862;775
"50517";158;132;7;125;48;77
"50518";236;207;17;190;68;122
"50519";298;243;21;222;106;116
"50520";112;95;2;93;51;42
"50521";101;86;3;83;39;44
"50522";247;203;14;189;93;96
"50523";1136;970;61;909;398;511
"50524";156;131;7;124;62;62
"50525";247;209;11;198;101;97
"50528";223;195;20;175;104;71
"50529";63;49;0;49;17;32
"50531";562;488;43;445;186;259
"50532";3295;2886;103;2783;1344;1439
"50533";127;104;3;101;41;60
"50534";299;267;26;241;106;135
"50535";228;194;20;174;78;96
"50536";126;110;3;107;51;56
"50537";311;277;16;261;134;127
"50538";350;296;18;278;150;128
"50539";1270;1037;44;993;506;487
"50540";413;340;11;329;138;191
"50541";979;873;66;807;450;357
"50542";394;329;18;311;103;208
"50543";998;847;74;773;360;413
"50544";199;183;10;173;96;77
"50545";524;447;23;424;182;242
"50546";624;556;41;515;254;261
"50548";103;93;5;88;23;65
"50549";280;232;18;214;76;138
"50550";1218;1016;59;957;515;442
"50551";1652;1356;79;1277;655;622
"50552";251;208;21;187;70;117
"50553";247;205;6;199;103;96
"50554";1064;920;53;867;415;452
"50556";484;422;25;397;249;148
"50557";104;83;11;72;29;43
"50558";676;613;37;576;284;292
"50562";1715;1326;64;1262;558;704
"50563";196;169;15;154;60;94
"50564";615;505;26;479;195;284
"50565";1124;922;76;846;393;453
"50567";762;648;37;611;352;259
"50568";404;347;13;334;185;149
"50569";288;254;20;234;120;114
"50570";362;298;19;279;82;197
"50571";28;27;0;27;8;19
"50572";162;130;18;112;46;66
"50573";152;130;11;119;65;54
"50574";216;166;20;146;69;77
"50575";421;368;14;354;189;165
"50576";826;689;33;656;391;265
"50577";232;182;7;175;76;99
"50578";85;81;2;79;30;49
"50579";940;821;48;773;453;320
"50580";320;280;15;265;140;125
"50581";335;302;16;286;142;144
"50582";2201;1841;117;1724;717;1007
"50583";139;112;6;106;44;62
"50584";270;233;14;219;101;118
"50585";969;808;51;757;351;406
"50586";166;139;11;128;60;68
"50587";22;22;0;22;10;12
"50588";506;434;26;408;185;223
"50589";232;217;31;186;85;101
"50590";276;240;20;220;124;96
"50591";999;823;59;764;227;537
"50592";1142;949;46;903;362;541
"50593";495;401;17;384;178;206
"50594";686;590;42;548;288;260
"50595";489;419;27;392;200;192
"50596";230;210;12;198;88;110
"50597";605;520;37;483;199;284
"50598";239;196;20;176;78;98
"50599";923;820;55;765;447;318
"50600";535;460;23;437;283;154
"50601";1705;1358;83;1275;593;682
"50602";12350;10072;545;9527;6072;3455
"50603";633;541;23;518;279;239
"50604";577;462;29;433;228;205
"50605";504;407;34;373;150;223
"50606";439;347;27;320;132;188
"50607";274;227;7;220;95;125
"50608";236;202;15;187;84;103
"50609";111;104;7;97;42;55
"50610";152;132;4;128;56;72
"50611";1774;1561;74;1487;898;589
"50612";596;530;29;501;254;247
"50613";309;246;9;237;98;139
"50614";116;89;9;80;36;44
"50615";5206;4298;254;4044;2083;1961
"50616";1510;1357;86;1271;669;602
"50617";258;212;14;198;99;99
"50618";249;200;12;188;83;105
"50619";240;196;13;183;68;115
"50620";796;675;48;627;343;284
"50621";72;64;1;63;26;37
"50622";268;233;20;213;112;101
"50623";317;276;14;262;156;106
"50624";341;305;23;282;121;161
"50625";404;323;23;300;121;179
"50626";268;228;22;206;85;121
"50627";194;147;13;134;54;80
"50628";139;116;8;108;55;53
"50629";514;418;33;385;150;235
"50630";295;258;13;245;76;169
"50631";307;261;21;240;108;132
"50633";100;87;1;86;17;69
"50634";64;50;0;50;24;26
"50635";107;95;3;92;47;45
"50636";36;33;1;32;9;23
"50637";240;205;10;195;64;131
"50638";147;119;7;112;36;76
"50639";2834;2255;148;2107;966;1141
"50640";149;128;12;116;54;62
"50641";452;393;23;370;198;172
"50642";239;204;9;195;101;94
"50643";655;575;26;549;302;247
"50644";784;682;61;621;251;370
"50646";448;362;30;332;131;201
"50647";829;731;41;690;351;339
"50648";872;779;40;739;373;366
"51001";130;110;7;103;52;51
"51002";1128;931;63;868;367;501
"51003";188;165;6;159;64;95
"51004";91;82;1;81;7;74
"51005";120;108;2;106;33;73
"51006";137;119;12;107;53;54
"51007";706;569;32;537;170;367
"51008";176;158;19;139;42;97
"51009";653;539;47;492;232;260
"51010";114;100;9;91;37;54
"51012";52;43;0;43;9;34
"51013";80;68;5;63;14;49
"51014";263;215;6;209;66;143
"51015";80;73;7;66;13;53
"51016";249;191;17;174;79;95
"51017";277;238;21;217;78;139
"51018";526;450;47;403;166;237
"51019";165;152;7;145;37;108
"51020";36;33;3;30;10;20
"51022";122;102;8;94;29;65
"51023";178;166;8;158;60;98
"51025";641;548;42;506;203;303
"51027";194;165;16;149;36;113
"51028";749;596;42;554;230;324
"51029";1193;959;60;899;341;558
"51030";2685;2166;160;2006;1118;888
"51031";215;177;20;157;43;114
"51032";358;309;27;282;125;157
"51033";200;160;16;144;75;69
"51034";27;27;8;19;4;15
"51035";203;179;15;164;34;130
"51036";389;315;15;300;109;191
"51037";215;186;23;163;65;98
"51038";138;119;5;114;21;93
"51039";105;91;9;82;20;62
"51040";259;209;15;194;65;129
"51041";102;93;6;87;20;67
"51042";356;280;19;261;93;168
"51043";1549;1200;93;1107;549;558
"51044";559;489;40;449;190;259
"51045";93;82;7;75;27;48
"51046";737;618;39;579;224;355
"51047";48;35;2;33;19;14
"51048";147;118;7;111;49;62
"51049";501;397;19;378;124;254
"51050";126;107;11;96;15;81
"51051";123;103;6;97;34;63
"51052";381;326;17;309;112;197
"51053";63;53;0;53;6;47
"51054";801;658;56;602;282;320
"51055";5238;4190;284;3906;1838;2068
"51056";260;225;13;212;58;154
"51057";73;63;3;60;23;37
"51058";1151;1006;35;971;356;615
"51059";325;275;22;253;104;149
"51060";143;124;11;113;42;71
"51061";96;91;5;86;8;78
"51062";99;72;3;69;31;38
"51063";138;113;6;107;36;71
"51064";473;399;30;369;168;201
"51065";474;406;34;372;100;272
"51066";283;246;26;220;102;118
"51068";161;112;11;101;36;65
"51069";98;87;1;86;38;48
"51070";191;142;12;130;50;80
"51071";150;134;9;125;46;79
"51072";141;126;2;124;33;91
"51073";139;130;9;121;58;63
"51074";1145;967;66;901;406;495
"51075";740;633;45;588;242;346
"51076";383;314;24;290;93;197
"51077";161;139;4;135;58;77
"51078";376;298;22;276;103;173
"51079";745;620;33;587;178;409
"51080";131;112;11;101;35;66
"51081";216;185;10;175;77;98
"51082";78;71;12;59;28;31
"51083";73;66;4;62;19;43
"51084";89;76;3;73;26;47
"51085";289;243;16;227;64;163
"51086";207;183;15;168;56;112
"51087";184;155;16;139;65;74
"51088";372;320;19;301;96;205
"51089";87;76;3;73;17;56
"51090";184;158;7;151;58;93
"51091";108;89;6;83;24;59
"51092";296;223;15;208;65;143
"51093";351;291;15;276;92;184
"51094";176;126;10;116;39;77
"51095";76;63;5;58;30;28
"51097";153;126;18;108;21;87
"51098";106;87;8;79;20;59
"51099";233;166;12;154;49;105
"51100";71;58;6;52;21;31
"51101";509;454;27;427;162;265
"51102";334;301;7;294;98;196
"51103";155;130;7;123;39;84
"51104";118;96;3;93;32;61
"51105";990;855;37;818;233;585
"51106";110;96;10;86;30;56
"51107";225;184;15;169;68;101
"51108";27425;20117;1182;18935;9871;9064
"51109";137;111;8;103;27;76
"51110";79;61;9;52;17;35
"51111";107;91;8;83;30;53
"51112";316;281;6;275;49;226
"51113";115;84;12;72;16;56
"51115";448;379;20;359;123;236
"51116";208;160;19;141;45;96
"51117";244;219;12;207;58;149
"51118";986;811;49;762;311;451
"51119";417;376;20;356;126;230
"51120";121;103;7;96;32;64
"51121";162;143;12;131;66;65
"51122";117;103;17;86;31;55
"51124";56;55;3;52;9;43
"51125";43;36;4;32;2;30
"51126";58;46;0;46;5;41
"51127";88;72;8;64;21;43
"51128";44;44;9;35;2;33
"51129";187;153;10;143;37;106
"51130";191;160;10;150;56;94
"51132";122;93;13;80;19;61
"51133";63;52;5;47;21;26
"51134";209;170;10;160;52;108
"51135";71;58;3;55;15;40
"51136";550;443;16;427;107;320
"51137";167;149;7;142;37;105
"51138";35;28;0;28;5;23
"51139";280;240;28;212;82;130
"51140";275;232;18;214;76;138
"51141";508;426;30;396;159;237
"51142";310;272;15;257;76;181
"51143";55;45;5;40;17;23
"51144";489;409;32;377;154;223
"51145";220;200;5;195;73;122
"51146";87;75;5;70;22;48
"51147";258;232;12;220;86;134
"51148";150;117;7;110;23;87
"51149";336;293;18;275;93;182
"51150";78;69;4;65;29;36
"51151";142;112;9;103;45;58
"51152";443;379;15;364;67;297
"51153";810;684;21;663;203;460
"51154";175;154;11;143;37;106
"51155";430;376;31;345;131;214
"51156";122;96;8;88;34;54
"51157";87;66;8;58;15;43
"51158";444;371;41;330;116;214
"51160";968;816;49;767;395;372
"51161";531;438;32;406;148;258
"51162";502;398;36;362;147;215
"51163";195;165;15;150;48;102
"51164";117;98;13;85;26;59
"51165";744;624;36;588;269;319
"51166";52;47;5;42;13;29
"51167";140;119;11;108;27;81
"51168";190;162;3;159;71;88
"51169";83;70;4;66;11;55
"51170";73;67;4;63;18;45
"51171";995;853;45;808;302;506
"51172";5172;4257;276;3981;2021;1960
"51173";101;90;8;82;18;64
"51174";47;44;6;38;11;27
"51175";142;123;6;117;44;73
"51176";116;88;9;79;23;56
"51177";175;142;11;131;27;104
"51178";63;49;6;43;14;29
"51179";137;125;11;114;30;84
"51181";249;218;9;209;73;136
"51182";84;67;1;66;20;46
"51183";806;671;50;621;255;366
"51184";351;312;21;291;136;155
"51185";207;180;16;164;68;96
"51186";56;45;1;44;10;34
"51187";192;156;5;151;76;75
"51188";161;141;6;135;43;92
"51190";46;45;1;44;21;23
"51191";56;45;4;41;17;24
"51192";288;230;11;219;94;125
"51193";1992;1725;88;1637;636;1001
"51194";346;291;12;279;137;142
"51195";727;586;60;526;216;310
"51196";739;609;44;565;166;399
"51197";69;51;5;46;5;41
"51198";469;374;33;341;119;222
"51199";337;255;17;238;63;175
"51200";311;274;16;258;83;175
"51201";112;97;6;91;27;64
"51202";684;559;30;529;209;320
"51203";177;154;10;144;50;94
"51204";1102;927;63;864;310;554
"51205";238;203;16;187;69;118
"51206";86;79;7;72;28;44
"51208";81;76;8;68;18;50
"51210";1298;1118;75;1043;497;546
"51211";61;45;4;41;10;31
"51212";139;111;10;101;27;74
"51213";54;45;10;35;10;25
"51214";109;97;10;87;19;68
"51215";105;94;3;91;26;65
"51216";165;135;5;130;28;102
"51217";2210;1708;129;1579;587;992
"51218";110;94;11;83;31;52
"51219";159;135;10;125;74;51
"51220";115;103;12;91;36;55
"51222";73;62;3;59;26;33
"51223";49;43;4;39;13;26
"51224";144;120;10;110;36;74
"51225";287;254;3;251;55;196
"51226";64;58;6;52;20;32
"51227";339;294;18;276;139;137
"51228";87;73;6;67;22;45
"51229";87;78;4;74;17;57
"51230";15291;10980;786;10194;5343;4851
"51231";453;404;30;374;131;243
"51232";319;257;18;239;102;137
"51233";80;74;12;62;24;38
"51234";458;371;24;347;161;186
"51235";196;165;16;149;45;104
"51236";121;103;4;99;25;74
"51237";1252;1014;60;954;360;594
"51238";242;206;12;194;74;120
"51239";92;78;8;70;33;37
"51240";123;97;6;91;32;59
"51241";76;66;13;53;19;34
"51242";3914;3124;195;2929;1582;1347
"51243";245;205;16;189;94;95
"51244";222;180;10;170;63;107
"51245";398;332;15;317;93;224
"51246";150;138;27;111;35;76
"51247";152;132;8;124;31;93
"51248";1555;1197;115;1082;435;647
"51249";347;289;29;260;73;187
"51250";3799;2935;243;2692;1406;1286
"51251";150;129;8;121;27;94
"51252";390;328;19;309;59;250
"51253";200;173;18;155;86;69
"51254";210;174;11;163;54;109
"51255";21;15;0;15;6;9
"51256";253;198;25;173;66;107
"51258";199;164;19;145;59;86
"51259";155;132;6;126;32;94
"51260";55;49;2;47;16;31
"51261";340;301;19;282;100;182
"51262";1448;1184;79;1105;499;606
"51263";259;194;24;170;56;114
"51264";390;337;20;317;105;212
"51265";424;325;21;304;117;187
"51266";384;331;25;306;145;161
"51267";188;137;14;123;40;83
"51268";110;94;5;89;16;73
"51269";254;210;15;195;67;128
"51270";187;151;21;130;39;91
"51271";121;102;10;92;38;54
"51272";305;237;15;222;97;125
"51273";66;62;4;58;22;36
"51274";96;85;2;83;26;57
"51275";133;115;4;111;38;73
"51276";136;120;6;114;30;84
"51277";235;193;16;177;69;108
"51278";206;173;8;165;59;106
"51279";111;88;8;80;33;47
"51280";32;27;0;27;4;23
"51281";528;459;34;425;149;276
"51282";1321;1139;48;1091;366;725
"51283";131;115;5;110;29;81
"51284";189;163;22;141;55;86
"51285";145;130;9;121;40;81
"51286";208;164;8;156;62;94
"51287";630;558;19;539;235;304
"51288";168;144;8;136;55;81
"51289";323;288;21;267;101;166
"51290";217;154;8;146;68;78
"51291";1059;892;44;848;314;534
"51292";121;105;7;98;20;78
"51293";281;235;18;217;73;144
"51294";69;54;4;50;13;37
"51295";283;234;12;222;83;139
"51296";64;56;2;54;11;43
"51298";307;232;16;216;84;132
"51299";548;452;25;427;163;264
"51300";76;67;5;62;29;33
"51301";99;92;10;82;27;55
"51302";92;71;7;64;17;47
"51303";386;307;25;282;104;178
"51304";107;91;7;84;21;63
"51305";114;99;3;96;12;84
"51306";73;61;6;55;11;44
"51307";138;123;13;110;31;79
"51308";1524;1243;74;1169;475;694
"51309";80;72;4;68;12;56
"51310";180;160;5;155;43;112
"51311";132;112;10;102;53;49
"51312";754;638;39;599;242;357
"51313";277;224;17;207;67;140
"51314";155;126;1;125;49;76
"51315";122;92;5;87;38;49
"51316";251;211;13;198;73;125
"51317";51;40;4;36;7;29
"51318";408;364;19;345;147;198
"51319";96;87;1;86;13;73
"51320";234;194;11;183;43;140
"51321";63;53;3;50;14;36
"51322";85;69;9;60;19;41
"51323";88;75;8;67;19;48
"51324";101;84;10;74;3;71
"51325";109;96;7;89;29;60
"51326";724;585;35;550;210;340
"51327";150;125;5;120;39;81
"51328";742;606;44;562;228;334
"51329";1008;811;54;757;334;423
"51331";243;189;10;179;50;129
"51333";506;438;25;413;126;287
"51334";369;306;36;270;101;169
"51336";57;40;2;38;9;29
"51337";200;166;18;148;78;70
"51338";613;488;26;462;151;311
"51339";461;385;22;363;176;187
"51340";408;333;29;304;111;193
"51341";27;25;3;22;4;18
"51342";237;209;11;198;75;123
"51343";510;426;30;396;155;241
"51344";1290;1081;73;1008;542;466
"51345";193;158;12;146;60;86
"51346";926;737;35;702;290;412
"51347";988;798;60;738;344;394
"51348";115;95;7;88;42;46
"51349";157;142;11;131;43;88
"51350";88;69;3;66;22;44
"51351";84;74;8;66;17;49
"51352";578;469;35;434;161;273
"51353";47;39;1;38;2;36
"51354";233;211;16;195;78;117
"51355";42;33;2;31;12;19
"51356";105;92;5;87;25;62
"51357";498;418;28;390;153;237
"51358";401;324;21;303;160;143
"51359";151;131;13;118;26;92
"51360";220;194;9;185;109;76
"51361";112;98;0;98;43;55
"51362";514;433;17;416;150;266
"51363";180;165;12;153;52;101
"51364";58;51;7;44;14;30
"51365";760;627;59;568;204;364
"51367";833;701;51;650;235;415
"51368";52;48;5;43;10;33
"51369";245;210;14;196;86;110
"51370";183;159;12;147;65;82
"51371";47;37;2;35;3;32
"51372";404;358;30;328;123;205
"51373";96;77;8;69;20;49
"51374";51;41;8;33;6;27
"51375";221;183;11;172;63;109
"51376";110;97;6;91;24;67
"51377";34;31;4;27;7;20
"51378";272;229;14;215;56;159
"51379";357;306;15;291;111;180
"51380";2668;1980;142;1838;656;1182
"51381";471;395;30;365;169;196
"51382";86;69;7;62;30;32
"51384";239;208;20;188;90;98
"51386";119;105;13;92;23;69
"51387";242;203;26;177;92;85
"51388";2597;2057;159;1898;618;1280
"51389";659;480;47;433;168;265
"51390";615;497;35;462;164;298
"51391";1714;1473;95;1378;653;725
"51392";168;150;15;135;71;64
"51393";194;161;14;147;66;81
"51395";86;71;9;62;21;41
"51396";118;110;2;108;37;71
"51397";133;107;4;103;58;45
"51398";155;125;4;121;30;91
"51399";397;328;36;292;136;156
"51402";176;153;14;139;64;75
"51403";418;361;14;347;87;260
"51404";111;98;4;94;23;71
"51406";127;97;13;84;38;46
"51407";220;187;13;174;53;121
"51409";242;200;14;186;70;116
"51410";477;387;35;352;158;194
"51411";479;405;21;384;92;292
"51412";59;55;2;53;16;37
"51413";698;571;31;540;259;281
"51414";113;109;6;103;23;80
"51415";173;149;17;132;71;61
"51416";423;350;16;334;152;182
"51417";356;297;24;273;105;168
"51418";339;307;9;298;126;172
"51419";127;115;11;104;32;72
"51420";83;75;11;64;13;51
"51421";69;54;6;48;24;24
"51422";279;246;20;226;96;130
"51423";1450;1017;57;960;518;442
"51424";167;150;17;133;48;85
"51425";307;248;19;229;51;178
"51426";61;58;3;55;20;35
"51428";307;250;33;217;95;122
"51429";181;156;8;148;36;112
"51430";79;66;6;60;13;47
"51431";1055;867;64;803;399;404
"51432";587;475;42;433;197;236
"51433";152;118;5;113;43;70
"51434";554;467;45;422;193;229
"51435";150;122;7;115;42;73
"51436";611;531;43;488;160;328
"51437";84;77;2;75;26;49
"51438";88;77;5;72;14;58
"51439";306;258;19;239;73;166
"51440";1060;862;56;806;399;407
"51441";127;97;7;90;28;62
"51442";132;106;9;97;36;61
"51443";72;64;3;61;22;39
"51444";357;284;13;271;90;181
"51445";148;128;8;120;66;54
"51446";349;259;18;241;96;145
"51447";387;332;32;300;114;186
"51448";417;362;20;342;110;232
"51449";762;661;49;612;250;362
"51450";290;244;15;229;87;142
"51451";70;59;2;57;30;27
"51452";24;24;0;24;2;22
"51453";793;680;49;631;226;405
"51454";99816;73453;3807;69646;37127;32519
"51455";175;156;13;143;53;90
"51456";64;53;4;49;13;36
"51457";229;189;10;179;45;134
"51458";54;48;1;47;17;30
"51459";101;86;5;81;33;48
"51460";149;103;5;98;25;73
"51461";846;705;40;665;237;428
"51463";162;144;16;128;72;56
"51464";241;206;10;196;91;105
"51465";144;124;9;115;28;87
"51466";162;134;9;125;43;82
"51468";270;248;10;238;113;125
"51469";63;58;4;54;18;36
"51470";10;6;0;6;2;4
"51471";318;281;15;266;54;212
"51472";756;651;38;613;222;391
"51473";92;78;9;69;28;41
"51474";2780;2264;117;2147;1203;944
"51475";66;54;2;52;10;42
"51476";472;412;25;387;142;245
"51477";192;171;13;158;82;76
"51478";306;234;13;221;72;149
"51479";203;170;19;151;53;98
"51480";107;98;5;93;34;59
"51482";388;322;18;304;97;207
"51483";338;293;17;276;140;136
"51484";182;150;10;140;60;80
"51485";250;209;11;198;71;127
"51486";268;219;11;208;39;169
"51487";206;183;16;167;60;107
"51488";239;198;19;179;80;99
"51489";35;30;1;29;9;20
"51490";129;114;10;104;33;71
"51491";85;75;10;65;12;53
"51492";1046;858;80;778;393;385
"51493";69;67;2;65;11;54
"51495";67;55;1;54;16;38
"51496";196;171;15;156;47;109
"51497";38;35;2;33;19;14
"51498";47;36;1;35;7;28
"51499";115;105;9;96;24;72
"51500";108;93;5;88;30;58
"51501";176;146;8;138;25;113
"51502";73;57;2;55;15;40
"51503";73;62;5;57;16;41
"51504";656;547;45;502;189;313
"51505";348;269;20;249;105;144
"51506";3753;3008;190;2818;1364;1454
"51507";3033;2369;154;2215;978;1237
"51508";187;149;9;140;35;105
"51509";202;185;14;171;57;114
"51510";119;97;9;88;44;44
"51511";128;108;12;96;25;71
"51512";68;58;3;55;18;37
"51513";425;333;27;306;119;187
"51514";94;84;2;82;26;56
"51515";240;195;14;181;46;135
"51516";50;44;4;40;23;17
"51517";118;106;2;104;24;80
"51518";429;391;15;376;161;215
"51519";40;36;3;33;9;24
"51520";81;73;10;63;13;50
"51521";171;135;17;118;31;87
"51522";262;201;12;189;51;138
"51523";184;158;6;152;56;96
"51524";255;218;17;201;74;127
"51525";1624;1421;88;1333;569;764
"51526";298;250;21;229;94;135
"51527";211;162;10;152;69;83
"51528";102;86;8;78;34;44
"51529";281;215;13;202;79;123
"51530";375;320;17;303;124;179
"51531";1444;1153;84;1069;447;622
"51532";509;437;27;410;145;265
"51533";101;79;9;70;18;52
"51534";152;129;9;120;58;62
"51535";3764;2740;186;2554;1193;1361
"51536";1355;1148;84;1064;519;545
"51537";150;132;10;122;57;65
"51538";112;97;1;96;20;76
"51539";39;36;0;36;8;28
"51542";118;96;8;88;43;45
"51543";71;56;3;53;9;44
"51544";461;360;19;341;78;263
"51545";385;321;32;289;104;185
"51546";339;268;19;249;42;207
"51547";119;108;6;102;15;87
"51548";246;209;13;196;69;127
"51549";83;75;2;73;12;61
"51550";233;184;10;174;68;106
"51551";176;155;7;148;41;107
"51552";229;199;13;186;73;113
"51553";137;124;5;119;26;93
"51555";123;106;5;101;19;82
"51556";251;202;16;186;55;131
"51557";350;292;20;272;111;161
"51558";109;91;2;89;28;61
"51559";2100;1576;108;1468;513;955
"51560";92;78;9;69;26;43
"51562";1767;1533;73;1460;627;833
"51563";75;57;3;54;20;34
"51564";207;174;14;160;51;109
"51565";86;67;7;60;14;46
"51566";229;198;11;187;66;121
"51567";425;309;23;286;90;196
"51568";239;207;11;196;61;135
"51569";211;199;17;182;43;139
"51570";117;98;7;91;30;61
"51571";619;540;13;527;231;296
"51572";206;167;15;152;36;116
"51573";7825;6133;387;5746;2818;2928
"51574";130;101;13;88;26;62
"51576";960;783;59;724;300;424
"51577";126;98;3;95;19;76
"51578";65;58;2;56;20;36
"51579";118;106;1;105;32;73
"51580";358;273;12;261;77;184
"51581";148;119;9;110;51;59
"51582";410;359;20;339;118;221
"51583";202;152;17;135;45;90
"51584";123;112;2;110;30;80
"51585";621;534;26;508;211;297
"51586";126;106;7;99;19;80
"51587";221;191;8;183;53;130
"51588";218;178;13;165;53;112
"51589";138;120;7;113;31;82
"51590";292;256;30;226;69;157
"51591";160;130;19;111;45;66
"51592";267;221;18;203;32;171
"51594";68;49;4;45;9;36
"51595";89;81;7;74;19;55
"51596";250;214;11;203;82;121
"51597";226;197;27;170;57;113
"51598";395;318;16;302;119;183
"51599";203;169;7;162;49;113
"51600";106;89;5;84;16;68
"51601";148;119;5;114;32;82
"51602";66;59;10;49;23;26
"51603";117;102;6;96;13;83
"51604";206;173;15;158;57;101
"51605";421;359;24;335;80;255
"51607";161;129;9;120;48;72
"51608";73;66;7;59;18;41
"51609";622;541;32;509;152;357
"51610";353;298;23;275;117;158
"51611";255;210;14;196;63;133
"51612";1721;1479;86;1393;490;903
"51613";807;644;37;607;209;398
"51614";826;685;37;648;313;335
"51616";218;182;12;170;66;104
"51617";454;411;18;393;156;237
"51618";170;136;11;125;61;64
"51619";90;81;3;78;35;43
"51620";146;122;6;116;61;55
"51621";410;340;30;310;161;149
"51622";372;331;18;313;71;242
"51623";227;203;12;191;66;125
"51624";464;382;20;362;171;191
"51625";265;215;26;189;66;123
"51626";91;78;3;75;25;50
"51627";252;201;10;191;67;124
"51628";103;89;2;87;33;54
"51629";569;484;27;457;145;312
"51630";227;184;8;176;98;78
"51631";142;132;7;125;36;89
"51632";201;160;12;148;57;91
"51633";248;209;23;186;80;106
"51634";211;181;11;170;54;116
"51635";88;75;3;72;26;46
"51636";484;408;23;385;130;255
"51637";171;149;8;141;20;121
"51638";147;120;8;112;38;74
"51639";59;48;3;45;12;33
"51640";164;118;5;113;38;75
"51641";183;143;5;138;38;100
"51642";79;61;5;56;12;44
"51643";446;367;7;360;149;211
"51644";252;209;8;201;65;136
"51645";103;86;2;84;27;57
"51646";68;61;2;59;9;50
"51647";679;604;38;566;225;341
"51648";303;244;22;222;79;143
"51649";8272;6161;362;5799;2921;2878
"51650";42;37;9;28;8;20
"51651";187;149;16;133;45;88
"51652";56;54;6;48;8;40
"51654";158;135;4;131;52;79
"51655";235;206;20;186;73;113
"51656";402;290;20;270;85;185
"51657";181;137;9;128;34;94
"51658";97;76;17;59;18;41
"51659";46;38;3;35;3;32
"51660";1640;1319;62;1257;541;716
"51662";3724;3040;207;2833;1307;1526
"51663";1369;1017;82;935;571;364
"52001";253;210;14;196;94;102
"52002";20;19;1;18;6;12
"52003";147;123;5;118;47;71
"52004";14;14;2;12;1;11
"52005";26;24;3;21;7;14
"52006";332;250;24;226;107;119
"52007";67;57;7;50;21;29
"52008";644;504;40;464;197;267
"52009";101;88;8;80;34;46
"52011";70;63;5;58;23;35
"52012";29;24;1;23;8;15
"52013";119;101;10;91;61;30
"52014";180;142;17;125;39;86
"52015";80;65;4;61;25;36
"52016";66;57;4;53;27;26
"52017";589;488;37;451;161;290
"52019";110;83;9;74;36;38
"52021";236;195;11;184;60;124
"52022";168;142;7;135;45;90
"52023";149;132;18;114;61;53
"52025";79;69;4;65;23;42
"52027";66;56;6;50;17;33
"52028";52;40;4;36;5;31
"52029";140;118;12;106;48;58
"52030";60;47;1;46;18;28
"52031";343;286;32;254;87;167
"52033";102;92;9;83;24;59
"52034";119;88;10;78;37;41
"52035";172;139;10;129;42;87
"52036";202;166;11;155;62;93
"52037";315;233;21;212;94;118
"52038";62;53;8;45;20;25
"52039";93;81;8;73;24;49
"52040";59;50;2;48;23;25
"52042";85;79;5;74;21;53
"52043";45;37;4;33;9;24
"52044";517;429;42;387;185;202
"52045";1668;1402;108;1294;565;729
"52047";101;80;13;67;30;37
"52050";1124;890;66;824;359;465
"52051";43;37;2;35;19;16
"52053";57;50;6;44;8;36
"52055";92;88;8;80;19;61
"52056";190;167;12;155;53;102
"52057";109;94;5;89;41;48
"52058";1418;1174;93;1081;528;553
"52059";109;87;6;81;31;50
"52060";1648;1322;63;1259;526;733
"52061";242;203;12;191;62;129
"52062";136;116;8;108;34;74
"52063";105;96;6;90;36;54
"52064";354;307;27;280;130;150
"52065";68;58;8;50;22;28
"52066";50;45;4;41;9;32
"52067";85;72;3;69;21;48
"52069";131;106;21;85;24;61
"52070";106;95;10;85;42;43
"52072";309;270;19;251;111;140
"52074";559;433;18;415;168;247
"52075";160;130;12;118;64;54
"52076";325;272;18;254;111;143
"52079";562;416;33;383;217;166
"52082";122;95;5;90;33;57
"52083";644;567;39;528;266;262
"52084";34;30;6;24;8;16
"52085";20;14;2;12;10;2
"52087";171;152;17;135;69;66
"52088";506;401;25;376;121;255
"52089";61;57;10;47;14;33
"52090";100;80;2;78;43;35
"52091";85;71;7;64;26;38
"52092";83;59;4;55;18;37
"52093";1833;1547;121;1426;872;554
"52094";176;155;11;144;60;84
"52095";192;155;12;143;55;88
"52097";39;34;2;32;3;29
"52099";546;447;45;402;180;222
"52101";54;43;1;42;18;24
"52102";312;277;24;253;127;126
"52103";116;89;6;83;11;72
"52104";874;778;59;719;281;438
"52105";217;201;14;187;78;109
"52106";106;83;11;72;35;37
"52107";160;142;15;127;50;77
"52108";126;108;5;103;37;66
"52109";9;9;0;9;5;4
"52110";150;112;6;106;41;65
"52113";206;158;18;140;51;89
"52114";1215;995;82;913;388;525
"52115";103;90;3;87;42;45
"52116";45;38;5;33;13;20
"52118";270;219;29;190;70;120
"52119";271;217;16;201;151;50
"52120";166;137;12;125;79;46
"52121";16087;12044;776;11268;5865;5403
"52122";118;94;3;91;36;55
"52123";1050;859;80;779;336;443
"52124";89;81;8;73;30;43
"52125";869;736;36;700;356;344
"52126";127;109;7;102;44;58
"52127";75;65;8;57;28;29
"52128";96;86;5;81;24;57
"52129";100;77;1;76;29;47
"52130";140;103;5;98;32;66
"52131";74;62;4;58;12;46
"52132";153;119;8;111;41;70
"52133";98;71;3;68;24;44
"52134";199;180;15;165;68;97
"52135";81;69;9;60;33;27
"52136";104;92;9;83;16;67
"52137";26;24;0;24;7;17
"52138";64;59;3;56;10;46
"52140";561;490;31;459;86;373
"52141";278;230;18;212;116;96
"52142";68;59;5;54;19;35
"52145";123;109;10;99;47;52
"52146";147;120;3;117;67;50
"52147";84;69;5;64;22;42
"52149";89;71;13;58;24;34
"52151";141;129;8;121;60;61
"52155";453;376;23;353;240;113
"52156";306;260;33;227;140;87
"52157";21;16;3;13;6;7
"52158";216;182;15;167;38;129
"52159";23;19;3;16;4;12
"52160";82;65;2;63;22;41
"52161";60;47;6;41;14;27
"52162";173;130;12;118;49;69
"52163";303;225;15;210;100;110
"52164";173;151;16;135;61;74
"52165";211;197;8;189;78;111
"52167";198;167;11;156;55;101
"52168";48;45;1;44;16;28
"52169";86;74;2;72;35;37
"52170";148;123;7;116;48;68
"52171";165;141;14;127;33;94
"52172";235;193;22;171;75;96
"52173";78;68;7;61;17;44
"52174";39;30;2;28;3;25
"52175";329;247;21;226;124;102
"52177";638;522;45;477;220;257
"52178";307;245;10;235;97;138
"52179";41;38;2;36;14;22
"52180";324;262;18;244;92;152
"52181";98;71;5;66;20;46
"52182";1578;1287;109;1178;440;738
"52183";34;31;2;29;0;29
"52184";61;54;1;53;8;45
"52185";79;60;6;54;10;44
"52187";117;94;11;83;19;64
"52189";322;277;28;249;103;146
"52190";269;225;17;208;108;100
"52193";247;230;15;215;95;120
"52194";1483;1205;127;1078;457;621
"52195";56;52;1;51;25;26
"52196";95;82;5;77;24;53
"52197";987;852;62;790;343;447
"52198";64;56;2;54;14;40
"52199";55;44;2;42;17;25
"52200";82;76;9;67;31;36
"52201";51;44;6;38;7;31
"52203";124;94;12;82;34;48
"52204";64;59;3;56;19;37
"52205";578;483;39;444;202;242
"52206";129;108;14;94;28;66
"52207";76;59;4;55;18;37
"52208";157;132;17;115;29;86
"52211";1263;1062;77;985;583;402
"52212";253;197;21;176;55;121
"52213";131;114;9;105;28;77
"52214";25;21;6;15;7;8
"52216";38;31;2;29;11;18
"52217";88;72;6;66;20;46
"52218";56;51;5;46;15;31
"52219";20;20;2;18;4;14
"52220";129;116;5;111;44;67
"52221";98;80;6;74;22;52
"52222";28;26;2;24;18;6
"52223";56;51;2;49;20;29
"52225";224;189;15;174;73;101
"52227";181;152;7;145;43;102
"52228";64;54;3;51;21;30
"52229";119;107;9;98;56;42
"52230";284;231;10;221;98;123
"52231";81;75;2;73;24;49
"52232";35;29;3;26;4;22
"52233";101;85;8;77;34;43
"52234";25;23;1;22;3;19
"52235";232;191;16;175;71;104
"52237";221;179;14;165;93;72
"52239";246;213;14;199;90;109
"52240";166;138;15;123;61;62
"52242";821;682;37;645;311;334
"52243";118;107;6;101;45;56
"52244";551;466;39;427;155;272
"52245";64;54;11;43;22;21
"52246";460;387;23;364;148;216
"52247";210;171;12;159;85;74
"52248";415;352;13;339;140;199
"52249";126;106;13;93;40;53
"52250";2376;1786;103;1683;826;857
"52251";711;647;47;600;283;317
"52253";139;124;13;111;39;72
"52254";84;69;4;65;27;38
"52256";75;66;4;62;34;28
"52257";108;81;6;75;36;39
"52258";259;215;23;192;98;94
"52260";112;93;7;86;24;62
"52262";63;54;6;48;19;29
"52264";81;69;9;60;28;32
"52265";1178;919;83;836;383;453
"52266";48;44;2;42;8;34
"52267";161;132;11;121;47;74
"52269";5492;4169;223;3946;2025;1921
"52271";167;135;10;125;57;68
"52272";118;102;3;99;29;70
"52273";116;100;5;95;42;53
"52274";257;201;14;187;76;111
"52275";67;57;10;47;19;28
"52276";190;170;18;152;61;91
"52277";67;55;4;51;15;36
"52278";78;62;9;53;21;32
"52280";194;160;12;148;72;76
"52282";268;232;10;222;87;135
"52284";79;68;8;60;9;51
"52285";58;50;2;48;21;27
"52286";75;63;4;59;18;41
"52287";94;78;4;74;24;50
"52288";100;86;2;84;18;66
"52289";242;215;12;203;101;102
"52290";102;90;5;85;34;51
"52291";60;51;0;51;17;34
"52292";493;423;34;389;174;215
"52293";366;314;28;286;92;194
"52294";520;413;29;384;162;222
"52295";102;88;6;82;37;45
"52296";258;223;11;212;60;152
"52297";228;190;13;177;105;72
"52298";71;57;4;53;22;31
"52300";134;116;8;108;55;53
"52301";67;60;7;53;28;25
"52302";162;138;18;120;41;79
"52303";80;72;5;67;40;27
"52304";53;49;3;46;31;15
"52305";411;326;15;311;141;170
"52306";353;265;16;249;137;112
"52307";157;142;7;135;52;83
"52308";382;293;32;261;116;145
"52310";96;81;5;76;19;57
"52311";199;170;16;154;71;83
"52312";43;42;4;38;13;25
"52313";133;123;6;117;43;74
"52315";237;204;20;184;92;92
"52316";51;34;4;30;13;17
"52318";219;171;17;154;74;80
"52319";75;58;3;55;23;32
"52320";106;81;8;73;54;19
"52321";170;135;7;128;47;81
"52322";110;84;2;82;49;33
"52325";93;78;4;74;19;55
"52326";40;30;4;26;6;20
"52327";357;326;33;293;113;180
"52328";34;28;3;25;17;8
"52330";74;58;1;57;26;31
"52331";1437;1157;94;1063;412;651
"52332";1495;1188;97;1091;450;641
"52335";97;86;14;72;33;39
"52336";114;91;7;84;34;50
"52337";59;46;5;41;8;33
"52340";70;65;5;60;38;22
"52341";106;81;7;74;21;53
"52342";32;31;2;29;6;23
"52344";26;23;1;22;5;17
"52346";274;228;19;209;97;112
"52347";198;173;19;154;65;89
"52348";513;433;33;400;208;192
"52349";298;263;18;245;117;128
"52350";75;56;6;50;16;34
"52351";80;65;4;61;36;25
"52352";77;72;0;72;15;57
"52353";2874;2319;193;2126;1073;1053
"52354";76;67;1;66;42;24
"52355";160;142;12;130;60;70
"52356";95;81;5;76;26;50
"52357";146;113;13;100;50;50
"52358";70;55;5;50;25;25
"52359";142;113;11;102;23;79
"52360";128;109;10;99;25;74
"52362";133;119;8;111;75;36
"52363";90;73;5;68;50;18
"52364";103;91;8;83;54;29
"52365";283;239;20;219;77;142
"52366";67;55;5;50;21;29
"52367";34;33;2;31;13;18
"52369";76;61;4;57;14;43
"52370";266;227;20;207;101;106
"52371";129;112;10;102;48;54
"52372";90;82;15;67;23;44
"52373";48;35;1;34;11;23
"52374";276;241;24;217;113;104
"52375";50;44;4;40;14;26
"52376";66;44;6;38;12;26
"52377";260;208;21;187;52;135
"52378";42;38;3;35;0;35
"52379";28;25;1;24;5;19
"52380";312;287;28;259;119;140
"52383";269;235;17;218;99;119
"52384";107;93;5;88;31;57
"52385";40;37;0;37;8;29
"52386";373;301;23;278;112;166
"52388";156;133;9;124;50;74
"52390";43;37;2;35;14;21
"52391";197;173;10;163;51;112
"52392";87;67;5;62;38;24
"52393";55;44;2;42;23;19
"52394";142;129;10;119;23;96
"52395";54;45;1;44;18;26
"52396";129;112;7;105;46;59
"52397";63;50;5;45;14;31
"52398";543;420;33;387;165;222
"52399";138;111;6;105;51;54
"52400";130;110;12;98;37;61
"52401";312;269;13;256;146;110
"52403";64;48;1;47;18;29
"52405";369;291;26;265;114;151
"52406";172;152;13;139;46;93
"52407";254;209;19;190;96;94
"52411";169;139;4;135;50;85
"52413";91;74;11;63;34;29
"52414";496;396;42;354;202;152
"52415";99;87;5;82;30;52
"52416";58;55;5;50;29;21
"52419";151;116;5;111;51;60
"52420";122;92;5;87;46;41
"52421";297;238;19;219;103;116
"52422";224;181;15;166;71;95
"52423";496;416;31;385;206;179
"52424";62;56;3;53;32;21
"52425";217;172;9;163;98;65
"52426";121;100;9;91;19;72
"52427";197;171;20;151;61;90
"52428";52;49;3;46;19;27
"52429";507;419;32;387;178;209
"52431";145;120;8;112;39;73
"52432";1287;1029;83;946;435;511
"52433";121;107;9;98;36;62
"52436";45;43;2;41;9;32
"52437";30;22;1;21;6;15
"52438";108;93;11;82;34;48
"52439";93;84;4;80;38;42
"52440";294;246;15;231;96;135
"52442";229;201;17;184;78;106
"52443";42;27;1;26;17;9
"52444";260;229;16;213;82;131
"52445";61;47;3;44;27;17
"52446";167;128;12;116;56;60
"52447";136;122;13;109;40;69
"52448";16993;12139;794;11345;5504;5841
"52449";772;674;51;623;264;359
"52450";118;104;5;99;34;65
"52452";81;73;0;73;27;46
"52453";129;111;9;102;57;45
"52455";212;177;11;166;59;107
"52456";557;461;42;419;170;249
"52457";124;115;6;109;60;49
"52459";83;64;8;56;25;31
"52461";287;234;17;217;82;135
"52463";32;29;0;29;5;24
"52464";78;67;4;63;21;42
"52465";101;91;4;87;29;58
"52467";50;47;3;44;12;32
"52468";98;89;5;84;23;61
"52469";449;382;37;345;131;214
"52470";398;305;24;281;98;183
"52472";101;75;6;69;20;49
"52473";90;76;3;73;24;49
"52474";51;42;3;39;12;27
"52475";46;39;5;34;6;28
"52476";66;59;6;53;27;26
"52479";543;442;48;394;179;215
"52480";288;239;18;221;98;123
"52482";77;64;2;62;31;31
"52483";62;59;3;56;24;32
"52484";274;215;28;187;59;128
"52486";67;59;2;57;24;33
"52487";73;60;5;55;11;44
"52488";227;195;15;180;109;71
"52489";32;26;2;24;6;18
"52490";652;496;51;445;231;214
"52491";81;66;10;56;19;37
"52492";474;394;30;364;234;130
"52493";39;34;2;32;12;20
"52494";213;188;13;175;78;97
"52495";60;53;4;49;7;42
"52497";344;282;17;265;89;176
"52499";53;47;7;40;16;24
"52500";546;427;36;391;152;239
"52502";52;44;4;40;12;28
"52503";26;22;5;17;7;10
"52504";285;233;27;206;124;82
"52505";34;29;1;28;7;21
"52506";96;78;7;71;32;39
"52507";58;50;5;45;18;27
"52509";484;417;25;392;174;218
"52510";317;317;74;243;118;125
"52511";51;49;6;43;16;27
"52512";415;312;18;294;208;86
"52513";80;63;7;56;32;24
"52514";254;217;13;204;97;107
"52515";89;75;5;70;28;42
"52516";36;30;3;27;6;21
"52517";106;89;8;81;24;57
"52518";105;86;9;77;29;48
"52519";54;47;1;46;17;29
"52520";159;141;11;130;60;70
"52522";248;215;12;203;102;101
"52523";47;46;2;44;24;20
"52524";212;165;9;156;71;85
"52525";86;76;9;67;23;44
"52526";91;80;4;76;32;44
"52528";131;92;13;79;45;34
"52529";671;559;38;521;209;312
"52534";1208;1035;76;959;444;515
"52535";460;398;22;376;148;228
"52536";37;27;4;23;9;14
"52538";205;168;9;159;64;95
"52539";72;64;7;57;15;42
"52540";33;24;0;24;6;18
"52541";124;110;9;101;46;55
"52542";59;51;3;48;26;22
"52543";417;304;15;289;106;183
"52544";323;270;21;249;155;94
"52545";95;86;3;83;37;46
"52546";18;15;1;14;4;10
"52547";169;148;10;138;69;69
"52548";72;62;2;60;31;29
"52549";34;27;3;24;11;13
"52550";1978;1568;126;1442;739;703
"53001";1340;1176;77;1099;513;586
"53002";337;290;14;276;113;163
"53003";2143;1815;127;1688;863;825
"53004";363;297;17;280;97;183
"53005";1668;1392;84;1308;690;618
"53006";130;108;4;104;33;71
"53007";1975;1711;111;1600;832;768
"53008";1451;1194;94;1100;538;562
"53009";484;396;24;372;147;225
"53010";285;235;17;218;109;109
"53011";518;451;32;419;187;232
"53012";381;334;24;310;115;195
"53013";472;399;30;369;223;146
"53014";2774;2347;151;2196;934;1262
"53015";1102;950;48;902;478;424
"53016";960;786;56;730;347;383
"53017";508;422;20;402;166;236
"53018";908;777;51;726;289;437
"53019";109;93;9;84;19;65
"53021";626;555;29;526;275;251
"53022";341;303;23;280;105;175
"53023";327;286;16;270;107;163
"53025";738;627;39;588;229;359
"53026";346;290;22;268;98;170
"53027";173;137;11;126;47;79
"53028";380;325;25;300;182;118
"53029";478;416;28;388;158;230
"53030";254;221;14;207;64;143
"53031";293;245;29;216;90;126
"53032";129;113;7;106;45;61
"53033";108;73;5;68;34;34
"53034";4658;4078;226;3852;2001;1851
"53035";372;326;22;304;130;174
"53036";708;593;40;553;259;294
"53037";521;455;45;410;178;232
"53038";140;112;5;107;50;57
"53039";1286;1081;65;1016;458;558
"53040";404;347;20;327;140;187
"53041";175;143;7;136;48;88
"53042";593;487;16;471;139;332
"53043";373;316;23;293;129;164
"53045";508;455;23;432;215;217
"53046";195;160;9;151;65;86
"53047";218;179;17;162;36;126
"53048";907;765;41;724;336;388
"53049";429;376;25;351;209;142
"53050";274;216;13;203;78;125
"53051";415;349;30;319;154;165
"53052";261;191;11;180;87;93
"53053";430;356;20;336;143;193
"53054";4519;3905;234;3671;1825;1846
"53055";424;375;22;353;160;193
"53056";605;554;35;519;278;241
"53057";387;320;16;304;145;159
"53058";237;205;11;194;79;115
"53059";263;241;17;224;82;142
"53061";345;279;18;261;72;189
"53062";7917;6506;333;6173;2719;3454
"53063";353;294;13;281;117;164
"53064";754;639;37;602;242;360
"53065";593;530;36;494;223;271
"53066";953;814;49;765;282;483
"53067";314;235;16;219;85;134
"53068";140;125;12;113;48;65
"53069";151;127;7;120;47;73
"53071";348;288;19;269;82;187
"53072";933;805;52;753;416;337
"53073";689;583;30;553;298;255
"53074";643;575;52;523;237;286
"53075";216;200;12;188;75;113
"53076";238;214;19;195;70;125
"53077";2236;1933;116;1817;791;1026
"53078";546;463;36;427;183;244
"53079";242;207;11;196;73;123
"53080";101;85;4;81;30;51
"53082";431;373;32;341;149;192
"53083";694;595;52;543;204;339
"53084";3719;3036;171;2865;1161;1704
"53085";173;155;11;144;51;93
"53086";443;396;26;370;145;225
"53087";166;152;6;146;68;78
"53088";695;594;27;567;150;417
"53089";398;313;19;294;123;171
"53090";104;91;2;89;34;55
"53091";381;327;23;304;81;223
"53092";140;119;12;107;50;57
"53093";236;202;14;188;68;120
"53094";1679;1445;73;1372;704;668
"53095";171;151;5;146;51;95
"53096";4252;3568;225;3343;1441;1902
"53097";5342;4233;283;3950;1866;2084
"53098";310;249;7;242;70;172
"53099";830;705;40;665;325;340
"53100";1048;877;65;812;268;544
"53101";608;534;36;498;198;300
"53102";129;112;9;103;32;71
"53103";1541;1357;102;1255;716;539
"53104";733;615;42;573;234;339
"53105";166;158;11;147;67;80
"53106";389;327;24;303;126;177
"53107";2115;1755;81;1674;639;1035
"53108";340;298;17;281;113;168
"53109";417;376;26;350;173;177
"53110";769;594;38;556;248;308
"53111";364;317;16;301;141;160
"53112";300;254;16;238;84;154
"53113";445;393;34;359;162;197
"53114";167;134;11;123;34;89
"53115";268;224;10;214;88;126
"53116";585;509;26;483;148;335
"53117";323;270;15;255;122;133
"53118";185;168;20;148;56;92
"53119";3227;2785;149;2636;1453;1183
"53120";374;312;25;287;92;195
"53121";1077;894;74;820;281;539
"53122";544;469;26;443;188;255
"53123";1051;898;57;841;298;543
"53124";595;507;25;482;159;323
"53125";919;753;50;703;238;465
"53126";795;710;62;648;206;442
"53127";1753;1525;90;1435;584;851
"53128";229;198;6;192;65;127
"53129";280;254;18;236;101;135
"53130";32407;26307;1403;24904;13990;10914
"53131";153;128;6;122;59;63
"53132";254;204;16;188;70;118
"53133";608;495;40;455;175;280
"53134";117;103;3;100;39;61
"53135";607;518;34;484;171;313
"53136";597;534;31;503;222;281
"53137";1108;933;47;886;407;479
"53138";244;209;17;192;104;88
"53139";321;270;27;243;118;125
"53140";2953;2548;168;2380;1326;1054
"53141";689;605;41;564;307;257
"53142";262;213;15;198;54;144
"53143";369;324;18;306;140;166
"53144";574;477;45;432;200;232
"53145";373;319;14;305;88;217
"53146";1200;1054;58;996;451;545
"53147";9672;7803;447;7356;4195;3161
"53148";136;120;8;112;35;77
"53150";720;620;46;574;267;307
"53151";723;605;32;573;197;376
"53152";2025;1681;56;1625;617;1008
"53153";482;428;37;391;209;182
"53154";688;596;38;558;190;368
"53155";1119;941;51;890;407;483
"53156";153;136;9;127;79;48
"53157";1007;891;65;826;399;427
"53158";721;610;39;571;227;344
"53159";232;207;11;196;97;99
"53160";298;250;24;226;97;129
"53161";1559;1277;75;1202;563;639
"53162";739;641;43;598;281;317
"53163";477;407;30;377;212;165
"53164";292;244;16;228;65;163
"53165";255;219;7;212;109;103
"53168";845;737;43;694;337;357
"53169";303;256;23;233;133;100
"53170";902;704;47;657;310;347
"53172";276;247;17;230;130;100
"53173";127;113;13;100;29;71
"53174";571;521;41;480;264;216
"53175";953;785;56;729;346;383
"53176";388;323;18;305;99;206
"53177";247;227;13;214;63;151
"53178";160;142;3;139;36;103
"53179";252;222;9;213;82;131
"53180";526;445;30;415;192;223
"53181";672;572;40;532;163;369
"53182";1302;1040;70;970;589;381
"53184";123;107;6;101;39;62
"53185";1540;1265;80;1185;508;677
"53186";1488;1243;80;1163;434;729
"53187";167;157;10;147;78;69
"53188";1924;1586;91;1495;803;692
"53189";94;81;6;75;15;60
"53190";329;288;26;262;67;195
"53191";172;145;11;134;58;76
"53192";231;189;14;175;69;106
"53193";371;319;21;298;132;166
"53194";659;568;37;531;233;298
"53195";302;267;13;254;120;134
"53196";285;246;17;229;66;163
"53197";693;570;34;536;203;333
"53198";199;164;15;149;66;83
"53199";196;145;12;133;29;104
"53200";854;762;52;710;383;327
"53201";5481;4753;285;4468;2363;2105
"53202";267;226;13;213;75;138
"53203";381;323;27;296;143;153
"53204";275;202;8;194;79;115
"53205";390;331;31;300;146;154
"53206";177;148;10;138;63;75
"53207";561;473;43;430;212;218
"53208";384;300;26;274;107;167
"53209";406;350;18;332;95;237
"53210";1123;966;51;915;311;604
"53211";1179;1006;74;932;337;595
"53212";298;268;18;250;96;154
"53213";407;347;24;323;124;199
"53214";111;96;6;90;35;55
"53215";1293;1124;64;1060;463;597
"53216";678;573;40;533;283;250
"53218";670;532;46;486;231;255
"53219";1128;960;46;914;428;486
"53220";239;200;15;185;110;75
"53221";291;246;17;229;91;138
"53222";258;235;7;228;91;137
"53223";304;257;10;247;98;149
"53224";685;633;42;591;287;304
"53225";326;286;14;272;122;150
"53226";572;479;41;438;193;245
"53228";333;263;15;248;94;154
"53229";1078;978;63;915;518;397
"53230";201;161;12;149;51;98
"53231";156;122;10;112;50;62
"53232";244;200;22;178;94;84
"53233";256;207;14;193;99;94
"53234";262;232;12;220;103;117
"53235";170;150;6;144;44;100
"53236";132;103;5;98;45;53
"53237";332;272;12;260;113;147
"53238";473;385;27;358;152;206
"53239";347;267;14;253;86;167
"53240";383;308;22;286;153;133
"53241";123;102;4;98;38;60
"53242";175;148;11;137;53;84
"53243";1183;1021;74;947;437;510
"53244";160;146;8;138;55;83
"53245";734;617;38;579;193;386
"53246";1482;1236;100;1136;550;586
"53247";1493;1236;91;1145;546;599
"53248";102;82;1;81;43;38
"53249";409;326;22;304;129;175
"53250";304;255;13;242;77;165
"53251";293;254;13;241;116;125
"53252";322;267;19;248;110;138
"53253";333;292;19;273;129;144
"53254";161;152;7;145;54;91
"53255";755;647;51;596;270;326
"53256";171;149;6;143;65;78
"53257";223;184;11;173;63;110
"53258";628;501;29;472;183;289
"53259";240;209;12;197;34;163
"53260";261;232;16;216;72;144
"53261";127;106;8;98;35;63
"53262";761;659;43;616;288;328
"53263";229;192;14;178;83;95
"53264";128;106;5;101;39;62
"53265";554;455;36;419;179;240
"53266";185;157;6;151;44;107
"53267";796;657;65;592;225;367
"53269";443;381;46;335;149;186
"53270";107;90;6;84;20;64
"53271";2267;1824;120;1704;827;877
"53272";154;121;14;107;36;71
"53273";745;653;38;615;261;354
"53274";204;169;16;153;60;93
"53276";691;590;45;545;335;210
"54001";253;211;10;201;101;100
"54002";190;174;10;164;97;67
"54003";106;93;9;84;24;60
"54004";160;138;13;125;62;63
"54005";99;89;6;83;30;53
"54006";357;308;17;291;127;164
"54007";487;400;27;373;164;209
"54008";319;289;35;254;126;128
"54009";117;98;5;93;35;58
"54010";393;323;18;305;148;157
"54011";357;277;14;263;95;168
"54012";264;239;9;230;126;104
"54013";77;66;3;63;17;46
"54014";228;196;14;182;83;99
"54015";197;140;10;130;64;66
"54016";211;178;18;160;51;109
"54017";73;70;0;70;26;44
"54018";231;197;14;183;93;90
"54019";78;65;10;55;18;37
"54020";307;271;13;258;125;133
"54021";178;149;7;142;67;75
"54022";466;391;24;367;213;154
"54023";195;164;13;151;58;93
"54024";242;198;11;187;109;78
"54025";849;735;54;681;316;365
"54026";158;126;12;114;42;72
"54027";591;484;46;438;163;275
"54028";1877;1458;68;1390;1059;331
"54029";1789;1318;91;1227;659;568
"54030";89;78;9;69;23;46
"54031";200;183;9;174;90;84
"54032";155;139;8;131;42;89
"54033";66;56;5;51;8;43
"54034";180;158;12;146;53;93
"54035";305;249;18;231;103;128
"54036";696;582;47;535;258;277
"54037";317;281;20;261;126;135
"54038";649;523;31;492;227;265
"54039";3094;2390;169;2221;1092;1129
"54040";1133;895;68;827;443;384
"54041";105;99;11;88;35;53
"54042";254;217;17;200;106;94
"54043";907;771;36;735;377;358
"54044";128;109;15;94;26;68
"54045";335;279;29;250;94;156
"54046";280;240;15;225;72;153
"54047";160;133;11;122;55;67
"54048";324;273;33;240;139;101
"54049";400;307;26;281;128;153
"54050";69;61;5;56;7;49
"54051";980;849;62;787;455;332
"54052";90;79;9;70;39;31
"54053";105;90;4;86;32;54
"54054";961;841;48;793;383;410
"54055";250;209;21;188;114;74
"54056";137;119;12;107;53;54
"54057";63;53;3;50;18;32
"54058";83;65;2;63;15;48
"54059";518;435;24;411;206;205
"54060";1029;841;50;791;404;387
"54061";402;344;26;318;150;168
"54062";487;417;32;385;151;234
"54063";161;139;11;128;38;90
"54064";276;231;16;215;115;100
"54065";910;741;80;661;264;397
"54066";237;207;14;193;124;69
"54067";472;389;21;368;177;191
"54068";107;87;6;81;26;55
"54069";277;228;15;213;70;143
"54070";116;106;3;103;32;71
"54071";149;123;8;115;38;77
"54072";178;154;14;140;76;64
"54073";712;592;68;524;207;317
"54074";24;21;0;21;9;12
"54075";118;106;7;99;57;42
"54076";3109;2382;184;2198;1326;872
"54077";740;576;34;542;263;279
"54078";58;53;1;52;11;41
"54079";3210;2463;179;2284;1258;1026
"54080";767;625;37;588;269;319
"54081";362;295;24;271;140;131
"54082";164;144;9;135;62;73
"54083";145;121;7;114;54;60
"54084";659;509;51;458;275;183
"54085";80;69;10;59;21;38
"54086";297;238;14;224;83;141
"54087";95;88;9;79;46;33
"54088";158;144;10;134;49;85
"54089";1135;983;67;916;406;510
"54090";3170;2685;198;2487;1293;1194
"54091";196;169;13;156;55;101
"54092";57;48;7;41;23;18
"54093";134;119;7;112;43;69
"54094";147;137;6;131;42;89
"54095";28;22;1;21;10;11
"54096";240;200;14;186;66;120
"54097";121;94;5;89;35;54
"54098";135;118;7;111;44;67
"54099";3889;2952;141;2811;1647;1164
"54100";549;446;27;419;206;213
"54101";111;97;6;91;20;71
"54102";465;402;26;376;132;244
"54103";180;152;6;146;52;94
"54104";187;165;13;152;56;96
"54105";377;342;13;329;169;160
"54106";56;50;2;48;13;35
"54107";49;43;4;39;10;29
"54108";91;80;3;77;37;40
"54109";604;524;31;493;233;260
"54110";448;412;24;388;168;220
"54111";2246;1834;116;1718;988;730
"54112";445;355;27;328;110;218
"54113";870;741;59;682;304;378
"54114";271;233;16;217;85;132
"54115";4877;3941;256;3685;2154;1531
"54116";1531;1301;80;1221;538;683
"54117";95;77;7;70;27;43
"54118";388;312;22;290;117;173
"54119";55;54;3;51;21;30
"54120";283;218;22;196;92;104
"54121";161;146;9;137;80;57
"54122";558;479;42;437;204;233
"54123";1257;1050;55;995;548;447
"54124";36;33;5;28;8;20
"54125";351;301;16;285;136;149
"54126";186;159;17;142;50;92
"54127";495;418;19;399;157;242
"54128";588;468;38;430;158;272
"54129";1262;941;72;869;396;473
"54130";159;140;5;135;50;85
"54131";377;331;25;306;142;164
"54132";61;51;1;50;26;24
"54133";116;98;2;96;20;76
"54134";203;155;14;141;62;79
"54135";939;806;64;742;274;468
"54136";1829;1517;105;1412;900;512
"54137";459;358;17;341;168;173
"54138";1782;1523;80;1443;638;805
"54139";179;172;13;159;62;97
"54140";83;72;2;70;24;46
"54141";111;98;3;95;40;55
"54142";116;89;2;87;40;47
"54143";272;227;21;206;83;123
"54144";325;282;26;256;133;123
"54145";705;590;38;552;310;242
"54146";226;191;16;175;91;84
"54147";94;82;8;74;34;40
"54148";510;432;37;395;201;194
"54149";1191;908;46;862;590;272
"54150";2209;1805;120;1685;884;801
"54151";733;611;45;566;272;294
"54152";2422;2041;151;1890;1199;691
"54153";58;52;7;45;18;27
"54154";425;360;18;342;156;186
"54155";276;250;22;228;111;117
"54156";404;344;28;316;124;192
"54157";3604;2741;230;2511;1412;1099
"54158";85;80;5;75;36;39
"54159";7332;5596;413;5183;2821;2362
"54160";274;237;22;215;102;113
"54161";234;192;6;186;54;132
"54162";951;787;46;741;339;402
"54163";210;177;13;164;57;107
"54164";68;61;4;57;22;35
"54165";555;483;17;466;156;310
"54166";30;28;6;22;5;17
"54167";1429;1214;81;1133;449;684
"54168";238;212;3;209;108;101
"54169";57;47;1;46;19;27
"54170";55;50;3;47;30;17
"54171";881;745;56;689;382;307
"54172";188;166;9;157;68;89
"54173";120;110;5;105;41;64
"54174";2649;2183;143;2040;880;1160
"54175";258;205;19;186;92;94
"54176";925;790;68;722;357;365
"54177";191;167;15;152;68;84
"54178";96;82;2;80;17;63
"54179";234;199;8;191;82;109
"54180";68;65;3;62;25;37
"54181";487;390;19;371;248;123
"54182";253;216;19;197;66;131
"54183";81;69;5;64;16;48
"54184";6018;4731;268;4463;2242;2221
"54185";50;47;3;44;29;15
"54186";784;692;32;660;342;318
"54187";82;71;9;62;22;40
"54188";898;742;79;663;355;308
"54189";450;362;21;341;154;187
"54190";87;75;5;70;22;48
"54191";118;96;7;89;23;66
"54192";206;185;10;175;60;115
"54193";58;51;4;47;19;28
"54194";347;290;20;270;122;148
"54195";155;146;13;133;71;62
"54196";1079;924;65;859;419;440
"54197";1961;1727;106;1621;775;846
"54198";230;176;9;167;90;77
"54199";292;246;25;221;80;141
"54200";142;123;10;113;23;90
"54201";254;225;15;210;64;146
"54202";244;220;16;204;70;134
"54203";128;115;4;111;36;75
"54204";89;68;4;64;28;36
"54205";2082;1566;110;1456;796;660
"54206";272;240;20;220;81;139
"54207";95;78;8;70;22;48
"54208";262;222;23;199;71;128
"54209";42;37;2;35;16;19
"54210";154;141;18;123;53;70
"54211";160;149;14;135;40;95
"54212";295;249;22;227;103;124
"54213";307;263;31;232;145;87
"54214";486;427;26;401;177;224
"54215";5057;3847;230;3617;2113;1504
"54216";109;99;9;90;48;42
"54217";132;113;10;103;40;63
"54218";62;51;1;50;20;30
"54219";42;41;1;40;11;29
"54220";68;56;7;49;21;28
"54221";178;156;13;143;60;83
"54222";923;784;69;715;352;363
"54223";161;139;9;130;54;76
"54224";87;66;6;60;16;44
"54225";139;123;4;119;68;51
"54226";104;91;9;82;35;47
"54227";933;765;46;719;494;225
"54228";49;40;7;33;14;19
"54229";287;248;12;236;95;141
"54230";47;43;6;37;16;21
"54231";120;96;13;83;37;46
"54232";2008;1747;98;1649;701;948
"54233";32;32;6;26;3;23
"54234";1536;1164;72;1092;580;512
"54235";308;258;12;246;109;137
"54236";259;217;12;205;69;136
"54237";78;64;6;58;23;35
"54238";202;164;14;150;75;75
"54239";94;82;6;76;16;60
"54240";56;49;4;45;17;28
"54241";67;62;0;62;24;38
"54242";158;138;13;125;54;71
"54243";153;135;14;121;53;68
"54244";88;77;7;70;38;32
"54245";33;32;2;30;7;23
"54246";64;57;8;49;26;23
"54247";144;123;3;120;39;81
"54248";89;72;5;67;31;36
"54249";219;172;13;159;43;116
"54250";560;475;40;435;202;233
"54251";106;87;7;80;30;50
"54252";241;215;16;199;95;104
"54253";548;449;31;418;257;161
"54254";2041;1609;89;1520;965;555
"54255";75;67;8;59;25;34
"54256";232;198;11;187;95;92
"54257";4878;3996;248;3748;1836;1912
"54258";122;102;8;94;41;53
"54259";181;161;11;150;55;95
"54260";672;594;40;554;265;289
"54261";2531;1779;108;1671;1051;620
"54262";129;120;10;110;40;70
"54263";4200;3217;170;3047;2284;763
"54264";193;159;8;151;63;88
"54265";2004;1644;80;1564;790;774
"54266";325;280;22;258;149;109
"54268";134;114;7;107;38;69
"54269";289;247;11;236;99;137
"54270";2392;1943;149;1794;1201;593
"54271";110;98;5;93;37;56
"54272";301;263;12;251;105;146
"54273";6510;4985;285;4700;3100;1600
"54274";5558;4288;251;4037;2256;1781
"54275";167;149;18;131;61;70
"54276";555;449;42;407;222;185
"54277";346;260;13;247;154;93
"54278";65;51;3;48;21;27
"54279";744;608;76;532;273;259
"54280";4386;3266;176;3090;2159;931
"54281";691;594;44;550;246;304
"54282";94;77;3;74;36;38
"54283";250;196;9;187;110;77
"54284";872;654;38;616;435;181
"54285";52;47;12;35;23;12
"54286";1220;978;58;920;589;331
"54287";196;157;15;142;62;80
"54288";379;319;24;295;136;159
"54289";310;257;17;240;107;133
"54290";161;122;4;118;59;59
"54291";209;182;16;166;60;106
"54292";162;143;8;135;47;88
"54293";82;71;10;61;23;38
"54294";120;107;8;99;40;59
"54295";705;571;27;544;317;227
"54296";339;295;14;281;112;169
"54297";252;212;23;189;102;87
"54298";107;88;7;81;36;45
"54299";171;144;8;136;73;63
"54300";4304;3455;237;3218;1593;1625
"54301";109;91;6;85;49;36
"54302";610;523;31;492;262;230
"54303";314;263;19;244;122;122
"54304";8939;7128;367;6761;3648;3113
"54305";2023;1677;73;1604;783;821
"54306";263;219;21;198;129;69
"54307";122;108;13;95;37;58
"54308";133;116;11;105;51;54
"54309";262;232;19;213;102;111
"54310";8;6;0;6;1;5
"54311";453;398;25;373;150;223
"54312";439;357;30;327;163;164
"54313";156;139;12;127;67;60
"54314";2440;2039;124;1915;985;930
"54315";711;538;42;496;240;256
"54316";156;137;7;130;42;88
"54317";79;65;4;61;21;40
"54318";4495;3589;210;3379;1829;1550
"54320";253;215;17;198;109;89
"54321";1484;1102;52;1050;704;346
"54322";4140;3071;197;2874;1465;1409
"54323";8269;5964;287;5677;3444;2233
"54324";94;74;10;64;33;31
"54325";79;66;6;60;38;22
"54326";187;152;17;135;62;73
"54327";455;412;47;365;170;195
"54328";5326;4421;251;4170;2185;1985
"54329";13109;9493;626;8867;4539;4328
"54330";307;265;15;250;76;174
"54331";249;212;9;203;62;141
"54332";1177;952;66;886;409;477
"54333";178;144;18;126;64;62
"54334";415;359;33;326;204;122
"54335";300;270;24;246;120;126
"54336";665;572;36;536;230;306
"54337";97;79;4;75;35;40
"54338";699;614;27;587;314;273
"54339";5381;4379;226;4153;2342;1811
"54340";227;194;15;179;82;97
"54341";541;465;30;435;218;217
"54342";1231;976;57;919;627;292
"54343";144;120;12;108;43;65
"54344";180;150;20;130;57;73
"54345";214;196;19;177;65;112
"54346";188;172;13;159;67;92
"54348";183;163;6;157;69;88
"54349";142;122;17;105;48;57
"54350";513;442;42;400;174;226
"54351";1196;994;66;928;510;418
"54352";664;555;34;521;292;229
"54353";691;562;41;521;243;278
"54354";33;28;0;28;16;12
"54355";73;67;6;61;18;43
"54356";60;53;1;52;23;29
"54357";4204;3380;188;3192;1848;1344
"54358";187;168;14;154;81;73
"54359";189;148;18;130;66;64
"54360";274;224;18;206;96;110
"54362";1036;795;60;735;439;296
"54363";194;158;13;145;64;81
"54364";1027;906;51;855;405;450
"54365";309;258;24;234;99;135
"54366";1283;1105;86;1019;540;479
"54367";1764;1389;59;1330;805;525
"54368";138;116;9;107;35;72
"54369";432;379;32;347;175;172
"54370";187;156;16;140;57;83
"54371";795;653;47;606;400;206
"54372";368;302;22;280;163;117
"54373";407;342;24;318;161;157
"54374";399;322;12;310;164;146
"54375";952;743;51;692;322;370
"54376";312;275;23;252;150;102
"54377";116;88;7;81;42;39
"54378";367;302;17;285;128;157
"54379";84;82;4;78;27;51
"54380";274;250;15;235;98;137
"54381";69;61;1;60;14;46
"54382";3995;2977;141;2836;1928;908
"54383";795;681;51;630;316;314
"54385";711;578;43;535;290;245
"54386";89;82;5;77;32;45
"54387";114;91;11;80;40;40
"54388";61;52;8;44;9;35
"54389";75;62;4;58;21;37
"54390";125;95;5;90;47;43
"54391";1375;1076;62;1014;767;247
"54392";218;201;21;180;79;101
"54393";427;354;28;326;169;157
"54394";191;161;11;150;50;100
"54395";54403;41758;1727;40031;22018;18013
"54396";166;144;7;137;68;69
"54397";4977;3857;257;3600;2068;1532
"54398";80;64;1;63;30;33
"54399";204;147;5;142;72;70
"54400";884;743;42;701;351;350
"54401";94;82;9;73;27;46
"54402";306;261;23;238;109;129
"54403";992;793;41;752;327;425
"54404";167;147;6;141;63;78
"54405";290;256;26;230;95;135
"54406";224;182;10;172;86;86
"54407";93;79;7;72;21;51
"54408";189;164;14;150;58;92
"54409";127;117;11;106;34;72
"54410";347;274;13;261;131;130
"54411";174;154;13;141;59;82
"54412";31;25;4;21;9;12
"54413";114;98;8;90;47;43
"54414";431;371;23;348;171;177
"54415";3227;2553;169;2384;1189;1195
"54416";126;116;16;100;47;53
"54417";181;153;12;141;56;85
"54418";158;133;6;127;52;75
"54419";68;58;6;52;23;29
"54420";68;55;5;50;28;22
"54421";286;242;18;224;86;138
"54422";54;52;3;49;16;33
"54423";310;253;26;227;113;114
"54424";37;33;3;30;15;15
"54425";1706;1261;81;1180;785;395
"54426";421;358;23;335;162;173
"54427";103;90;3;87;49;38
"54428";646;491;33;458;229;229
"54429";250;208;14;194;82;112
"54430";3259;2532;160;2372;1438;934
"54431";9539;6976;417;6559;3354;3205
"54432";1451;1134;96;1038;592;446
"54433";195;160;14;146;51;95
"54434";197;169;13;156;54;102
"54435";312;268;15;253;153;100
"54436";114;96;6;90;40;50
"54437";952;808;59;749;422;327
"54438";59;52;9;43;20;23
"54439";3686;3033;202;2831;1389;1442
"54440";98;85;8;77;36;41
"54441";184;168;11;157;71;86
"54442";78;59;2;57;25;32
"54443";42;33;1;32;12;20
"54444";140;120;9;111;40;71
"54445";78;65;5;60;17;43
"54446";54;51;2;49;19;30
"54447";67;53;2;51;23;28
"54449";734;651;58;593;314;279
"54450";101;85;1;84;32;52
"54451";2473;1852;110;1742;957;785
"54452";71;58;2;56;43;13
"54453";152;134;13;121;70;51
"54455";134;113;10;103;32;71
"54456";366;315;24;291;99;192
"54457";39;34;4;30;11;19
"54458";90;73;1;72;23;49
"54459";2147;1812;88;1724;795;929
"54460";119;104;5;99;42;57
"54461";62;61;11;50;20;30
"54462";2033;1633;119;1514;792;722
"54463";172;158;6;152;70;82
"54464";65;61;4;57;17;40
"54465";499;419;31;388;178;210
"54466";251;203;19;184;102;82
"54467";141;122;13;109;38;71
"54468";105;94;1;93;37;56
"54469";275;236;13;223;106;117
"54470";57;50;2;48;16;32
"54471";68;55;6;49;13;36
"54472";724;557;51;506;270;236
"54473";172;159;6;153;55;98
"54474";142;123;6;117;42;75
"54475";134;110;8;102;38;64
"54476";247;224;18;206;102;104
"54477";126;107;6;101;36;65
"54478";131;112;4;108;42;66
"54479";83;71;6;65;20;45
"54480";65;49;4;45;13;32
"54481";85;73;4;69;29;40
"54482";7352;5655;320;5335;2742;2593
"54483";5370;4148;308;3840;1945;1895
"54484";163;141;17;124;53;71
"54485";202;147;7;140;74;66
"54486";249;210;16;194;85;109
"54487";70;60;5;55;21;34
"54488";41;34;4;30;20;10
"54489";129;104;16;88;42;46
"54490";1082;906;64;842;398;444
"54491";265;219;18;201;117;84
"54492";112;98;4;94;42;52
"54493";1701;1378;100;1278;790;488
"54494";73;57;9;48;23;25
"54495";3244;2728;166;2562;1195;1367
"54496";256;204;26;178;72;106
"54497";73;61;4;57;19;38
"54498";4115;3357;169;3188;1602;1586
"54499";77;70;3;67;12;55
"54500";139;111;5;106;53;53
"54501";77;65;6;59;27;32
"54502";176;148;17;131;48;83
"54504";464;383;38;345;195;150
"54505";486;442;25;417;217;200
"54506";261;248;13;235;75;160
"54507";117;95;8;87;37;50
"54508";183;159;11;148;63;85
"54509";733;630;61;569;344;225
"54510";213;179;10;169;70;99
"54511";119;99;8;91;52;39
"54512";98;74;1;73;20;53
"54513";477;397;36;361;182;179
"54514";373;308;12;296;141;155
"54515";236;202;11;191;86;105
"54516";15;12;2;10;1;9
"54517";167;146;6;140;49;91
"54518";738;578;57;521;218;303
"54519";425;354;33;321;129;192
"54520";300;263;32;231;108;123
"54521";1176;867;46;821;585;236
"54522";108;99;3;96;29;67
"54523";126;112;8;104;32;72
"54524";69;63;7;56;28;28
"54525";478;393;16;377;222;155
"54526";5459;4185;253;3932;2400;1532
"54527";548;486;27;459;211;248
"54528";10053;7404;490;6914;3416;3498
"54529";41;37;3;34;13;21
"54530";70;59;5;54;9;45
"54531";46;39;4;35;16;19
"54532";138;130;18;112;44;68
"54533";1599;1322;89;1233;806;427
"54534";399;323;25;298;126;172
"54535";166;136;18;118;37;81
"54536";2230;1630;85;1545;1081;464
"54537";498;435;27;408;208;200
"54538";330;269;15;254;136;118
"54539";225;184;16;168;66;102
"54540";533;392;28;364;216;148
"54541";144;123;5;118;51;67
"54542";1791;1474;84;1390;935;455
"54543";120;105;6;99;44;55
"54544";120;104;7;97;43;54
"54545";168;145;10;135;70;65
"54546";650;559;49;510;208;302
"54547";15382;12191;623;11568;6759;4809
"54548";455;376;24;352;255;97
"54549";2841;2270;155;2115;1230;885
"54550";250;230;15;215;102;113
"54551";60;56;6;50;20;30
"54552";81;66;2;64;22;42
"54553";159;139;16;123;72;51
"54554";59;57;2;55;11;44
"54555";70;57;1;56;16;40
"54556";103;83;3;80;31;49
"54557";1243;1061;67;994;374;620
"54558";242;205;18;187;107;80
"54559";262;222;19;203;115;88
"54560";48;31;4;27;13;14
"54561";41;32;3;29;15;14
"54562";109;86;4;82;32;50
"54563";951;758;45;713;341;372
"54564";137;119;5;114;22;92
"54565";201;173;6;167;90;77
"54566";83;60;4;56;29;27
"54567";357;301;31;270;114;156
"54568";197;165;14;151;86;65
"54569";120;99;6;93;51;42
"54570";241;204;16;188;83;105
"54571";527;460;27;433;166;267
"54572";390;273;20;253;143;110
"54573";148;125;7;118;41;77
"54574";457;391;26;365;167;198
"54575";1141;980;72;908;481;427
"54576";84;74;4;70;18;52
"54577";81;67;6;61;24;37
"54578";11350;8962;453;8509;4435;4074
"54579";280;236;12;224;96;128
"54580";5728;4345;207;4138;2833;1305
"54581";229;202;17;185;115;70
"54582";142;99;8;91;43;48
"54583";317;283;18;265;141;124
"54584";836;707;25;682;307;375
"54585";349;307;36;271;135;136
"54586";558;487;44;443;181;262
"54587";156;126;12;114;57;57
"54588";306;247;12;235;122;113
"54589";100;90;7;83;32;51
"54590";454;368;22;346;129;217
"54591";261;238;14;224;87;137
"54592";198;178;7;171;78;93
"54593";310;261;16;245;131;114
"54594";97;82;8;74;29;45
"54595";430;380;24;356;186;170
"54596";611;517;53;464;216;248
"54597";360;316;26;290;140;150
"54598";204;173;14;159;81;78
"54599";98;84;8;76;30;46
"54600";102;92;9;83;23;60
"54601";100;87;11;76;25;51
"54602";93;80;8;72;20;52
"55001";250;217;34;183;75;108
"55002";88;80;6;74;25;49
"55004";66;58;7;51;16;35
"55005";46;42;2;40;15;25
"55007";211;183;10;173;82;91
"55008";128;118;10;108;26;82
"55009";421;350;24;326;189;137
"55010";2106;1765;160;1605;713;892
"55011";183;134;9;125;41;84
"55012";295;252;9;243;101;142
"55013";353;302;17;285;123;162
"55014";340;293;20;273;122;151
"55015";362;282;25;257;117;140
"55017";99;87;8;79;28;51
"55018";35;30;1;29;13;16
"55021";62;49;5;44;15;29
"55022";101;81;12;69;31;38
"55023";98;82;16;66;21;45
"55024";137;119;6;113;50;63
"55025";206;176;15;161;61;100
"55026";112;95;12;83;40;43
"55027";132;106;8;98;35;63
"55028";103;89;7;82;27;55
"55029";10582;8309;546;7763;4259;3504
"55030";65;52;6;46;16;30
"55031";378;316;18;298;128;170
"55032";45;42;4;38;3;35
"55033";16;13;1;12;3;9
"55034";80;67;3;64;32;32
"55035";145;128;16;112;44;68
"55036";70;64;6;58;28;30
"55037";119;105;3;102;41;61
"55038";46;40;1;39;10;29
"55040";229;204;18;186;65;121
"55041";589;507;32;475;223;252
"55042";362;323;19;304;145;159
"55043";2488;2045;142;1903;873;1030
"55044";32;29;3;26;9;17
"55045";406;351;39;312;153;159
"55046";103;89;4;85;24;61
"55047";168;126;9;117;39;78
"55048";31;29;3;26;8;18
"55049";299;260;19;241;122;119
"55051";105;85;9;76;25;51
"55053";240;201;8;193;80;113
"55054";56;51;2;49;17;32
"55055";17;17;4;13;0;13
"55057";64;50;12;38;7;31
"55058";228;214;9;205;97;108
"55059";190;150;17;133;42;91
"55060";313;263;20;243;120;123
"55061";190;154;17;137;57;80
"55062";97;80;1;79;17;62
"55063";1863;1467;97;1370;941;429
"55064";84;71;9;62;17;45
"55065";111;97;10;87;24;63
"55066";111;96;9;87;24;63
"55067";98;85;2;83;31;52
"55068";78;62;2;60;29;31
"55069";190;166;17;149;56;93
"55070";90;83;4;79;29;50
"55071";130;98;5;93;37;56
"55072";79;69;4;65;16;49
"55073";537;480;34;446;172;274
"55075";127;103;9;94;51;43
"55076";133;118;5;113;55;58
"55077";143;108;4;104;39;65
"55078";267;223;9;214;90;124
"55079";428;377;34;343;150;193
"55080";87;80;10;70;17;53
"55081";55;52;5;47;18;29
"55082";48;46;2;44;18;26
"55083";122;99;3;96;44;52
"55084";70;52;3;49;26;23
"55085";204;166;30;136;61;75
"55087";70;59;7;52;17;35
"55088";108;87;5;82;31;51
"55089";68;56;5;51;12;39
"55093";227;207;17;190;70;120
"55094";409;344;28;316;149;167
"55095";128;93;5;88;46;42
"55096";86;69;5;64;30;34
"55097";252;216;15;201;83;118
"55099";107;90;5;85;39;46
"55100";80;73;3;70;27;43
"55101";259;221;21;200;85;115
"55102";437;358;26;332;106;226
"55103";29;25;2;23;9;14
"55104";78;68;8;60;22;38
"55105";112;100;7;93;38;55
"55106";131;107;14;93;39;54
"55107";44;38;2;36;7;29
"55108";128;110;6;104;33;71
"55109";144;118;3;115;68;47
"55110";164;130;6;124;77;47
"55111";405;352;25;327;133;194
"55113";120;106;8;98;44;54
"55114";158;136;10;126;47;79
"55115";43;39;3;36;9;27
"55116";41;36;0;36;20;16
"55117";1068;878;82;796;375;421
"55118";62;57;10;47;24;23
"55119";150;122;11;111;50;61
"55120";696;606;49;557;255;302
"55121";90;84;5;79;38;41
"55122";3776;2914;180;2734;1620;1114
"55123";586;493;36;457;179;278
"55124";222;180;21;159;52;107
"55125";564;467;42;425;194;231
"55127";33;31;4;27;9;18
"55128";42;40;4;36;6;30
"55129";50;35;5;30;15;15
"55132";1273;1042;102;940;408;532
"55133";89;71;3;68;28;40
"55134";113;95;4;91;46;45
"55137";43;35;0;35;5;30
"55140";10;10;1;9;1;8
"55141";65;58;9;49;16;33
"55142";143;106;7;99;50;49
"55143";111;101;4;97;41;56
"55144";351;281;21;260;110;150
"55145";421;352;20;332;155;177
"55146";166;134;16;118;45;73
"55148";115;104;10;94;42;52
"55149";75;59;3;56;26;30
"55150";441;355;46;309;153;156
"55153";143;123;6;117;48;69
"55154";1091;864;72;792;389;403
"55155";326;280;16;264;98;166
"55156";116;92;4;88;21;67
"55157";43;36;7;29;13;16
"55158";567;461;34;427;248;179
"55159";298;229;34;195;95;100
"55160";46;43;5;38;10;28
"55162";35;30;2;28;18;10
"55163";61;54;1;53;21;32
"55164";6;6;0;6;0;6
"55165";323;270;22;248;119;129
"55166";1109;907;55;852;494;358
"55167";427;364;20;344;173;171
"55168";33;31;7;24;8;16
"55169";286;208;6;202;104;98
"55170";103;90;10;80;43;37
"55171";182;161;14;147;67;80
"55172";55;48;7;41;13;28
"55173";44;41;2;39;10;29
"55174";65;59;2;57;15;42
"55175";144;124;14;110;44;66
"55177";62;53;4;49;14;35
"55178";151;129;7;122;38;84
"55179";145;127;7;120;35;85
"55180";115;87;14;73;32;41
"55181";2466;1948;141;1807;822;985
"55182";171;137;12;125;42;83
"55183";44;40;1;39;16;23
"55184";1376;1080;60;1020;440;580
"55185";63;58;1;57;13;44
"55186";1722;1491;112;1379;700;679
"55188";33;21;0;21;9;12
"55191";184;150;12;138;59;79
"55192";44;35;5;30;14;16
"55193";98;85;4;81;32;49
"55194";53;44;1;43;10;33
"55195";119;99;10;89;49;40
"55196";88;74;7;67;27;40
"55197";122;110;14;96;39;57
"55198";520;433;36;397;158;239
"55199";80;64;3;61;28;33
"55200";206;169;6;163;60;103
"55201";51;45;5;40;17;23
"55202";139;106;6;100;50;50
"55204";179;136;9;127;73;54
"55206";126;107;6;101;31;70
"55207";37;25;2;23;14;9
"55208";42;38;0;38;11;27
"55210";41;38;0;38;13;25
"55211";53;47;7;40;16;24
"55212";79;58;7;51;31;20
"55214";224;202;17;185;102;83
"55215";763;643;51;592;270;322
"55216";40;31;2;29;13;16
"55217";96;84;7;77;27;50
"55218";22;22;2;20;9;11
"55219";74;66;5;61;23;38
"55220";73;67;13;54;30;24
"55221";234;192;17;175;91;84
"55222";32;32;2;30;7;23
"55224";476;385;52;333;156;177
"55225";119;99;7;92;34;58
"55226";79;72;7;65;35;30
"55228";450;364;35;329;142;187
"55229";223;185;17;168;63;105
"55232";104;97;9;88;32;56
"55236";677;583;35;548;227;321
"55237";194;141;10;131;58;73
"55241";70;58;12;46;10;36
"55242";98;92;8;84;49;35
"55243";132;120;7;113;48;65
"55244";197;159;6;153;32;121
"55245";156;137;6;131;49;82
"55246";107;91;7;84;29;55
"55247";57;46;2;44;16;28
"55248";270;231;23;208;86;122
"55250";164;137;4;133;54;79
"55251";83;73;5;68;9;59
"55252";106;80;16;64;22;42
"55253";563;451;33;418;166;252
"55254";92;76;11;65;26;39
"55255";181;134;9;125;51;74
"55256";106;80;10;70;24;46
"55257";55;51;6;45;16;29
"55258";436;375;21;354;156;198
"55260";60;53;5;48;17;31
"55261";104;90;7;83;43;40
"55262";164;135;9;126;57;69
"55263";121;115;10;105;50;55
"55264";210;177;22;155;80;75
"55265";101;82;8;74;29;45
"55266";55;44;6;38;23;15
"55267";204;180;18;162;66;96
"55268";502;420;38;382;141;241
"55269";89;78;11;67;37;30
"55270";24;21;1;20;7;13
"55271";315;269;35;234;86;148
"55272";350;315;31;284;158;126
"55274";260;223;23;200;82;118
"55275";65;49;3;46;24;22
"55276";169;143;7;136;71;65
"55278";137;123;6;117;34;83
"55279";306;261;20;241;121;120
"55280";51;39;5;34;5;29
"55281";65;56;3;53;19;34
"55282";73;66;4;62;21;41
"55284";72;56;15;41;18;23
"55285";133;118;11;107;52;55
"55286";164;146;12;134;57;77
"55288";986;856;57;799;455;344
"55289";39;37;2;35;3;32
"55290";45;36;2;34;15;19
"55291";3167;2451;168;2283;1175;1108
"55292";150;112;7;105;42;63
"55293";128;109;8;101;47;54
"55295";31;30;1;29;11;18
"55296";420;342;25;317;151;166
"55297";100;80;7;73;36;37
"55298";395;348;31;317;149;168
"55299";81;60;1;59;20;39
"55300";189;143;12;131;59;72
"55301";104;91;3;88;38;50
"55302";982;800;49;751;330;421
"55303";73;67;8;59;23;36
"55304";162;143;7;136;51;85
"55306";104;84;7;77;24;53
"55310";93;83;6;77;43;34
"55311";26;18;1;17;3;14
"55312";129;114;3;111;38;73
"55313";65;54;5;49;17;32
"55315";107;98;5;93;14;79
"55316";271;222;23;199;70;129
"55317";134;114;7;107;45;62
"55320";59;49;0;49;16;33
"55321";138;118;3;115;39;76
"55322";39;37;2;35;16;19
"55323";46;45;5;40;15;25
"55324";405;332;20;312;138;174
"55325";43;38;2;36;14;22
"55326";86;76;5;71;30;41
"55327";215;177;16;161;50;111
"55328";231;204;8;196;55;141
"55329";187;155;13;142;59;83
"55330";84;73;6;67;29;38
"55331";70;66;2;64;8;56
"55332";204;166;15;151;66;85
"55333";47;38;1;37;12;25
"55334";130;115;16;99;48;51
"55335";205;167;22;145;61;84
"55336";121;96;4;92;36;56
"55338";137;115;9;106;63;43
"55339";62;56;3;53;8;45
"55340";301;245;21;224;107;117
"55341";110;93;1;92;22;70
"55343";60;49;2;47;18;29
"55344";26;22;4;18;7;11
"55345";94;73;5;68;39;29
"55346";224;190;21;169;49;120
"55347";275;230;7;223;118;105
"55348";334;270;22;248;99;149
"55349";128;109;3;106;42;64
"55350";77;65;8;57;21;36
"55351";1167;921;42;879;410;469
"55352";158;129;9;120;43;77
"55353";54;50;4;46;13;33
"55355";136;119;3;116;48;68
"55356";82;67;2;65;22;43
"55357";79;62;6;56;19;37
"55358";194;167;7;160;57;103
"55359";147;115;14;101;30;71
"55360";90;75;15;60;29;31
"55361";95;84;4;80;30;50
"55362";145;126;11;115;38;77
"55363";82;71;7;64;31;33
"55364";552;462;34;428;265;163
"55365";144;116;10;106;63;43
"55366";744;658;63;595;297;298
"55367";81;73;1;72;19;53
"55368";121;95;9;86;20;66
"55369";665;578;51;527;283;244
"55370";155;117;7;110;44;66
"55371";53;50;4;46;13;33
"55372";302;255;14;241;121;120
"55373";59;54;5;49;23;26
"55374";81;63;7;56;26;30
"55375";61;56;4;52;8;44
"55376";73;61;10;51;16;35
"55377";62;53;3;50;11;39
"55378";242;175;11;164;75;89
"55379";64;61;2;59;28;31
"55380";66;57;3;54;12;42
"55381";134;103;8;95;42;53
"55382";268;231;25;206;71;135
"55383";164;145;5;140;55;85
"55384";115;102;5;97;43;54
"55385";367;336;32;304;117;187
"55386";138;124;7;117;30;87
"55387";201;170;14;156;47;109
"55388";205;166;23;143;49;94
"55389";190;172;18;154;52;102
"55391";132;112;1;111;55;56
"55394";13;9;2;7;1;6
"55395";46;42;3;39;11;28
"55396";159;138;7;131;63;68
"55397";177;140;8;132;43;89
"55398";743;612;59;553;272;281
"55399";101;83;11;72;27;45
"55400";47;40;1;39;20;19
"55401";322;295;21;274;104;170
"55403";47;42;4;38;9;29
"55404";211;189;13;176;93;83
"55405";179;142;6;136;54;82
"55406";77;66;4;62;25;37
"55407";137;115;7;108;45;63
"55408";166;133;11;122;53;69
"55409";48;43;3;40;13;27
"55410";117;88;9;79;31;48
"55411";77;65;7;58;12;46
"55412";123;111;14;97;30;67
"55414";150;121;7;114;45;69
"55415";67;58;3;55;24;31
"55416";180;154;8;146;77;69
"55419";161;119;8;111;39;72
"55420";75;64;3;61;27;34
"55421";50;39;8;31;10;21
"55422";42;37;1;36;19;17
"55423";297;261;21;240;91;149
"55424";55;48;5;43;8;35
"55425";118;89;8;81;44;37
"55426";354;303;18;285;158;127
"55427";2062;1578;148;1430;702;728
"55428";101;88;3;85;44;41
"55429";47;46;2;44;22;22
"55430";79;63;4;59;6;53
"55431";46;44;3;41;10;31
"55433";313;237;6;231;88;143
"55434";52;45;2;43;11;32
"55435";592;496;36;460;222;238
"55436";32;24;2;22;8;14
"55437";95;79;5;74;31;43
"55438";116;97;5;92;37;55
"55439";79;67;6;61;27;34
"55442";213;168;16;152;62;90
"55443";226;171;11;160;63;97
"55444";134;118;8;110;42;68
"55445";154;132;10;122;43;79
"55446";65;56;7;49;22;27
"55447";264;210;22;188;91;97
"55448";37;37;7;30;19;11
"55449";238;202;9;193;91;102
"55450";35;31;0;31;17;14
"55452";73;63;0;63;38;25
"55453";61;46;2;44;6;38
"55454";130;118;4;114;47;67
"55456";206;157;12;145;53;92
"55457";149;127;8;119;60;59
"55458";213;168;15;153;68;85
"55459";230;195;23;172;72;100
"55460";113;98;8;90;38;52
"55461";296;248;17;231;106;125
"55462";272;234;15;219;125;94
"55463";2638;2075;167;1908;904;1004
"55464";127;104;11;93;29;64
"55465";60;51;10;41;22;19
"55466";248;232;24;208;118;90
"55467";575;474;40;434;266;168
"55468";64;56;4;52;8;44
"55469";84;69;5;64;31;33
"55470";154;136;20;116;56;60
"55471";79;71;4;67;35;32
"55472";112;96;4;92;14;78
"55473";107;89;4;85;23;62
"55474";205;180;16;164;65;99
"55475";55;45;5;40;17;23
"55476";386;336;27;309;166;143
"55477";346;286;20;266;129;137
"55479";166;148;16;132;72;60
"55481";203;168;14;154;61;93
"55482";75;69;7;62;27;35
"55484";45;39;3;36;4;32
"55485";70;63;3;60;31;29
"55487";88;76;8;68;38;30
"55488";150;133;12;121;64;57
"55489";221;189;13;176;79;97
"55490";269;216;20;196;89;107
"55492";619;490;34;456;251;205
"55493";180;126;9;117;52;65
"55494";412;348;29;319;146;173
"55495";175;148;6;142;58;84
"55496";751;624;52;572;253;319
"55497";267;238;17;221;89;132
"55498";254;212;12;200;63;137
"55500";521;454;34;420;175;245
"55501";314;278;17;261;103;158
"55502";1722;1285;114;1171;631;540
"55503";116;104;5;99;39;60
"55504";306;264;28;236;121;115
"55505";1952;1575;97;1478;663;815
"55506";35;28;1;27;8;19
"55507";159;132;7;125;65;60
"55508";97;74;1;73;24;49
"55509";186;148;17;131;60;71
"55510";90;68;8;60;17;43
"55511";96;74;5;69;23;46
"55512";225;186;18;168;89;79
"55514";470;402;31;371;175;196
"55515";57;55;3;52;29;23
"55516";489;399;38;361;200;161
"55517";403;338;22;316;126;190
"55518";99;93;8;85;24;61
"55519";1140;955;54;901;530;371
"55520";293;244;37;207;92;115
"55521";181;157;25;132;59;73
"55522";95;84;13;71;26;45
"55523";127;104;6;98;40;58
"55525";52;44;1;43;19;24
"55526";196;167;15;152;92;60
"55527";449;375;22;353;143;210
"55528";50;46;5;41;10;31
"55530";74;62;5;57;24;33
"55531";196;170;22;148;86;62
"55532";259;217;23;194;77;117
"55533";1335;1064;80;984;473;511
"55534";53;48;6;42;27;15
"55535";48;39;1;38;21;17
"55536";24;24;2;22;8;14
"55537";59;53;4;49;21;28
"55540";51;44;1;43;15;28
"55541";397;337;17;320;162;158
"55543";808;673;70;603;260;343
"55544";83;62;3;59;41;18
"55545";12078;8641;476;8165;3841;4324
"55546";117;84;5;79;33;46
"55547";71;58;2;56;7;49
"55549";90;72;8;64;21;43
"55551";1132;950;62;888;413;475
"55552";51;41;6;35;11;24
"55553";970;841;43;798;412;386
"55554";135;113;11;102;58;44
"55555";24;24;1;23;6;17
"55556";48;42;2;40;6;34
"55557";113;91;6;85;34;51
"55559";30;23;3;20;13;7
"55560";111;104;6;98;46;52
"55561";68;57;1;56;19;37
"55562";118;99;10;89;31;58
"55563";67;57;9;48;24;24
"55565";57;46;7;39;21;18
"55566";199;165;16;149;84;65
"55567";81;67;3;64;23;41
"55568";254;222;23;199;86;113
"55569";133;107;12;95;30;65
"55570";155;138;13;125;44;81
"55571";150;128;12;116;52;64
"55572";69;58;3;55;15;40
"55573";1306;1058;93;965;437;528
"55574";60;58;2;56;22;34
"55575";76;72;5;67;45;22
"55577";52;45;3;42;15;27
"55578";138;116;10;106;56;50
"55579";89;72;2;70;29;41
"55580";41;35;1;34;13;21
"55581";103;92;8;84;34;50
"55582";87;76;7;69;35;34
"55583";149;121;5;116;38;78
"55584";88;78;8;70;27;43
"55586";78;74;3;71;17;54
"56001";2649;2320;136;2184;1122;1062
"56002";1416;1193;69;1124;568;556
"56003";4508;3996;159;3837;1781;2056
"56004";1097;977;45;932;428;504
"56005";2147;1875;64;1811;641;1170
"56006";1073;949;58;891;474;417
"56007";8790;7022;325;6697;3548;3149
"56008";3637;3151;159;2992;1301;1691
"56009";865;745;44;701;401;300
"56010";4391;3803;260;3543;2063;1480
"56011";1083;933;40;893;401;492
"56012";971;875;44;831;442;389
"56013";3039;2536;150;2386;1267;1119
"56014";1142;993;63;930;498;432
"56015";1164;1040;59;981;504;477
"56016";564;483;27;456;298;158
"56017";2127;1834;156;1678;793;885
"56018";662;584;33;551;284;267
"56019";316;280;25;255;115;140
"56020";529;468;25;443;267;176
"56021";920;796;47;749;396;353
"56022";924;777;58;719;359;360
"56023";4739;4133;236;3897;2023;1874
"56024";1713;1467;98;1369;542;827
"56025";170;145;7;138;74;64
"56026";1958;1580;110;1470;851;619
"56027";382;317;26;291;113;178
"56028";1194;1039;45;994;444;550
"56029";781;683;49;634;372;262
"56030";752;660;30;630;251;379
"56031";2261;1939;131;1808;1105;703
"56032";1436;1242;73;1169;613;556
"56033";2098;1738;121;1617;703;914
"56034";4086;3506;187;3319;1131;2188
"56035";913;785;44;741;333;408
"56036";5463;4611;255;4356;2147;2209
"56037";974;862;54;808;458;350
"56038";545;459;38;421;251;170
"56039";631;545;49;496;242;254
"56040";2611;2237;151;2086;1176;910
"56041";2267;2005;128;1877;1055;822
"56042";1596;1402;88;1314;668;646
"56043";557;481;21;460;286;174
"56044";599;533;33;500;280;220
"56045";421;384;23;361;210;151
"56046";2771;2404;125;2279;919;1360
"56047";1029;914;61;853;371;482
"56048";585;474;24;450;274;176
"56049";122;109;12;97;46;51
"56050";598;533;34;499;202;297
"56051";475;412;21;391;144;247
"56052";1721;1476;69;1407;659;748
"56053";3893;3327;171;3156;1584;1572
"56054";2948;2453;166;2287;1126;1161
"56055";1857;1538;81;1457;733;724
"56056";160;137;10;127;70;57
"56057";2175;1874;101;1773;1057;716
"56058";2287;1939;126;1813;935;878
"56059";376;313;16;297;125;172
"56060";722;654;36;618;296;322
"56061";1661;1383;77;1306;669;637
"56062";625;522;26;496;270;226
"56063";2047;1798;128;1670;924;746
"56064";661;590;34;556;296;260
"56065";448;389;20;369;200;169
"56066";3316;2830;173;2657;1524;1133
"56067";3790;3206;212;2994;1445;1549
"56068";243;211;14;197;86;111
"56069";2191;1832;85;1747;972;775
"56070";1775;1506;105;1401;629;772
"56071";637;551;29;522;226;296
"56072";391;326;26;300;146;154
"56073";772;644;41;603;370;233
"56074";1067;945;74;871;381;490
"56075";4180;3596;185;3411;1411;2000
"56076";1021;889;59;830;533;297
"56077";642;549;33;516;261;255
"56078";8687;7559;413;7146;3358;3788
"56079";995;874;59;815;457;358
"56080";910;763;41;722;364;358
"56081";1998;1633;116;1517;929;588
"56082";245;221;19;202;107;95
"56083";11594;9609;574;9035;5758;3277
"56084";622;525;30;495;270;225
"56085";144;129;6;123;53;70
"56086";338;263;13;250;105;145
"56087";621;553;17;536;169;367
"56088";290;262;11;251;108;143
"56089";1617;1379;102;1277;760;517
"56090";4995;4221;261;3960;2677;1283
"56091";1639;1367;76;1291;599;692
"56092";604;509;41;468;246;222
"56093";528;457;29;428;197;231
"56094";4453;3949;251;3698;1952;1746
"56096";1647;1412;102;1310;736;574
"56097";2497;2112;152;1960;1051;909
"56098";16539;13318;833;12485;8209;4276
"56099";274;230;10;220;139;81
"56100";1530;1258;75;1183;673;510
"56101";5698;4907;331;4576;2550;2026
"56102";1397;1187;76;1111;484;627
"56103";239;209;13;196;100;96
"56104";669;563;35;528;302;226
"56105";925;777;53;724;466;258
"56106";923;804;36;768;295;473
"56107";7407;6438;274;6164;2643;3521
"56108";687;593;35;558;307;251
"56109";693;603;39;564;298;266
"56110";732;593;27;566;327;239
"56111";1022;870;41;829;358;471
"56112";589;512;36;476;259;217
"56113";662;598;47;551;302;249
"56114";781;661;37;624;325;299
"56115";968;866;45;821;429;392
"56116";1594;1362;82;1280;508;772
"56117";2771;2331;159;2172;1027;1145
"56118";3207;2712;131;2581;1569;1012
"56119";2574;2194;158;2036;1045;991
"56120";1128;1001;58;943;445;498
"56121";38399;30346;1502;28844;17254;11590
"56122";1256;1088;72;1016;491;525
"56123";1717;1440;90;1350;662;688
"56124";1999;1733;102;1631;722;909
"56125";1419;1249;100;1149;725;424
"56126";1608;1353;83;1270;551;719
"56127";2477;2048;99;1949;990;959
"56128";1190;1008;70;938;546;392
"56129";1210;1037;51;986;458;528
"56130";2225;1939;147;1792;985;807
"56131";1122;975;71;904;483;421
"56132";1513;1361;75;1286;697;589
"56133";848;713;32;681;320;361
"56134";754;614;30;584;229;355
"56135";1059;898;64;834;490;344
"56136";528;454;22;432;200;232
"56137";2194;1894;123;1771;951;820
"56138";262;220;20;200;92;108
"56139";290;257;12;245;161;84
"56140";2661;2302;182;2120;1000;1120
"56141";1254;1080;71;1009;503;506
"56142";500;431;32;399;243;156
"56143";3675;3297;151;3146;1472;1674
"56144";1391;1172;98;1074;540;534
"56145";787;661;24;637;346;291
"56146";1124;971;80;891;469;422
"56147";3173;2726;159;2567;1098;1469
"56148";1094;951;64;887;512;375
"56149";1848;1634;93;1541;830;711
"56150";636;558;15;543;278;265
"56151";2808;2428;179;2249;1087;1162
"56152";1990;1632;70;1562;893;669
"56153";2007;1661;109;1552;699;853
"56154";1404;1230;69;1161;609;552
"56155";1789;1524;84;1440;656;784
"56156";256;214;15;199;108;91
"56157";1345;1151;78;1073;458;615
"56158";3924;3282;181;3101;1687;1414
"56159";1331;1157;66;1091;514;577
"56160";869;753;49;704;288;416
"56161";2115;1843;117;1726;766;960
"56162";15821;12962;794;12168;6322;5846
"56163";957;795;51;744;448;296
"56164";4563;4000;203;3797;1849;1948
"56165";6838;5690;360;5330;2622;2708
"56166";4069;3482;263;3219;1615;1604
"56167";1845;1650;107;1543;791;752
"56168";1695;1427;101;1326;514;812
"56169";4313;3720;252;3468;1766;1702
"56170";797;693;36;657;414;243
"56171";1108;947;51;896;472;424
"56172";2039;1684;94;1590;676;914
"56173";2625;2294;170;2124;1146;978
"56174";1860;1599;100;1499;684;815
"56175";2744;2327;127;2200;1061;1139
"56176";4060;3466;182;3284;1821;1463
"56177";5514;4609;269;4340;2254;2086
"56178";9266;7701;447;7254;4030;3224
"56179";2618;2137;130;2007;1039;968
"56180";502;433;18;415;213;202
"56181";2265;1924;78;1846;953;893
"56182";850;709;26;683;345;338
"56183";424;357;16;341;139;202
"56184";5385;4591;300;4291;2418;1873
"56185";7369;6128;373;5755;3153;2602
"56186";4689;3857;183;3674;1338;2336
"56187";244;206;9;197;119;78
"56188";1091;923;73;850;490;360
"56189";729;641;62;579;269;310
"56190";1272;1122;71;1051;408;643
"56191";289;246;7;239;120;119
"56192";744;613;64;549;220;329
"56193";4084;3500;252;3248;1850;1398
"56194";2380;1984;120;1864;1156;708
"56195";519;439;25;414;204;210
"56196";413;376;8;368;188;180
"56197";755;644;40;604;321;283
"56198";1236;1052;56;996;514;482
"56199";565;479;32;447;255;192
"56200";1128;945;71;874;320;554
"56201";524;446;32;414;238;176
"56202";408;381;23;358;197;161
"56203";481;420;25;395;247;148
"56204";465;403;30;373;187;186
"56205";818;712;31;681;355;326
"56206";8070;6886;320;6566;3536;3030
"56207";901;795;40;755;424;331
"56208";268;235;4;231;132;99
"56209";132;124;3;121;82;39
"56210";376;315;18;297;148;149
"56211";586;502;19;483;198;285
"56212";1695;1465;82;1383;723;660
"56213";805;693;60;633;318;315
"56214";1778;1578;70;1508;559;949
"56215";831;717;34;683;324;359
"56216";260;224;16;208;81;127
"56218";552;492;37;455;228;227
"56219";853;751;38;713;343;370
"56220";932;808;48;760;390;370
"56221";1226;1076;50;1026;454;572
"56222";2033;1735;136;1599;727;872
"56223";1123;994;63;931;605;326
"56224";299;268;5;263;138;125
"56225";145;129;14;115;65;50
"56226";332;289;21;268;143;125
"56227";398;340;16;324;136;188
"56228";827;715;41;674;352;322
"56229";1049;915;47;868;367;501
"56230";363;316;16;300;129;171
"56231";3086;2682;145;2537;1389;1148
"56232";918;802;40;762;519;243
"56233";1298;1169;48;1121;400;721
"56234";2355;2002;102;1900;723;1177
"56236";675;600;39;561;278;283
"56237";1529;1348;95;1253;694;559
"56238";300;251;10;241;136;105
"56239";1072;934;50;884;490;394
"56240";6751;5885;270;5615;2415;3200
"56241";756;640;26;614;295;319
"56242";556;480;26;454;236;218
"56243";7232;6218;301;5917;3167;2750
"56244";2293;1939;103;1836;965;871
"56245";299;257;18;239;151;88
"56246";1644;1447;102;1345;786;559
"56247";2478;2120;101;2019;1098;921
"56248";2917;2498;134;2364;1090;1274
"56249";1757;1515;105;1410;690;720
"56250";473;394;25;369;218;151
"56251";5160;4463;272;4191;2026;2165
"56252";1044;892;55;837;359;478
"56253";492;416;21;395;182;213
"56254";847;730;46;684;348;336
"56255";1449;1257;77;1180;586;594
"56256";121;111;10;101;83;18
"56257";568;438;24;414;193;221
"56258";1692;1472;45;1427;404;1023
"56259";887;755;59;696;377;319
"56260";35059;28749;1362;27387;13499;13888
"56261";964;849;47;802;436;366
"56262";1864;1603;88;1515;790;725
"56263";1788;1533;80;1453;597;856
"56264";286;252;14;238;103;135
"57001";276;226;7;219;96;123
"57002";55;44;3;41;11;30
"57003";1085;874;55;819;267;552
"57004";76;61;4;57;16;41
"57006";786;644;68;576;173;403
"57007";97;82;5;77;18;59
"57008";191;149;17;132;63;69
"57009";72;64;3;61;28;33
"57010";107;81;6;75;24;51
"57011";470;355;20;335;142;193
"57012";4360;3083;166;2917;1627;1290
"57013";1695;1304;100;1204;432;772
"57014";330;270;14;256;88;168
"57015";440;394;35;359;147;212
"57016";322;265;28;237;89;148
"57017";1711;1436;107;1329;585;744
"57018";100;86;2;84;28;56
"57019";7835;6242;558;5684;2922;2762
"57020";224;194;18;176;71;105
"57021";1149;1000;50;950;472;478
"57022";992;738;38;700;344;356
"57024";123;104;4;100;39;61
"57025";376;307;31;276;99;177
"57026";672;533;37;496;261;235
"57027";105;87;7;80;23;57
"57028";1038;912;52;860;394;466
"57029";197;167;20;147;57;90
"57030";399;358;31;327;142;185
"57031";648;583;29;554;260;294
"57032";3649;2739;185;2554;1457;1097
"57033";443;367;33;334;93;241
"57034";34;26;0;26;12;14
"57035";102;90;6;84;28;56
"57036";92;77;4;73;31;42
"57037";182;156;6;150;54;96
"57038";4360;3229;170;3059;1805;1254
"57039";1406;1184;67;1117;450;667
"57040";163;145;10;135;60;75
"57041";1812;1362;87;1275;762;513
"57042";472;398;27;371;159;212
"57043";1270;1071;47;1024;398;626
"57044";88;71;4;67;21;46
"57045";89;72;3;69;24;45
"57046";630;492;19;473;197;276
"57047";815;691;54;637;243;394
"57048";61;52;5;47;24;23
"57049";3015;2360;137;2223;948;1275
"57050";95;85;11;74;23;51
"57051";263;220;19;201;89;112
"57052";431;377;29;348;125;223
"57053";103;89;7;82;39;43
"57054";148;122;8;114;37;77
"57055";415;374;18;356;156;200
"57056";153;140;10;130;40;90
"57057";375;318;17;301;140;161
"57058";5035;3543;132;3411;2323;1088
"57059";47;43;3;40;13;27
"57060";429;326;18;308;135;173
"57061";1049;782;59;723;295;428
"57062";301;251;18;233;103;130
"57063";194;164;13;151;37;114
"57064";227;188;17;171;51;120
"57065";180;155;11;144;53;91
"57066";400;340;24;316;115;201
"57067";2055;1716;103;1613;772;841
"57069";325;264;18;246;119;127
"57070";146;109;11;98;39;59
"57071";336;291;24;267;95;172
"57072";492;409;27;382;179;203
"57073";669;576;37;539;194;345
"57074";660;506;37;469;169;300
"57075";198;173;13;160;79;81
"57076";379;299;23;276;111;165
"57077";67;59;3;56;16;40
"57079";328;275;20;255;76;179
"57080";60;52;4;48;18;30
"57081";112;93;4;89;19;70
"57082";249;217;14;203;81;122
"57083";937;766;62;704;226;478
"57084";237;212;10;202;104;98
"57085";318;271;11;260;104;156
"57086";219;187;13;174;42;132
"57087";210;166;8;158;57;101
"57088";250;215;15;200;62;138
"57089";3265;2576;135;2441;961;1480
"57090";99;89;9;80;21;59
"57091";817;665;52;613;227;386
"57092";450;349;21;328;109;219
"57093";475;378;26;352;111;241
"57095";441;349;30;319;141;178
"57096";1570;1285;70;1215;790;425
"57097";4015;2897;206;2691;1221;1470
"57098";206;172;11;161;85;76
"57099";163;141;11;130;43;87
"57100";120;86;2;84;25;59
"57101";893;723;55;668;188;480
"57102";2362;2014;144;1870;876;994
"57103";100;85;9;76;22;54
"57104";821;675;41;634;230;404
"57105";110;100;3;97;30;67
"57106";2382;1891;101;1790;756;1034
"57107";94;75;5;70;24;46
"57108";236;200;17;183;51;132
"57109";435;351;19;332;109;223
"57110";298;240;20;220;94;126
"57111";484;399;27;372;245;127
"57112";70;63;2;61;18;43
"57113";685;590;37;553;205;348
"57114";354;301;14;287;126;161
"57115";92;79;3;76;33;43
"57116";77;65;1;64;23;41
"57117";409;337;20;317;164;153
"57118";160;129;9;120;45;75
"57119";860;712;58;654;216;438
"57120";127;106;11;95;21;74
"57121";161;137;18;119;53;66
"57122";526;440;31;409;148;261
"57123";2449;1912;168;1744;792;952
"57124";1828;1478;110;1368;524;844
"57125";295;240;8;232;101;131
"57126";282;239;22;217;92;125
"57127";103;92;7;85;38;47
"57128";183;156;6;150;73;77
"57129";515;461;29;432;163;269
"57130";82;63;4;59;20;39
"57131";171;131;13;118;36;82
"57132";1667;1323;81;1242;508;734
"57133";98;81;2;79;41;38
"57134";1422;1257;77;1180;544;636
"57136";353;286;14;272;117;155
"57137";479;396;20;376;124;252
"57138";55;47;5;42;16;26
"57139";252;188;13;175;73;102
"57140";408;350;12;338;135;203
"57141";86;79;5;74;21;53
"57142";337;301;20;281;92;189
"57143";2624;1951;115;1836;1002;834
"57144";2687;2060;166;1894;908;986
"57145";249;212;20;192;84;108
"57146";579;505;22;483;193;290
"57147";254;219;16;203;71;132
"57148";291;245;23;222;92;130
"57149";155;125;8;117;49;68
"57150";465;389;23;366;139;227
"57151";143;121;6;115;45;70
"57152";348;266;15;251;87;164
"57153";1634;1428;76;1352;569;783
"57154";556;459;41;418;156;262
"57155";2254;1765;86;1679;746;933
"57156";836;738;50;688;292;396
"57158";183;151;10;141;78;63
"57159";3059;2342;178;2164;1078;1086
"57160";8266;6266;362;5904;3092;2812
"57161";100;76;1;75;24;51
"57162";595;515;31;484;166;318
"57163";2312;1845;196;1649;552;1097
"57165";412;339;15;324;120;204
"57166";93;74;5;69;26;43
"57167";259;209;20;189;70;119
"57168";471;395;29;366;144;222
"57169";426;363;26;337;116;221
"57171";657;570;42;528;201;327
"57172";205;173;12;161;57;104
"57173";82;67;4;63;19;44
"57174";75;66;7;59;25;34
"57175";171;146;17;129;54;75
"57176";1322;1078;85;993;381;612
"57177";2020;1579;104;1475;620;855
"57178";282;239;24;215;67;148
"57179";1267;1006;54;952;428;524
"57180";270;227;13;214;58;156
"57181";82;75;7;68;29;39
"57182";92;76;8;68;21;47
"57183";174;156;16;140;40;100
"57184";136;114;7;107;59;48
"57186";573;465;43;422;183;239
"57187";277;242;16;226;82;144
"57188";348;277;22;255;80;175
"57189";174;151;10;141;54;87
"57190";299;253;13;240;93;147
"57191";580;483;50;433;183;250
"57192";1057;831;94;737;301;436
"57193";1441;1216;83;1133;492;641
"57194";973;805;49;756;321;435
"57195";422;357;31;326;99;227
"57196";339;284;30;254;85;169
"57197";393;322;24;298;104;194
"57198";170;145;8;137;51;86
"57199";418;321;24;297;129;168
"57200";315;274;20;254;113;141
"57201";663;552;49;503;156;347
"57202";795;627;41;586;212;374
"57203";155;106;5;101;28;73
"57204";432;387;25;362;148;214
"57205";1742;1337;82;1255;611;644
"57206";8607;6693;370;6323;4102;2221
"57207";3519;2451;102;2349;1633;716
"57208";1149;910;67;843;337;506
"57209";3991;2968;192;2776;1414;1362
"57210";560;442;32;410;155;255
"57211";711;604;35;569;297;272
"57212";514;413;24;389;139;250
"57213";634;483;37;446;198;248
"57214";286;240;19;221;96;125
"57215";248;207;19;188;40;148
"57216";82;68;2;66;26;40
"57217";653;548;41;507;218;289
"57218";892;781;36;745;332;413
"57219";426;355;21;334;162;172
"57220";109;91;2;89;30;59
"57221";8424;6456;415;6041;3419;2622
"57222";1038;877;70;807;345;462
"57224";2989;2144;146;1998;1073;925
"57225";111;99;9;90;27;63
"57226";2176;1752;98;1654;954;700
"57227";13914;9642;524;9118;4425;4693
"57228";112;101;12;89;48;41
"57229";144;129;13;116;52;64
"57230";147;127;6;121;37;84
"57231";80;67;10;57;19;38
"57232";550;443;24;419;128;291
"57233";74;67;7;60;26;34
"57234";422;331;36;295;119;176
"57235";861;698;73;625;235;390
"57236";45;37;3;34;3;31
"57237";249;217;8;209;72;137
"57238";138;122;7;115;45;70
"57239";329;271;27;244;65;179
"57240";9163;6703;472;6231;3067;3164
"57241";137;123;11;112;26;86
"57242";2152;1708;141;1567;859;708
"57244";426;344;28;316;111;205
"57245";446;379;17;362;161;201
"57246";200;167;7;160;48;112
"57247";97;84;5;79;37;42
"57248";87;72;8;64;26;38
"57249";222;181;17;164;80;84
"57250";1350;1056;81;975;497;478
"57251";285;221;21;200;76;124
"57252";427;343;27;316;137;179
"57253";370;316;27;289;109;180
"57254";725;583;45;538;257;281
"57255";505;435;39;396;151;245
"57256";587;498;26;472;190;282
"57257";88;73;4;69;28;41
"57258";120;95;11;84;29;55
"57259";264;208;11;197;52;145
"57260";2262;1752;137;1615;604;1011
"57261";1049;855;56;799;274;525
"57262";513;416;32;384;129;255
"57263";525;416;17;399;119;280
"57264";333;270;29;241;99;142
"57265";38;30;2;28;13;15
"57266";125;107;10;97;32;65
"57267";721;584;56;528;207;321
"57268";132;88;7;81;37;44
"57269";5482;4118;273;3845;2298;1547
"57270";454;359;37;322;169;153
"57271";533;464;30;434;150;284
"57272";80;68;5;63;24;39
"57273";243;186;12;174;73;101
"57274";685;557;49;508;252;256
"57275";769;659;57;602;265;337
"57276";215;187;11;176;58;118
"57277";122;107;4;103;59;44
"57278";49;47;1;46;3;43
"57280";297;253;15;238;82;156
"57281";157;123;12;111;34;77
"57282";205;159;6;153;45;108
"57283";6970;5467;330;5137;2812;2325
"57284";100;69;6;63;26;37
"57286";213;169;10;159;71;88
"57287";1744;1421;102;1319;563;756
"57288";1971;1597;117;1480;675;805
"57289";2148;1702;137;1565;552;1013
"57290";155;124;7;117;54;63
"57291";233;189;16;173;45;128
"57292";15;14;1;13;1;12
"57293";175;159;21;138;64;74
"57294";147;111;10;101;39;62
"57295";113;97;10;87;33;54
"57296";761;613;48;565;235;330
"57297";170;133;9;124;59;65
"57298";296;238;22;216;100;116
"57299";749;632;66;566;202;364
"57300";256;216;25;191;71;120
"57301";250;210;15;195;74;121
"57302";162;126;3;123;27;96
"57303";423;345;20;325;143;182
"57304";268;222;29;193;61;132
"57305";310;239;14;225;92;133
"57306";11285;8080;571;7509;4267;3242
"57307";180;160;9;151;53;98
"57308";99;90;9;81;21;60
"57309";300;247;13;234;105;129
"57310";163;131;6;125;21;104
"57311";466;394;31;363;119;244
"57312";359;301;26;275;122;153
"57313";121;109;3;106;45;61
"57314";354;259;16;243;109;134
"57315";514;449;29;420;135;285
"57316";618;527;39;488;154;334
"57317";95;85;3;82;11;71
"57318";198;178;15;163;72;91
"57319";380;328;27;301;148;153
"57320";166;129;7;122;40;82
"57321";487;411;35;376;122;254
"57322";355;292;26;266;136;130
"57323";5434;4323;244;4079;1665;2414
"57324";474;405;37;368;112;256
"57325";633;547;41;506;179;327
"57326";214;183;17;166;59;107
"57328";52;44;4;40;15;25
"57329";326;255;21;234;67;167
"57330";1007;819;58;761;353;408
"57331";359;288;26;262;117;145
"57332";4924;3806;284;3522;1817;1705
"57333";695;573;50;523;166;357
"57334";311;249;14;235;76;159
"57335";171;144;11;133;37;96
"57336";3846;2852;204;2648;1192;1456
"57337";525;425;23;402;167;235
"57338";487;395;24;371;94;277
"57339";325;258;21;237;92;145
"57340";1209;954;78;876;339;537
"57341";571;462;27;435;186;249
"57342";75;60;6;54;14;40
"57343";1668;1392;92;1300;603;697
"57344";589;462;39;423;128;295
"57345";320;282;25;257;89;168
"57346";484;389;26;363;134;229
"57347";162;125;5;120;37;83
"57348";647;521;49;472;171;301
"57349";116;91;10;81;36;45
"57350";1233;1043;54;989;385;604
"57351";718;632;39;593;269;324
"57352";430;374;15;359;146;213
"57353";75;64;4;60;25;35
"57354";93;75;6;69;29;40
"57355";676;554;60;494;179;315
"57356";821;671;39;632;224;408
"57357";336;287;19;268;88;180
"57358";884;697;49;648;271;377
"57359";114;89;5;84;18;66
"57360";768;659;46;613;250;363
"57361";431;343;16;327;118;209
"57362";112;87;3;84;28;56
"57364";232;199;14;185;50;135
"57365";368;317;21;296;96;200
"57366";94;69;5;64;28;36
"57367";185;157;19;138;64;74
"57368";2397;1669;105;1564;883;681
"57370";1689;1289;109;1180;460;720
"57371";423;345;29;316;112;204
"57372";920;771;56;715;417;298
"57373";572;502;49;453;198;255
"57374";170;144;14;130;46;84
"57375";163;145;13;132;48;84
"57376";433;342;21;321;146;175
"57377";191;158;12;146;49;97
"57379";212;170;12;158;56;102
"57380";81;71;7;64;16;48
"57381";201;164;11;153;77;76
"57382";401;328;24;304;67;237
"57383";151;131;11;120;38;82
"57384";419;366;32;334;124;210
"57385";829;733;38;695;309;386
"57386";293;248;13;235;113;122
"57387";223;162;20;142;50;92
"57388";160;128;10;118;53;65
"57389";389;342;38;304;116;188
"57390";1120;924;67;857;363;494
"57391";61;53;5;48;19;29
"57392";247;218;20;198;75;123
"57393";171;146;9;137;35;102
"57394";231;184;11;173;65;108
"57395";147;126;8;118;28;90
"57396";650;578;29;549;225;324
"57397";104;87;4;83;26;57
"57398";364;309;20;289;78;211
"57399";72;54;2;52;22;30
"57401";77;59;5;54;19;35
"57402";81;63;6;57;20;37
"57403";119;105;5;100;25;75
"57404";223;178;19;159;65;94
"57405";44;39;10;29;14;15
"57406";110;92;5;87;35;52
"57407";417;331;23;308;88;220
"57408";715;567;47;520;172;348
"57409";596;462;25;437;141;296
"57410";95;74;7;67;19;48
"57411";223;170;12;158;64;94
"57412";2930;2260;137;2123;919;1204
"57413";2865;2265;174;2091;801;1290
"57414";870;680;48;632;261;371
"57415";1376;1154;54;1100;530;570
"57416";470;400;28;372;143;229
"57417";64;61;5;56;12;44
"57418";227;190;26;164;75;89
"57419";855;680;50;630;257;373
"57421";114;91;7;84;30;54
"57422";657;546;35;511;195;316
"57423";51;47;4;43;15;28
"57424";200;162;11;151;66;85
"57425";451;363;24;339;125;214
"57426";694;580;46;534;214;320
"57427";540;445;38;407;110;297
"57428";2471;1941;117;1824;789;1035
"57430";242;184;22;162;59;103
"57431";241;216;15;201;113;88
"57432";134;121;7;114;44;70
"57433";7796;6132;402;5730;3254;2476
"57434";336;292;30;262;100;162
"57436";112;98;5;93;36;57
"57437";450;373;23;350;151;199
"57438";334;294;9;285;107;178
"57439";348;288;30;258;81;177
"57440";113;96;12;84;26;58
"57441";2443;1788;117;1671;826;845
"57442";207;167;11;156;76;80
"57443";4420;3552;235;3317;1911;1406
"57444";243;209;12;197;69;128
"57445";588;489;28;461;193;268
"57446";45;37;2;35;11;24
"57447";8491;6905;348;6557;2545;4012
"57448";227;190;17;173;71;102
"57449";402;325;22;303;134;169
"57451";157;134;11;123;64;59
"57452";715;599;37;562;207;355
"57453";247;197;9;188;59;129
"57454";997;853;55;798;314;484
"57455";156;121;6;115;66;49
"57456";622;522;34;488;221;267
"57457";103;86;12;74;27;47
"57459";154;127;3;124;39;85
"57460";1063;788;56;732;294;438
"57461";236;190;14;176;73;103
"57462";241;202;23;179;52;127
"57463";70878;51460;2693;48767;25218;23549
"57464";643;549;51;498;246;252
"57465";1437;1174;78;1096;414;682
"57466";525;417;27;390;162;228
"57467";220;187;8;179;86;93
"57468";557;430;26;404;135;269
"57469";471;374;22;352;120;232
"57470";11;11;1;10;2;8
"57471";212;184;23;161;58;103
"57472";101;79;6;73;32;41
"57473";63;48;3;45;17;28
"57474";4139;3243;201;3042;1574;1468
"57475";359;247;11;236;107;129
"57476";266;221;12;209;72;137
"57477";1289;1061;58;1003;395;608
"57478";66;53;2;51;27;24
"57479";340;276;19;257;95;162
"57480";15994;12298;742;11556;5454;6102
"57481";1886;1523;107;1416;854;562
"57482";900;771;56;715;307;408
"57483";2347;1798;86;1712;878;834
"57484";1987;1549;89;1460;607;853
"57485";88;77;6;71;25;46
"57486";108;79;7;72;29;43
"57487";3792;2993;196;2797;1244;1553
"57488";469;386;44;342;133;209
"57489";230;195;23;172;73;99
"57490";245;212;13;199;74;125
"57491";5807;4216;286;3930;2733;1197
"57492";379;317;31;286;130;156
"57493";192;156;12;144;81;63
"57494";190;154;18;136;41;95
"57495";105;82;0;82;21;61
"57496";266;205;9;196;94;102
"57497";253;180;9;171;36;135
"57498";1884;1572;106;1466;755;711
"57499";1046;864;73;791;296;495
"57500";34;32;2;30;12;18
"57501";48;37;5;32;16;16
"57502";193;147;9;138;66;72
"57504";249;191;13;178;63;115
"57505";909;750;64;686;214;472
"57506";230;183;20;163;53;110
"57507";185;164;14;150;29;121
"57508";3983;2785;161;2624;1611;1013
"57509";430;357;17;340;133;207
"57510";849;719;56;663;295;368
"57511";877;701;27;674;334;340
"57512";391;341;22;319;120;199
"57513";125;109;13;96;33;63
"57514";872;740;48;692;240;452
"57515";1422;1106;92;1014;540;474
"57516";335;263;16;247;118;129
"57517";231;188;15;173;62;111
"57518";274;242;21;221;78;143
"57519";136;121;2;119;42;77
"57520";41;34;1;33;16;17
"57521";1772;1457;93;1364;462;902
"57523";457;392;31;361;161;200
"57524";80;67;4;63;20;43
"57525";51;42;3;39;15;24
"57526";263;210;12;198;55;143
"57527";248;207;9;198;66;132
"57528";94;73;2;71;34;37
"57529";1926;1424;89;1335;805;530
"57530";333;287;20;267;107;160
"57531";601;488;50;438;195;243
"57532";174;139;12;127;51;76
"57533";822;685;40;645;272;373
"57534";1369;1190;65;1125;475;650
"57535";1253;1035;69;966;337;629
"57536";183;157;14;143;51;92
"57537";4340;3161;239;2922;1325;1597
"57538";230;197;9;188;68;120
"57539";47;40;5;35;15;20
"57540";3311;2584;137;2447;886;1561
"57541";454;362;29;333;122;211
"57542";621;523;35;488;211;277
"57543";1115;930;55;875;462;413
"57544";447;375;37;338;103;235
"57545";1841;1546;59;1487;595;892
"57546";632;574;25;549;221;328
"57547";577;469;26;443;171;272
"57548";354;274;16;258;112;146
"57549";607;484;42;442;181;261
"57550";2227;1741;138;1603;662;941
"57551";144;133;10;123;44;79
"57552";602;508;34;474;186;288
"57553";524;448;32;416;148;268
"57554";464;393;30;363;142;221
"57555";91;85;7;78;34;44
"57556";2105;1643;111;1532;686;846
"57557";592;479;28;451;134;317
"57558";81;62;4;58;23;35
"57559";158;129;14;115;67;48
"57560";425;374;21;353;159;194
"57561";667;553;47;506;119;387
"57562";614;499;42;457;211;246
"57563";185;151;11;140;74;66
"57564";560;400;28;372;177;195
"57565";618;448;28;420;235;185
"57566";1943;1584;86;1498;487;1011
"57567";140;111;14;97;41;56
"57568";1104;905;92;813;303;510
"57569";220;180;18;162;49;113
"57570";336;264;20;244;83;161
"57571";782;657;63;594;222;372
"57572";1668;1380;96;1284;522;762
"57573";109;92;7;85;22;63
"57574";307;234;9;225;88;137
"57575";1100;943;72;871;367;504
"57576";533;449;28;421;173;248
"57577";337;280;22;258;83;175
"57578";293;253;15;238;97;141
"57579";99;88;5;83;17;66
"57580";161;132;9;123;59;64
"57581";273;238;29;209;73;136
"57582";1535;1168;77;1091;524;567
"57583";108;85;10;75;17;58
"57584";391;335;24;311;112;199
"57585";129;87;7;80;27;53
"57586";141;111;8;103;38;65
"57587";192;162;9;153;52;101
"57588";753;639;47;592;266;326
"57589";1696;1376;106;1270;457;813
"57590";178;149;12;137;27;110
"57591";6566;4911;313;4598;2694;1904
"57592";309;255;23;232;71;161
"57593";706;600;42;558;287;271
"57594";88;71;1;70;20;50
"57595";48;38;1;37;15;22
"57596";609;454;21;433;146;287
"57597";2020;1426;95;1331;806;525
"57598";1565;1263;103;1160;558;602
"57599";291;252;16;236;85;151
"57600";814;653;35;618;219;399
"57601";1142;919;42;877;338;539
"57602";1811;1553;103;1450;590;860
"57603";759;598;27;571;282;289
"57604";407;332;25;307;120;187
"57605";210;169;12;157;82;75
"57606";11968;9115;574;8541;4118;4423
"57607";600;521;26;495;192;303
"57609";93;80;3;77;44;33
"57610";187;146;16;130;36;94
"57611";177;154;8;146;43;103
"57612";187;146;8;138;53;85
"57613";268;216;7;209;52;157
"57614";221;180;11;169;52;117
"57615";689;560;42;518;182;336
"57616";2480;2014;111;1903;763;1140
"57617";238;194;17;177;66;111
"57618";573;475;39;436;162;274
"57619";433;336;21;315;137;178
"57620";2846;2332;140;2192;1257;935
"57621";96;70;4;66;39;27
"57622";1327;1078;73;1005;553;452
"57623";575;440;34;406;169;237
"57624";459;401;17;384;137;247
"57625";135;122;15;107;41;66
"57626";458;381;27;354;161;193
"57627";282;244;24;220;121;99
"57628";3059;2415;170;2245;894;1351
"57629";614;509;34;475;167;308
"57630";7876;6099;378;5721;2240;3481
"57631";14916;10960;719;10241;4799;5442
"57633";973;791;53;738;298;440
"57634";1199;1052;55;997;417;580
"57635";269;220;18;202;41;161
"57636";302;246;23;223;67;156
"57637";272;230;18;212;78;134
"57638";1585;1283;97;1186;495;691
"57639";456;380;24;356;89;267
"57640";317;277;14;263;80;183
"57641";209;183;14;169;47;122
"57642";2150;1761;91;1670;661;1009
"57643";149;126;12;114;36;78
"57644";1484;1222;89;1133;502;631
"57645";729;612;32;580;261;319
"57647";3242;2496;179;2317;1319;998
"57648";295;257;17;240;90;150
"57649";358;310;22;288;136;152
"57650";1303;952;51;901;391;510
"57651";521;418;35;383;149;234
"57652";341;290;11;279;103;176
"57653";35;32;2;30;4;26
"57654";598;515;30;485;199;286
"57655";797;638;33;605;258;347
"57656";254;213;19;194;91;103
"57657";22;21;2;19;3;16
"57658";1028;824;71;753;318;435
"57659";1977;1607;91;1516;593;923
"57660";8294;6090;371;5719;2733;2986
"57661";137;117;0;117;43;74
"57662";90;87;4;83;32;51
"57663";5584;4040;250;3790;2325;1465
"57664";67;56;9;47;11;36
"57665";886;737;46;691;258;433
"57666";5046;3805;222;3583;2039;1544
"57667";489;419;35;384;176;208
"57668";987;829;50;779;389;390
"57669";1631;1345;75;1270;630;640
"57670";124;111;7;104;43;61
"57671";125;108;9;99;35;64
"57672";26727;20749;1150;19599;9268;10331
"57673";34;30;4;26;11;15
"57674";141;118;8;110;41;69
"57675";132;103;15;88;30;58
"57676";84;76;5;71;17;54
"57677";877;748;53;695;319;376
"57678";1502;1205;63;1142;626;516
"57679";402;334;23;311;137;174
"57680";1070;843;75;768;283;485
"57681";265;222;20;202;92;110
"57682";37;31;2;29;12;17
"57683";3969;2899;177;2722;1716;1006
"57684";411;344;35;309;122;187
"57685";101;88;5;83;16;67
"57686";199;156;9;147;41;106
"57687";186;155;16;139;36;103
"57689";188;144;11;133;56;77
"57690";2380;1824;117;1707;795;912
"57691";72;62;4;58;17;41
"57692";62;51;11;40;14;26
"57693";751;631;38;593;265;328
"57694";261;224;11;213;92;121
"57695";365;328;25;303;91;212
"57696";744;607;48;559;220;339
"57697";233;211;10;201;75;126
"57698";275;230;23;207;85;122
"57700";410;331;14;317;119;198
"57701";707;593;24;569;241;328
"57702";85;75;2;73;21;52
"57703";205;185;21;164;49;115
"57704";536;433;34;399;175;224
"57705";189;151;28;123;49;74
"57706";439;373;28;345;136;209
"57707";530;431;41;390;178;212
"57708";1494;1277;76;1201;465;736
"57709";192;163;9;154;39;115
"57711";350;280;25;255;72;183
"57712";1020;839;51;788;399;389
"57713";177;143;7;136;48;88
"57714";333;276;15;261;91;170
"57715";268;211;18;193;88;105
"57716";1182;1022;65;957;396;561
"57717";165;140;8;132;67;65
"57718";181;154;18;136;48;88
"57719";46;37;7;30;11;19
"57720";261;196;25;171;59;112
"57721";308;240;24;216;59;157
"57722";134;91;8;83;30;53
"57723";216;178;16;162;39;123
"57724";2025;1633;96;1537;848;689
"57725";247;219;13;206;53;153
"57726";292;247;19;228;98;130
"57727";95;83;7;76;24;52
"57728";179;158;5;153;78;75
"57730";401;331;30;301;169;132
"57731";1503;1177;66;1111;505;606
"57732";636;550;33;517;171;346
"57733";1151;967;48;919;412;507
"57734";363;307;21;286;108;178
"57736";428;359;26;333;127;206
"57737";33;29;3;26;8;18
"57738";285;237;19;218;67;151
"57739";335;268;24;244;98;146
"57740";427;335;30;305;132;173
"57741";352;287;12;275;78;197
"57742";1308;1052;88;964;329;635
"57743";199;166;15;151;35;116
"57745";834;708;56;652;265;387
"57746";1133;908;71;837;327;510
"57747";211;176;11;165;28;137
"57748";676;561;53;508;224;284
"57749";133;116;2;114;41;73
"57750";545;465;34;431;141;290
"57751";7838;5923;347;5576;3272;2304
"57752";2269;1772;128;1644;620;1024
"57753";54;50;6;44;13;31
"57754";92;82;4;78;24;54
"57755";61;53;1;52;24;28
"57756";227;209;17;192;73;119
"57757";12596;9169;592;8577;4248;4329
"57759";57;51;1;50;18;32
"57760";687;571;47;524;250;274
"57761";209;185;15;170;32;138
"57762";452;365;25;340;123;217
"57763";32;31;1;30;13;17
"57764";618;510;21;489;208;281
"57765";913;722;48;674;281;393
"57767";747;632;44;588;339;249
"58001";111;95;8;87;52;35
"58002";738;590;48;542;303;239
"58003";558;437;33;404;197;207
"58004";319;275;32;243;127;116
"58005";192;161;10;151;66;85
"58006";228;164;13;151;83;68
"58007";257;214;27;187;83;104
"58008";155;129;9;120;64;56
"58009";123;101;5;96;53;43
"58010";625;518;49;469;331;138
"58011";240;196;15;181;115;66
"58012";474;364;28;336;163;173
"58013";97;89;5;84;41;43
"58014";78;59;4;55;26;29
"58015";138;109;12;97;66;31
"58016";152;127;8;119;50;69
"58017";242;193;10;183;96;87
"58018";45;38;8;30;12;18
"58019";67;61;5;56;44;12
"58020";223;182;8;174;95;79
"58021";159;133;10;123;60;63
"58022";186;166;17;149;98;51
"58023";173;141;9;132;60;72
"58024";226;198;5;193;78;115
"58025";131;107;9;98;60;38
"58026";36;30;1;29;15;14
"58027";97;81;9;72;40;32
"58028";99;86;4;82;35;47
"58029";86;68;1;67;39;28
"58030";235;187;16;171;104;67
"58031";263;215;14;201;111;90
"58032";332;283;20;263;139;124
"58033";271;234;16;218;122;96
"58034";159;128;8;120;53;67
"58035";295;249;10;239;135;104
"58036";402;339;25;314;128;186
"58037";531;441;28;413;243;170
"58038";135;117;6;111;62;49
"58039";248;216;17;199;109;90
"58040";121;101;6;95;31;64
"58041";173;142;5;137;65;72
"58042";123;101;6;95;54;41
"58043";41;39;4;35;21;14
"58044";614;509;45;464;253;211
"58045";140;119;10;109;72;37
"58046";1524;1239;73;1166;735;431
"58047";491;428;30;398;221;177
"58048";119;99;10;89;37;52
"58049";83;69;4;65;35;30
"58050";67;54;1;53;37;16
"58051";1097;929;72;857;494;363
"58052";48;40;6;34;20;14
"58053";280;228;13;215;120;95
"58054";52;43;2;41;16;25
"58055";662;545;25;520;327;193
"58056";239;201;19;182;107;75
"58057";863;730;53;677;393;284
"58058";271;236;10;226;132;94
"58059";3581;2833;180;2653;1553;1100
"58060";459;406;31;375;218;157
"58061";131;103;5;98;48;50
"58062";1284;1035;67;968;686;282
"58063";553;471;44;427;268;159
"58064";471;382;19;363;177;186
"58065";711;596;39;557;323;234
"58066";105;76;3;73;50;23
"58067";1104;925;47;878;546;332
"58068";220;183;19;164;107;57
"58069";149;126;10;116;61;55
"58070";62;42;3;39;20;19
"58071";159;133;10;123;63;60
"58072";478;410;27;383;252;131
"58073";120;95;9;86;58;28
"58074";282;247;16;231;131;100
"58075";235;199;17;182;89;93
"58076";57;45;4;41;17;24
"58077";365;304;27;277;146;131
"58078";47;35;3;32;20;12
"58079";2724;2073;126;1947;1224;723
"58080";148;123;7;116;53;63
"58081";280;218;19;199;97;102
"58082";294;253;20;233;180;53
"58083";1205;981;50;931;515;416
"58084";95;80;8;72;41;31
"58085";551;435;26;409;251;158
"58086";7931;6208;383;5825;3035;2790
"58087";589;478;40;438;269;169
"58088";2996;2455;153;2302;1450;852
"58089";208;184;14;170;79;91
"58090";185;163;10;153;80;73
"58092";360;310;17;293;151;142
"58093";140;128;5;123;50;73
"58094";393;320;24;296;150;146
"58095";4128;3303;186;3117;1986;1131
"58096";394;341;20;321;192;129
"58097";92;81;3;78;24;54
"58098";105;84;4;80;42;38
"58099";160;139;9;130;74;56
"58100";61;46;11;35;24;11
"58101";139;113;5;108;54;54
"58102";1265;1034;59;975;492;483
"58103";431;347;19;328;198;130
"58104";996;811;63;748;436;312
"58105";259;221;12;209;132;77
"58106";324;274;11;263;122;141
"58107";154;129;14;115;79;36
"58108";83;73;8;65;39;26
"58109";658;551;30;521;233;288
"58110";187;156;22;134;91;43
"58111";109;85;11;74;54;20
"58112";494;427;25;402;258;144
"58113";105;88;4;84;38;46
"58114";88;77;5;72;40;32
"58115";188;158;7;151;96;55
"58116";119;104;10;94;52;42
"58117";3104;2375;166;2209;1471;738
"58118";571;485;47;438;270;168
"58119";54;48;5;43;23;20
"58120";234;196;12;184;89;95
"58121";2770;2255;152;2103;1439;664
"58122";372;304;19;285;140;145
"58123";124;105;5;100;27;73
"58124";591;519;34;485;304;181
"58125";94;86;5;81;64;17
"58126";319;272;27;245;166;79
"58127";193;159;12;147;80;67
"58128";97;84;5;79;67;12
"58129";177;144;14;130;77;53
"58130";118;100;6;94;54;40
"58131";1902;1573;116;1457;987;470
"58132";213;174;14;160;83;77
"58133";68;50;5;45;13;32
"58134";2670;2053;129;1924;1427;497
"58135";104;91;3;88;29;59
"58136";66;60;4;56;26;30
"58137";57;48;6;42;12;30
"58138";275;230;18;212;102;110
"58139";114;97;9;88;38;50
"58140";224;197;15;182;90;92
"58141";67;58;8;50;30;20
"58142";199;171;9;162;98;64
"58143";126;97;7;90;54;36
"58144";526;401;22;379;234;145
"58145";987;795;47;748;443;305
"58146";789;602;56;546;289;257
"58147";273;231;12;219;127;92
"58148";436;366;28;338;205;133
"58149";1587;1363;100;1263;746;517
"58150";103;91;4;87;42;45
"58151";2758;2087;110;1977;1333;644
"58152";1053;887;73;814;497;317
"58153";68;56;8;48;24;24
"58154";124;106;8;98;48;50
"58155";481;393;34;359;210;149
"58156";153;128;11;117;59;58
"58157";319;233;14;219;127;92
"58158";210;186;22;164;96;68
"58159";152;129;9;120;62;58
"58160";2910;2445;162;2283;1251;1032
"58161";136;108;2;106;54;52
"58162";112;89;8;81;39;42
"58163";179;153;9;144;85;59
"58164";483;408;38;370;197;173
"58165";146;125;12;113;45;68
"58166";241;204;13;191;103;88
"58167";60;58;2;56;32;24
"58168";375;316;15;301;152;149
"58169";29;26;3;23;11;12
"58170";110;89;3;86;57;29
"58171";256;197;12;185;91;94
"58172";116;103;9;94;52;42
"58173";135;109;8;101;49;52
"58174";124;105;13;92;41;51
"58175";169;145;8;137;57;80
"58176";421;364;19;345;200;145
"58177";272;237;12;225;123;102
"58178";140;127;9;118;37;81
"58179";251;215;12;203;99;104
"58180";458;341;28;313;182;131
"58181";114;101;2;99;49;50
"58182";1163;954;64;890;522;368
"58183";85;71;5;66;45;21
"58184";104;87;4;83;21;62
"58185";542;431;31;400;179;221
"58186";69;60;4;56;28;28
"58187";420;346;19;327;171;156
"58188";103;86;6;80;54;26
"58189";393;329;23;306;171;135
"58190";115;91;14;77;30;47
"58191";116;90;3;87;41;46
"58192";180;144;18;126;84;42
"58193";1098;906;67;839;412;427
"58194";23465;17672;1131;16541;10303;6238
"58195";255;219;16;203;112;91
"58196";318;254;28;226;141;85
"58197";117;106;9;97;53;44
"58198";278;222;12;210;124;86
"58199";136;118;6;112;66;46
"58200";163;134;10;124;71;53
"58201";137;106;7;99;48;51
"58202";37;31;1;30;15;15
"58203";82;70;6;64;36;28
"58204";239;206;19;187;110;77
"58205";597;460;27;433;257;176
"58206";42;32;4;28;16;12
"58207";816;664;42;622;392;230
"58208";268;231;25;206;98;108
"58209";164;140;15;125;51;74
"58210";247;193;20;173;109;64
"58211";131;110;7;103;46;57
"58212";255;212;17;195;124;71
"58213";369;305;26;279;132;147
"58214";1776;1518;95;1423;756;667
"58215";1336;1093;66;1027;464;563
"58216";152;122;9;113;86;27
"58217";171;137;13;124;73;51
"58218";1543;1228;87;1141;672;469
"58219";182;149;9;140;51;89
"58220";544;455;30;425;275;150
"58221";142;121;10;111;52;59
"58222";187;153;20;133;90;43
"58223";463;385;26;359;211;148
"58224";99;88;13;75;41;34
"58225";321;271;14;257;139;118
"58226";139;124;7;117;58;59
"58227";1049;808;64;744;382;362
"58228";450;378;31;347;118;229
"58229";273;214;16;198;115;83
"58230";75;57;6;51;20;31
"58231";353;296;34;262;160;102
"58232";953;800;43;757;434;323
"58233";169;128;8;120;69;51
"58234";62;52;9;43;23;20
"58235";258;215;5;210;146;64
"58236";102;84;14;70;34;36
"58237";30;24;1;23;11;12
"58238";1648;1416;96;1320;787;533
"58239";128;107;9;98;57;41
"58240";80;72;6;66;30;36
"58241";255;222;14;208;127;81
"58242";108;96;9;87;45;42
"58243";100;81;3;78;30;48
"58244";207;180;13;167;85;82
"58245";153;132;12;120;73;47
"58246";639;541;34;507;261;246
"58247";406;343;29;314;179;135
"58248";165;130;11;119;63;56
"58249";202;179;18;161;94;67
"58250";1545;1221;73;1148;778;370
"58251";403;342;30;312;173;139
"58252";141;123;12;111;56;55
"58253";90;76;2;74;23;51
"58254";444;404;32;372;182;190
"58255";285;239;22;217;119;98
"58256";320;279;29;250;123;127
"58257";57;52;3;49;14;35
"58258";411;344;20;324;183;141
"58259";158;125;6;119;71;48
"58260";968;852;64;788;469;319
"58261";970;825;61;764;401;363
"58262";233;189;10;179;72;107
"58263";162;137;8;129;40;89
"58264";1405;1162;79;1083;621;462
"58265";110;91;3;88;41;47
"58266";170;147;4;143;67;76
"58267";579;498;35;463;219;244
"58268";191;163;14;149;73;76
"58269";358;295;23;272;158;114
"58270";349;268;16;252;152;100
"58271";117;95;2;93;38;55
"58272";98;83;4;79;52;27
"58273";1160;991;68;923;547;376
"58274";86;76;3;73;44;29
"58275";227;195;17;178;90;88
"58276";225;177;12;165;84;81
"58277";191;172;9;163;79;84
"58278";1189;1020;53;967;625;342
"58279";156;135;15;120;67;53
"58280";542;468;17;451;261;190
"58281";503;428;29;399;191;208
"58282";339;275;19;256;133;123
"58283";80;68;6;62;28;34
"58284";55;47;2;45;25;20
"58285";163;145;6;139;75;64
"58286";468;388;19;369;163;206
"58287";196;164;11;153;66;87
"58288";94;81;4;77;34;43
"58289";150;119;6;113;49;64
"58290";50;47;2;45;18;27
"58291";177;134;4;130;80;50
"58292";172;140;9;131;72;59
"58293";357;315;24;291;191;100
"58294";114;102;5;97;41;56
"58295";738;642;48;594;319;275
"58296";139;111;5;106;40;66
"58297";175;143;11;132;87;45
"58298";255;223;14;209;122;87
"58299";210;178;7;171;116;55
"58300";1314;1124;69;1055;712;343
"58301";304;255;14;241;151;90
"58302";625;539;23;516;308;208
"58303";7558;6216;415;5801;4023;1778
"58304";838;682;36;646;357;289
"58305";103;82;9;73;43;30
"58306";252;200;10;190;111;79
"58307";142;122;9;113;60;53
"58308";72;61;7;54;30;24
"58309";372;319;26;293;206;87
"58310";48;42;2;40;29;11
"58311";243;206;11;195;125;70
"58312";259;216;10;206;136;70
"58313";82;67;6;61;38;23
"59001";344;304;19;285;128;157
"59002";2782;2154;192;1962;1232;730
"59003";249;202;10;192;80;112
"59004";836;756;32;724;224;500
"59005";2611;2145;123;2022;1057;965
"59006";174;149;9;140;40;100
"59007";708;586;47;539;329;210
"59008";6647;4907;351;4556;2992;1564
"59009";39672;31417;1549;29868;17838;12030
"59010";182;160;6;154;68;86
"59011";7069;5573;445;5128;2724;2404
"59012";2236;1738;142;1596;957;639
"59013";995;840;51;789;422;367
"59014";8583;6136;406;5730;3537;2193
"59015";2151;1829;149;1680;881;799
"59016";1875;1654;133;1521;807;714
"59017";17015;12641;820;11821;7127;4694
"59018";1172;1041;68;973;462;511
"59019";761;606;38;568;277;291
"59021";1296;1104;74;1030;580;450
"59022";1819;1512;110;1402;621;781
"59023";398;318;19;299;144;155
"59024";3447;2651;190;2461;1646;815
"59025";1315;1115;76;1039;383;656
"59026";892;737;55;682;314;368
"59027";1150;957;66;891;410;481
"59028";5089;4078;315;3763;2612;1151
"59029";1098;954;54;900;392;508
"59031";265;212;21;191;61;130
"59032";4782;3670;250;3420;2060;1360
"59033";6684;4876;324;4552;3107;1445
"59034";2052;1755;79;1676;618;1058
"59035";1972;1534;83;1451;745;706
"59036";2990;2171;101;2070;1131;939
"59037";2605;2095;164;1931;1318;613
"59038";1012;866;70;796;413;383
"59039";590;510;30;480;227;253
"59041";1874;1419;118;1301;874;427
"59042";1150;993;58;935;403;532
"59043";11196;8883;589;8294;4219;4075
"59044";3523;2928;185;2743;1158;1585
"59045";112;85;3;82;27;55
"59046";553;481;33;448;179;269
"59047";286;211;20;191;94;97
"59048";357;303;16;287;150;137
"59049";318;211;21;190;97;93
"59050";255;220;8;212;78;134
"59051";4423;3413;237;3176;1719;1457
"59052";4047;3169;253;2916;1748;1168
"59053";2355;1892;135;1757;826;931
"59054";726;619;47;572;277;295
"59055";421;366;21;345;155;190
"59056";701;612;28;584;165;419
"59057";421;362;26;336;148;188
"59058";782;636;46;590;191;399
"59059";331;282;32;250;158;92
"59060";162;136;9;127;62;65
"59061";192;149;13;136;60;76
"59062";110;98;5;93;45;48
"59063";1591;1309;101;1208;745;463
"59064";932;770;64;706;371;335
"59065";635;469;43;426;207;219
"59066";109;89;7;82;32;50
"59067";3063;2441;156;2285;1185;1100
"59068";2424;1896;125;1771;941;830
"59069";526;465;39;426;249;177
"59070";289;246;25;221;71;150
"59071";1780;1504;95;1409;562;847
"59072";217;184;10;174;65;109
"59073";434;375;23;352;144;208
"59074";1609;1332;95;1237;700;537
"59075";532;461;30;431;212;219
"59076";209;169;7;162;67;95
"59077";174;143;13;130;62;68
"59078";429;349;25;324;162;162
"59079";4489;3248;220;3028;1900;1128
"59080";2242;1902;110;1792;907;885
"59081";415;358;25;333;190;143
"59082";1322;1148;69;1079;536;543
"59083";175;156;10;146;41;105
"59084";1592;1359;111;1248;620;628
"59085";274;227;24;203;94;109
"59086";1729;1411;90;1321;745;576
"59087";578;473;30;443;249;194
"59088";1228;1040;52;988;317;671
"59089";1039;885;59;826;329;497
"59090";8525;6973;218;6755;1269;5486
"59091";418;382;33;349;143;206
"59092";3025;2446;151;2295;1276;1019
"59093";241;209;10;199;63;136
"59094";5218;3923;272;3651;1856;1795
"59096";1185;1050;48;1002;371;631
"59097";229;192;15;177;79;98
"59098";3648;2882;159;2723;967;1756
"59099";1314;1064;74;990;578;412
"59100";241;214;13;201;74;127
"59101";345;189;12;177;74;103
"59102";337;292;12;280;123;157
"59103";355;293;20;273;138;135
"59104";2264;1728;119;1609;931;678
"59105";1269;1055;64;991;439;552
"59106";557;497;26;471;190;281
"59107";3941;3090;197;2893;1370;1523
"59108";528;450;30;420;282;138
"59109";598;524;27;497;195;302
"59110";1089;933;76;857;377;480
"59111";265;229;16;213;96;117
"59112";7922;5878;426;5452;3192;2260
"59113";914;795;63;732;466;266
"59114";1236;991;80;911;473;438
"59115";500;419;42;377;197;180
"59116";281;232;18;214;88;126
"59117";741;650;54;596;316;280
"59118";1780;1435;113;1322;690;632
"59119";397;347;20;327;149;178
"59120";1412;1200;64;1136;481;655
"59121";414;328;32;296;127;169
"59122";23003;16812;1042;15770;8004;7766
"59123";1435;1184;67;1117;482;635
"59124";1593;1357;65;1292;473;819
"59125";351;300;23;277;112;165
"59126";1115;940;70;870;448;422
"59127";122;105;7;98;47;51
"59128";1297;1102;69;1033;370;663
"59129";1603;1397;85;1312;529;783
"59130";883;705;55;650;285;365
"59131";6329;5234;485;4749;2977;1772
"59132";817;656;67;589;310;279
"59133";754;667;48;619;301;318
"59134";866;727;41;686;214;472
"59135";1767;1495;94;1401;628;773
"59136";4608;3648;201;3447;1921;1526
"59137";621;528;28;500;291;209
"59138";506;434;44;390;204;186
"59139";10369;7360;519;6841;4103;2738
"59140";358;300;23;277;161;116
"59141";429;366;24;342;175;167
"59142";475;392;29;363;127;236
"59143";6215;4962;302;4660;2014;2646
"59144";614;502;38;464;181;283
"59145";567;493;30;463;178;285
"59146";2507;2185;102;2083;875;1208
"59147";54;47;2;45;17;28
"59148";249;197;17;180;81;99
"59149";884;746;56;690;319;371
"59150";427;373;24;349;117;232
"59151";1218;1000;58;942;352;590
"59152";9730;7209;422;6787;3165;3622
"59153";6077;4421;299;4122;2375;1747
"59154";1043;901;66;835;378;457
"59155";16294;13309;1060;12249;7073;5176
"59156";1945;1613;109;1504;881;623
"59157";1649;1245;52;1193;484;709
"59158";2097;1769;89;1680;698;982
"59159";434;380;38;342;172;170
"59160";2974;2236;146;2090;1191;899
"59161";558;487;40;447;211;236
"59162";524;467;37;430;191;239
"59163";14744;11163;574;10589;4739;5850
"59164";180;146;10;136;62;74
"59165";5121;4179;242;3937;2280;1657
"59166";1003;839;42;797;332;465
"59167";157;133;12;121;37;84
"59168";3608;2993;115;2878;1263;1615
"59169";174;149;12;137;47;90
"59170";3556;2689;186;2503;1696;807
"59171";32;32;3;29;6;23
"59172";10747;7825;575;7250;4723;2527
"59173";1309;1068;63;1005;321;684
"59174";254;215;18;197;76;121
"59175";246;212;19;193;82;111
"59176";238;206;6;200;90;110
"59177";711;597;54;543;256;287
"59178";27676;19771;1111;18660;10607;8053
"59179";7441;5365;403;4962;3209;1753
"59180";1051;937;53;884;359;525
"59181";432;346;25;321;109;212
"59182";212;182;15;167;72;95
"59183";64891;50530;3727;46803;25972;20831
"59184";483;416;23;393;177;216
"59185";1365;1101;72;1029;687;342
"59186";69;56;2;54;29;25
"59187";215;178;7;171;77;94
"59188";91;79;6;73;24;49
"59189";901;770;48;722;308;414
"59190";730;635;34;601;220;381
"59191";483;382;30;352;158;194
"59192";741;585;49;536;345;191
"59193";2487;2108;124;1984;983;1001
"59194";953;777;52;725;403;322
"59195";414;356;18;338;118;220
"59196";991;847;32;815;206;609
"59197";1639;1458;77;1381;617;764
"59198";154;135;12;123;65;58
"59199";596;530;33;497;207;290
"59200";337;291;24;267;109;158
"59201";366;327;22;305;98;207
"59202";3550;2938;197;2741;1309;1432
"59203";1079;906;77;829;507;322
"59204";363;304;22;282;137;145
"59205";6053;4342;290;4052;2753;1299
"59206";2553;2024;124;1900;1140;760
"59207";3083;2175;154;2021;1261;760
"59208";251;228;5;223;48;175
"59209";508;419;22;397;185;212
"59210";1733;1485;100;1385;627;758
"59211";602;529;34;495;226;269
"59212";4642;3655;289;3366;1736;1630
"59213";367;332;23;309;135;174
"59214";805;722;40;682;388;294
"59215";771;683;45;638;283;355
"59216";273;233;14;219;112;107
"59217";280;243;22;221;74;147
"59218";973;800;66;734;253;481
"59219";483;410;30;380;171;209
"59220";12389;9527;529;8998;4902;4096
"59221";1769;1391;90;1301;650;651
"59222";1688;1414;112;1302;518;784
"59223";353;299;17;282;121;161
"59224";1268;1020;62;958;523;435
"59225";4420;3505;257;3248;1731;1517
"59226";891;736;54;682;355;327
"59227";3980;3149;253;2896;1997;899
"59228";1124;969;78;891;430;461
"59229";471;386;27;359;166;193
"59230";3605;2886;232;2654;1339;1315
"59231";779;668;49;619;299;320
"59232";268;228;19;209;89;120
"59233";305;241;12;229;122;107
"59234";3664;2979;239;2740;1672;1068
"59236";198;161;14;147;77;70
"59237";667;586;29;557;240;317
"59238";1268;972;52;920;426;494
"59239";4249;3488;218;3270;1606;1664
"59240";104;91;4;87;34;53
"59241";399;335;27;308;118;190
"59242";536;459;57;402;176;226
"59243";849;711;57;654;347;307
"59244";1298;1098;92;1006;481;525
"59246";371;319;25;294;142;152
"59247";1234;1014;62;952;433;519
"59249";9099;6404;454;5950;3478;2472
"59250";1711;1486;64;1422;552;870
"59251";237;212;12;200;93;107
"59252";1913;1620;94;1526;544;982
"59253";5192;3681;339;3342;1925;1417
"59254";684;589;42;547;292;255
"59255";429;341;22;319;164;155
"59256";2463;2094;133;1961;1057;904
"59257";767;649;30;619;179;440
"59258";1713;1462;87;1375;575;800
"59259";375;328;24;304;152;152
"59260";2509;2057;132;1925;962;963
"59261";1330;992;74;918;532;386
"59262";1530;1349;72;1277;660;617
"59263";880;751;55;696;311;385
"59264";581;434;23;411;160;251
"59265";1622;1349;89;1260;627;633
"59266";3106;2615;165;2450;1205;1245
"59267";231;188;15;173;81;92
"59268";4193;3349;235;3114;1697;1417
"59269";1029;865;67;798;419;379
"59270";363;316;30;286;139;147
"59271";14918;11116;766;10350;7334;3016
"59272";4213;3373;273;3100;1856;1244
"59273";9205;7323;598;6725;4065;2660
"59274";342;284;20;264;99;165
"59275";916;838;36;802;205;597
"59276";3702;2902;205;2697;1957;740
"59277";168;137;7;130;59;71
"59278";3039;2509;172;2337;1136;1201
"59279";14565;11129;699;10430;4716;5714
"59280";607;545;31;514;283;231
"59281";786;699;49;650;353;297
"59282";279;249;24;225;103;122
"59283";451;374;33;341;142;199
"59284";2944;2316;149;2167;1136;1031
"59285";2207;1778;157;1621;1008;613
"59286";9680;7533;532;7001;3776;3225
"59287";173;159;11;148;48;100
"59288";1619;1358;106;1252;729;523
"59289";1201;970;56;914;544;370
"59290";286;239;20;219;104;115
"59291";9655;6646;398;6248;3437;2811
"59292";2145;1636;110;1526;1051;475
"59293";1088;923;92;831;394;437
"59294";228;192;13;179;66;113
"59295";16883;12991;815;12176;6841;5335
"59296";273;231;11;220;103;117
"59297";1361;1047;75;972;498;474
"59299";13335;10497;478;10019;4893;5126
"59300";382;331;18;313;157;156
"59301";3425;2485;186;2299;1186;1113
"59302";2793;2218;194;2024;1220;804
"59303";1667;1442;85;1357;561;796
"59304";310;275;20;255;113;142
"59305";1151;997;64;933;385;548
"59306";212;168;13;155;75;80
"59307";699;536;36;500;283;217
"59308";714;633;43;590;223;367
"59309";2948;2314;144;2170;1105;1065
"59310";523;434;26;408;188;220
"59311";350;297;18;279;153;126
"59312";512;410;39;371;190;181
"59313";1091;926;93;833;482;351
"59314";2511;2039;115;1924;1291;633
"59315";656;517;38;479;228;251
"59316";2582;2228;147;2081;1076;1005
"59317";5836;4427;318;4109;2260;1849
"59318";777;635;41;594;240;354
"59319";2728;2309;141;2168;982;1186
"59320";1073;939;59;880;405;475
"59321";565;440;43;397;214;183
"59322";2338;1924;148;1776;1033;743
"59323";862;708;44;664;269;395
"59324";6812;4532;257;4275;2384;1891
"59325";722;622;47;575;262;313
"59326";725;631;34;597;256;341
"59327";4458;3442;279;3163;2026;1137
"59328";20297;16372;781;15591;6959;8632
"59329";3890;3182;224;2958;1537;1421
"59330";1863;1610;89;1521;617;904
"59331";2653;2161;159;2002;1101;901
"59332";1278;899;54;845;419;426
"59333";221;182;22;160;67;93
"59334";1439;1177;85;1092;587;505
"59335";2227;1798;98;1700;695;1005
"59336";1074;856;57;799;493;306
"59337";468;386;18;368;155;213
"59338";488;437;42;395;193;202
"59339";8153;6518;399;6119;2626;3493
"59340";3754;3072;211;2861;1584;1277
"59341";316;272;20;252;139;113
"59342";158;141;11;130;46;84
"59343";4707;3879;254;3625;1585;2040
"59344";1852;1478;129;1349;912;437
"59345";1942;1571;118;1453;900;553
"59346";2630;2145;122;2023;1230;793
"59347";403;331;14;317;156;161
"59348";1011;862;92;770;440;330
"59349";1310;1075;97;978;491;487
"59350";122616;91168;4287;86881;54243;32638
"59351";462;375;33;342;122;220
"59352";6276;5070;304;4766;1853;2913
"59353";238;201;24;177;79;98
"59354";622;537;28;509;255;254
"59356";1836;1590;75;1515;461;1054
"59357";1521;1230;92;1138;473;665
"59358";931;773;63;710;333;377
"59359";4649;3861;321;3540;1897;1643
"59360";12570;9381;572;8809;5112;3697
"59361";2176;1600;98;1502;1046;456
"59363";757;652;41;611;297;314
"59364";647;565;31;534;258;276
"59365";3918;2890;146;2744;1812;932
"59366";542;472;30;442;195;247
"59367";9065;7410;469;6941;3181;3760
"59368";15408;11621;532;11089;5562;5527
"59369";3069;2340;149;2191;1099;1092
"59370";563;471;38;433;153;280
"59371";520;458;29;429;116;313
"59372";413;330;23;307;97;210
"59374";364;313;28;285;130;155
"59375";3619;2872;187;2685;1446;1239
"59377";1488;1245;97;1148;623;525
"59378";28357;23002;954;22048;7787;14261
"59379";494;444;38;406;222;184
"59381";707;579;28;551;268;283
"59382";952;798;71;727;384;343
"59383";8538;6599;416;6183;3655;2528
"59384";1181;910;72;838;397;441
"59385";1790;1333;85;1248;666;582
"59386";7391;5802;364;5438;2668;2770
"59387";1143;944;68;876;523;353
"59388";1521;1263;90;1173;550;623
"59389";1947;1563;118;1445;961;484
"59390";2960;2294;153;2141;1408;733
"59391";693;604;55;549;251;298
"59392";20045;14331;835;13496;7867;5629
"59393";791;609;38;571;260;311
"59394";261;210;16;194;105;89
"59395";240;185;8;177;74;103
"59396";440;372;23;349;164;185
"59397";481;411;37;374;159;215
"59398";1963;1752;85;1667;494;1173
"59399";755;665;29;636;235;401
"59400";7225;5658;408;5250;2913;2337
"59401";1665;1472;87;1385;540;845
"59402";576;506;56;450;199;251
"59403";529;453;23;430;192;238
"59404";680;557;47;510;196;314
"59405";345;269;19;250;115;135
"59406";324;262;20;242;116;126
"59407";435;374;16;358;162;196
"59408";1159;956;58;898;389;509
"59409";1866;1532;125;1407;868;539
"59410";12954;10117;567;9550;5758;3792
"59411";1680;1423;71;1352;548;804
"59412";234;207;17;190;122;68
"59413";470;398;29;369;168;201
"59414";3270;2609;199;2410;1535;875
"59415";197;167;15;152;87;65
"59416";2048;1717;125;1592;774;818
"59418";1149;795;51;744;385;359
"59419";1066;902;56;846;334;512
"59420";37;32;2;30;13;17
"59421";10481;8521;349;8172;2210;5962
"59422";516;428;20;408;213;195
"59423";968;845;51;794;381;413
"59424";848;663;55;608;341;267
"59425";226;210;11;199;78;121
"59426";8194;6555;313;6242;2258;3984
"59427";534;461;23;438;170;268
"59428";2860;2187;188;1999;1119;880
"59429";1982;1612;145;1467;950;517
"59430";759;629;43;586;278;308
"59431";6309;4967;305;4662;2246;2416
"59432";444;375;17;358;159;199
"59433";760;622;67;555;301;254
"59434";965;848;55;793;349;444
"59435";2017;1690;108;1582;578;1004
"59436";602;533;41;492;201;291
"59437";688;597;38;559;235;324
"59438";547;477;36;441;223;218
"59439";255;197;18;179;95;84
"59440";565;478;25;453;225;228
"59441";516;433;31;402;162;240
"59442";209;179;16;163;64;99
"59443";260;231;15;216;78;138
"59444";733;524;32;492;251;241
"59445";953;733;45;688;361;327
"59446";417;360;16;344;153;191
"59447";6286;4739;302;4437;2647;1790
"59448";381;317;32;285;142;143
"59449";6157;5009;344;4665;2556;2109
"59450";532;456;27;429;201;228
"59451";405;358;27;331;131;200
"59452";3672;2800;151;2649;1603;1046
"59453";513;427;30;397;158;239
"59454";390;328;24;304;121;183
"59455";742;615;48;567;304;263
"59456";4366;3359;216;3143;2057;1086
"59457";5926;4638;302;4336;2063;2273
"59458";615;541;30;511;181;330
"59459";3837;3037;256;2781;1562;1219
"59461";218;186;11;175;58;117
"59462";3624;3111;171;2940;1361;1579
"59463";702;606;37;569;215;354
"59464";1469;1184;80;1104;625;479
"59465";518;435;16;419;211;208
"59466";1893;1610;103;1507;730;777
"59467";1818;1434;95;1339;749;590
"59468";307;255;11;244;115;129
"59469";247;203;7;196;81;115
"59470";1555;1348;71;1277;523;754
"59471";1485;1204;91;1113;585;528
"59472";627;550;27;523;352;171
"59473";209;179;7;172;60;112
"59474";824;667;30;637;264;373
"59475";1645;1340;117;1223;692;531
"59476";2837;2249;150;2099;988;1111
"59477";3037;2451;215;2236;1276;960
"59478";966;796;38;758;259;499
"59479";2568;1960;116;1844;920;924
"59480";649;564;41;523;250;273
"59481";3728;2839;201;2638;1484;1154
"59482";5332;4172;237;3935;1561;2374
"59483";118;100;2;98;31;67
"59484";3903;2819;185;2634;1677;957
"59485";1387;1123;68;1055;614;441
"59486";2064;1628;106;1522;844;678
"59487";1122;984;61;923;277;646
"59488";1782;1446;97;1349;673;676
"59489";3166;2546;191;2355;1217;1138
"59490";168;136;7;129;39;90
"59491";9865;6950;506;6444;4051;2393
"59492";462;409;29;380;189;191
"59493";192;158;14;144;55;89
"59494";124;92;0;92;58;34
"59495";1710;1205;83;1122;598;524
"59496";185;166;18;148;63;85
"59497";1769;1482;100;1382;640;742
"59498";251;228;17;211;114;97
"59499";1469;1216;89;1127;535;592
"59500";307;259;20;239;89;150
"59501";1153;922;56;866;520;346
"59502";1032;873;72;801;506;295
"59503";135;123;12;111;50;61
"59504";2721;2181;157;2024;1238;786
"59505";549;463;46;417;175;242
"59506";312;261;17;244;101;143
"59507";12957;9905;576;9329;5300;4029
"59508";10673;8469;417;8052;2929;5123
"59509";4772;3717;246;3471;2047;1424
"59511";1486;1258;90;1168;550;618
"59512";46068;32089;1341;30748;20710;10038
"59513";317;278;15;263;132;131
"59514";2899;2404;171;2233;1036;1197
"59515";461;382;30;352;197;155
"59516";648;564;36;528;225;303
"59517";559;478;27;451;202;249
"59518";355;294;24;270;121;149
"59519";1287;1041;59;982;378;604
"59520";1160;934;66;868;475;393
"59521";341;298;21;277;125;152
"59522";1451;1215;53;1162;372;790
"59523";2092;1833;83;1750;627;1123
"59524";4265;3473;238;3235;1609;1626
"59525";2046;1641;116;1525;854;671
"59526";12422;9509;644;8865;4922;3943
"59527";7823;6062;331;5731;2900;2831
"59528";1181;999;75;924;562;362
"59529";290;256;20;236;100;136
"59530";286;229;18;211;92;119
"59531";268;222;29;193;100;93
"59532";220;198;18;180;85;95
"59533";1238;1024;57;967;602;365
"59534";609;511;45;466;236;230
"59535";1296;1148;77;1071;438;633
"59536";633;593;36;557;267;290
"59537";407;347;21;326;160;166
"59538";310;266;22;244;130;114
"59539";718;614;49;565;276;289
"59541";757;632;54;578;363;215
"59542";380;294;24;270;125;145
"59543";902;709;56;653;294;359
"59544";8422;6636;433;6203;2945;3258
"59545";951;758;68;690;357;333
"59546";912;790;39;751;373;378
"59547";628;547;44;503;325;178
"59548";486;411;40;371;170;201
"59549";237;196;12;184;82;102
"59550";2191;1755;140;1615;941;674
"59551";1203;990;56;934;383;551
"59552";155;137;11;126;49;77
"59553";4563;3656;217;3439;1464;1975
"59554";398;335;14;321;129;192
"59555";996;767;62;705;380;325
"59556";217;184;20;164;57;107
"59557";1563;1305;94;1211;615;596
"59558";1398;1164;83;1081;587;494
"59559";1507;1264;59;1205;416;789
"59560";8830;6777;417;6360;3386;2974
"59562";416;328;20;308;148;160
"59563";178;157;18;139;56;83
"59564";2394;1710;122;1588;977;611
"59565";435;381;23;358;140;218
"59566";3018;2472;158;2314;1011;1303
"59567";275;226;25;201;72;129
"59568";298;261;16;245;91;154
"59569";10861;8248;589;7659;4759;2900
"59570";803;718;39;679;225;454
"59571";3446;2676;159;2517;1420;1097
"59572";1401;1093;69;1024;510;514
"59573";92;76;5;71;34;37
"59574";9147;6749;472;6277;4246;2031
"59575";292;253;15;238;125;113
"59576";1240;1093;81;1012;504;508
"59577";514;433;29;404;185;219
"59578";1269;1104;60;1044;539;505
"59579";1047;875;69;806;342;464
"59580";3178;2672;167;2505;1126;1379
"59581";2648;2228;139;2089;922;1167
"59582";603;519;51;468;197;271
"59583";413;320;22;298;138;160
"59584";623;486;26;460;141;319
"59585";2735;2209;134;2075;967;1108
"59586";4879;3961;232;3729;1660;2069
"59587";486;425;28;397;165;232
"59588";5688;4788;306;4482;1889;2593
"59589";1983;1481;120;1361;814;547
"59590";648;565;32;533;273;260
"59591";608;494;30;464;238;226
"59592";2911;2394;186;2208;1034;1174
"59593";514;432;18;414;213;201
"59594";728;610;31;579;277;302
"59595";379;341;30;311;160;151
"59596";387;330;27;303;106;197
"59597";448;405;24;381;155;226
"59598";3235;2643;162;2481;987;1494
"59599";61012;41893;2227;39666;22009;17657
"59600";526;477;27;450;178;272
"59601";1993;1523;109;1414;746;668
"59602";1039;901;44;857;336;521
"59603";4858;3695;296;3399;2204;1195
"59604";592;502;29;473;231;242
"59605";1005;876;50;826;392;434
"59606";24527;18509;1030;17479;8422;9057
"59607";369;316;15;301;150;151
"59608";819;733;44;689;300;389
"59609";1350;1120;62;1058;454;604
"59610";709;622;48;574;292;282
"59611";1850;1616;81;1535;398;1137
"59612";415;350;32;318;160;158
"59613";977;782;56;726;358;368
"59614";1154;986;77;909;554;355
"59615";1780;1508;98;1410;588;822
"59616";7633;5399;352;5047;2928;2119
"59617";428;357;33;324;148;176
"59618";591;458;21;437;175;262
"59619";742;597;46;551;267;284
"59620";471;427;36;391;201;190
"59622";929;776;47;729;421;308
"59623";552;457;42;415;192;223
"59624";1603;1231;75;1156;417;739
"59625";325;269;16;253;120;133
"59626";930;804;42;762;350;412
"59627";795;584;41;543;225;318
"59628";432;380;28;352;134;218
"59629";1033;859;56;803;436;367
"59630";1854;1473;108;1365;776;589
"59631";1572;1235;76;1159;567;592
"59632";4055;3189;225;2964;1582;1382
"59633";179;145;10;135;55;80
"59634";660;605;38;567;229;338
"59635";273;249;15;234;123;111
"59636";7719;6020;319;5701;2250;3451
"59637";988;789;66;723;387;336
"59638";786;700;27;673;302;371
"59639";766;640;48;592;267;325
"59640";560;486;25;461;194;267
"59641";1715;1407;107;1300;577;723
"59642";377;329;28;301;142;159
"59643";194;168;5;163;48;115
"59645";455;387;22;365;178;187
"59646";15141;11724;612;11112;4655;6457
"59647";1951;1616;120;1496;947;549
"59648";9049;7183;391;6792;3549;3243
"59649";196;170;9;161;45;116
"59650";30024;21910;1383;20527;11185;9342
"59651";1042;814;87;727;471;256
"59652";277;252;19;233;109;124
"59653";5854;4699;326;4373;2252;2121
"59654";4945;3653;236;3417;2492;925
"59655";166;147;12;135;54;81
"59656";3224;2595;122;2473;1017;1456
"59657";442;387;25;362;142;220
"59658";284;246;10;236;99;137
"59659";2175;1661;128;1533;893;640
"59660";2264;1893;80;1813;787;1026
"59661";98;79;2;77;33;44
"59662";903;789;50;739;331;408
"59663";4343;3595;278;3317;1510;1807
"59664";232;199;15;184;81;103
"59665";218;186;8;178;69;109
"59666";1105;897;70;827;360;467
"59667";156;135;13;122;48;74
"59668";1126;994;67;927;487;440
"59669";438;386;28;358;167;191
"59670";953;825;57;768;396;372
"60001";456;388;34;354;134;220
"60002";579;481;37;444;199;245
"60003";423;371;35;336;139;197
"60004";271;245;20;225;84;141
"60005";588;463;37;426;186;240
"60006";904;726;38;688;349;339
"60007";2199;1913;125;1788;765;1023
"60008";298;251;19;232;106;126
"60009";1170;1007;82;925;363;562
"60010";1203;963;73;890;380;510
"60011";282;232;24;208;99;109
"60012";2298;1786;120;1666;749;917
"60013";1086;910;86;824;361;463
"60014";153;132;13;119;61;58
"60015";868;729;75;654;269;385
"60016";207;176;8;168;65;103
"60017";760;651;46;605;255;350
"60018";401;320;19;301;105;196
"60019";324;256;20;236;118;118
"60020";194;158;20;138;62;76
"60021";357;288;23;265;128;137
"60022";583;531;20;511;128;383
"60023";425;374;23;351;153;198
"60024";620;544;61;483;254;229
"60025";1398;1095;81;1014;481;533
"60026";355;304;24;280;96;184
"60027";356;296;13;283;113;170
"60028";452;389;11;378;105;273
"60029";2018;1564;124;1440;666;774
"60030";433;379;15;364;113;251
"60031";211;161;7;154;60;94
"60032";574;454;36;418;216;202
"60033";758;639;22;617;196;421
"60034";857;736;44;692;327;365
"60035";178;158;13;145;65;80
"60036";269;234;13;221;102;119
"60037";368;319;19;300;120;180
"60038";332;274;23;251;88;163
"60039";326;270;13;257;131;126
"60040";487;400;40;360;167;193
"60041";1452;1254;98;1156;619;537
"60042";1098;932;81;851;412;439
"60043";527;436;32;404;229;175
"60044";1217;928;65;863;411;452
"60045";377;312;10;302;110;192
"60046";206;177;11;166;56;110
"60047";559;486;26;460;191;269
"60048";239;199;19;180;80;100
"60049";111;101;2;99;53;46
"60050";238;218;15;203;80;123
"60051";152;125;12;113;39;74
"60052";82;68;5;63;18;45
"60053";327;282;21;261;98;163
"60054";270;230;13;217;60;157
"60055";229;198;30;168;72;96
"60056";57;50;9;41;19;22
"60057";33249;25312;1486;23826;13083;10743
"60058";210;182;13;169;76;93
"60059";173;142;15;127;63;64
"60060";438;369;21;348;152;196
"60061";67;58;5;53;21;32
"60062";240;196;12;184;77;107
"60063";680;580;45;535;228;307
"60064";724;575;52;523;262;261
"60065";1140;950;63;887;387;500
"60066";201;175;6;169;56;113
"60067";784;619;41;578;281;297
"60068";2126;1626;122;1504;806;698
"60069";719;614;35;579;309;270
"60070";358;281;21;260;133;127
"60071";127;111;6;105;34;71
"60072";229;189;16;173;76;97
"60073";420;367;41;326;118;208
"60074";839;748;56;692;268;424
"60075";97;78;7;71;31;40
"60076";413;358;33;325;124;201
"60077";275;239;21;218;80;138
"60078";71;65;5;60;26;34
"60079";643;545;44;501;233;268
"60080";135;123;10;113;35;78
"60081";271;240;14;226;89;137
"60082";647;550;47;503;217;286
"60083";706;576;41;535;225;310
"60084";137;116;7;109;34;75
"60085";170;136;10;126;43;83
"60086";1509;1245;73;1172;471;701
"60087";224;202;4;198;58;140
"60088";2545;1992;147;1845;852;993
"60089";303;258;14;244;108;136
"60090";265;228;5;223;90;133
"60091";289;245;22;223;88;135
"60092";146;117;11;106;57;49
"60093";322;278;21;257;110;147
"60094";217;171;9;162;84;78
"60095";299;261;10;251;111;140
"60096";66;65;2;63;25;38
"60097";191;164;21;143;38;105
"60098";157;135;8;127;32;95
"60099";132;117;9;108;56;52
"60100";94;84;5;79;24;55
"60101";399;341;29;312;107;205
"60102";1598;1289;77;1212;611;601
"60103";2934;2264;168;2096;1008;1088
"60104";2883;2181;148;2033;999;1034
"60105";281;208;22;186;70;116
"60106";1688;1361;105;1256;677;579
"60107";2297;1933;109;1824;896;928
"60108";237;203;19;184;75;109
"60109";184;158;10;148;60;88
"60110";179;140;9;131;62;69
"60111";96;83;13;70;31;39
"60112";250;221;15;206;119;87
"60113";120;99;7;92;32;60
"60114";124;110;5;105;43;62
"60115";634;532;51;481;219;262
"60116";2025;1645;142;1503;740;763
"60117";220;194;15;179;79;100
"60118";350;296;24;272;137;135
"60119";1497;1133;101;1032;578;454
"60120";803;711;51;660;253;407
"60121";115;89;9;80;31;49
"60122";368;316;21;295;101;194
"60123";295;245;5;240;102;138
"60124";222;177;14;163;63;100
"60125";591;521;49;472;272;200
"60126";421;326;32;294;141;153
"60127";266;212;20;192;72;120
"60128";149;118;12;106;41;65
"60129";1124;866;60;806;431;375
"60130";818;664;37;627;269;358
"60131";97;93;11;82;25;57
"60132";146;132;7;125;51;74
"60133";438;369;28;341;159;182
"60134";1725;1425;120;1305;608;697
"60135";1059;903;64;839;339;500
"60136";344;292;21;271;117;154
"60137";173;149;19;130;53;77
"60138";670;566;22;544;171;373
"60139";6327;5091;340;4751;2656;2095
"60140";279;233;13;220;96;124
"60141";7857;5907;276;5631;2134;3497
"60142";1825;1590;94;1496;595;901
"60143";2039;1621;111;1510;715;795
"60144";132;114;6;108;70;38
"60145";363;306;15;291;121;170
"60146";276;240;10;230;93;137
"60147";625;540;44;496;238;258
"60148";331;268;19;249;88;161
"60149";1310;1104;69;1035;444;591
"60150";878;669;48;621;303;318
"60151";2553;2193;138;2055;923;1132
"60152";170;154;10;144;57;87
"60153";89;83;6;77;25;52
"60154";1218;1044;70;974;397;577
"60155";2275;1849;124;1725;820;905
"60156";1489;1268;71;1197;564;633
"60157";6538;4995;348;4647;2554;2093
"60158";196;176;17;159;77;82
"60159";24776;18706;937;17769;8521;9248
"60160";452;365;22;343;145;198
"60161";74;54;6;48;17;31
"60162";245;203;14;189;58;131
"60163";260;219;16;203;84;119
"60164";600;471;30;441;179;262
"60165";410;327;22;305;123;182
"60166";737;631;42;589;338;251
"60167";354;269;28;241;110;131
"60168";131;117;5;112;40;72
"60169";634;534;31;503;206;297
"60170";501;439;28;411;115;296
"60171";153;129;7;122;55;67
"60172";2826;2337;107;2230;910;1320
"60173";402;330;33;297;128;169
"60174";124;99;8;91;46;45
"60175";15003;11390;494;10896;7634;3262
"60176";10325;8173;599;7574;4059;3515
"60177";291;239;17;222;102;120
"60178";2384;1917;196;1721;830;891
"60179";82;65;4;61;37;24
"60180";349;307;25;282;121;161
"60181";724;563;40;523;276;247
"60182";126;99;7;92;41;51
"60183";199;170;12;158;67;91
"60184";175;152;11;141;68;73
"60185";734;579;39;540;230;310
"60186";179;146;3;143;66;77
"60187";735;590;70;520;221;299
"60188";1605;1218;86;1132;618;514
"60189";677;562;37;525;217;308
"60190";229;190;8;182;79;103
"60191";468;361;31;330;135;195
"60192";178;141;15;126;58;68
"60193";164;134;10;124;48;76
"60194";212;187;10;177;86;91
"60195";451;358;19;339;127;212
"60196";349;298;18;280;106;174
"60197";636;523;32;491;200;291
"60198";284;245;17;228;108;120
"60199";188;152;13;139;58;81
"60200";126;95;9;86;36;50
"60201";179;135;17;118;54;64
"60203";297;260;12;248;92;156
"60204";218;178;6;172;55;117
"60205";46;41;4;37;22;15
"60206";682;588;39;549;277;272
"60207";216;190;16;174;89;85
"60208";114;104;5;99;31;68
"60209";147;135;4;131;44;87
"60210";200;169;15;154;64;90
"60211";423;343;37;306;155;151
"60212";973;814;56;758;287;471
"60213";608;511;23;488;160;328
"60214";149;128;12;116;52;64
"60215";408;352;20;332;181;151
"60216";129;112;9;103;45;58
"60217";197;164;5;159;56;103
"60218";825;732;54;678;266;412
"60219";121;105;11;94;21;73
"60220";371;308;25;283;91;192
"60221";547;417;22;395;246;149
"60222";411;335;12;323;129;194
"60223";2742;2176;155;2021;962;1059
"60224";97;74;7;67;38;29
"60225";583;506;34;472;251;221
"60226";270;231;17;214;86;128
"60227";140;113;17;96;38;58
"60228";294;264;16;248;115;133
"60229";175;143;14;129;50;79
"60230";373;321;31;290;116;174
"60231";320;288;25;263;149;114
"60232";364;297;27;270;132;138
"60233";1105;860;71;789;440;349
"60234";1737;1390;98;1292;701;591
"60235";612;472;31;441;201;240
"60236";157;123;8;115;48;67
"60237";83;73;2;71;29;42
"60238";1392;1214;70;1144;410;734
"60239";351;287;20;267;102;165
"60240";225;170;19;151;40;111
"60241";280;239;4;235;69;166
"60242";322;261;37;224;96;128
"60243";129;110;9;101;41;60
"60244";132;105;10;95;30;65
"60245";1508;1195;79;1116;505;611
"60246";628;463;33;430;169;261
"60247";79;68;2;66;17;49
"60248";141;118;10;108;50;58
"60249";157;144;8;136;61;75
"60250";371;344;13;331;165;166
"60251";228;188;9;179;81;98
"60252";422;360;24;336;171;165
"60253";346;299;30;269;100;169
"60254";357;303;14;289;118;171
"60255";244;185;9;176;79;97
"60256";552;476;25;451;187;264
"60257";329;265;16;249;94;155
"60258";111;104;11;93;34;59
"60259";665;563;40;523;229;294
"60260";486;371;30;341;141;200
"60261";347;310;20;290;107;183
"60262";171;149;16;133;54;79
"60263";200;151;5;146;62;84
"60264";354;303;24;279;133;146
"60265";690;605;68;537;237;300
"60267";112;96;12;84;37;47
"60268";274;214;16;198;78;120
"60269";268;202;15;187;89;98
"60270";220;190;19;171;64;107
"60271";107;92;8;84;25;59
"60272";405;344;24;320;153;167
"60273";428;391;30;361;195;166
"60274";335;284;29;255;112;143
"60275";158;132;8;124;59;65
"60276";138;130;18;112;49;63
"60277";1027;879;64;815;362;453
"60278";314;255;29;226;118;108
"60279";174;156;9;147;77;70
"60280";106;99;2;97;50;47
"60281";433;369;19;350;173;177
"60282";6648;5453;234;5219;1815;3404
"60283";30;25;0;25;14;11
"60284";1237;1017;82;935;439;496
"60285";243;213;17;196;84;112
"60286";2162;1642;136;1506;701;805
"60287";223;192;15;177;92;85
"60288";313;279;19;260;87;173
"60289";192;171;14;157;55;102
"60290";321;270;23;247;87;160
"60291";1300;953;57;896;399;497
"60292";161;130;8;122;67;55
"60293";268;233;21;212;84;128
"60294";45;40;2;38;21;17
"60295";343;287;14;273;131;142
"60296";110;99;7;92;36;56
"60297";132;113;10;103;39;64
"60298";467;385;39;346;140;206
"60299";401;330;24;306;183;123
"60300";95;86;6;80;41;39
"60301";108;89;10;79;42;37
"60302";663;545;40;505;208;297
"60303";108;88;6;82;35;47
"60304";222;194;6;188;80;108
"60305";225;207;12;195;110;85
"60306";123;103;5;98;47;51
"60307";429;367;19;348;174;174
"60308";308;257;20;237;83;154
"60309";594;478;33;445;186;259
"60310";469;397;28;369;177;192
"60311";144;119;8;111;57;54
"60312";81;65;11;54;20;34
"60313";1614;1274;104;1170;570;600
"60314";172;147;13;134;58;76
"60315";371;322;29;293;136;157
"60316";159;141;6;135;38;97
"60317";459;399;27;372;163;209
"60318";487;411;34;377;184;193
"60319";422;324;21;303;118;185
"60320";174;145;18;127;49;78
"60321";458;400;31;369;160;209
"60322";226;189;5;184;66;118
"60323";503;395;44;351;167;184
"60324";599;464;39;425;222;203
"60325";1407;1200;80;1120;484;636
"60326";493;444;31;413;149;264
"60327";681;570;43;527;248;279
"60328";236;197;20;177;70;107
"60329";156;133;13;120;38;82
"60330";905;734;46;688;278;410
"60331";377;300;13;287;134;153
"60332";352;304;16;288;135;153
"60333";1136;958;75;883;361;522
"60334";699;578;43;535;204;331
"60335";128;119;11;108;48;60
"60336";156;142;6;136;35;101
"60337";530;444;35;409;179;230
"60338";3250;2701;180;2521;1207;1314
"60339";267;219;23;196;85;111
"60340";354;293;29;264;118;146
"60341";1418;1181;72;1109;491;618
"60342";2852;2271;149;2122;1099;1023
"60343";513;432;35;397;182;215
"60344";388;311;18;293;112;181
"60345";154;127;14;113;54;59
"60346";6830;5603;251;5352;1406;3946
"60347";183;158;13;145;51;94
"60348";318;263;21;242;101;141
"60350";1027;814;59;755;388;367
"60351";93;78;5;73;41;32
"60352";113;99;8;91;23;68
"60353";150;122;7;115;49;66
"60354";38;38;4;34;2;32
"60355";814;700;59;641;273;368
"60356";340;295;21;274;112;162
"60357";349;304;23;281;139;142
"60358";606;515;27;488;234;254
"60359";132;122;7;115;51;64
"60360";3778;3008;221;2787;1538;1249
"60361";460;403;28;375;184;191
"60362";177;128;7;121;56;65
"60363";179;144;6;138;47;91
"60364";479;413;34;379;199;180
"60365";312;281;33;248;113;135
"60366";288;239;32;207;84;123
"60367";208;175;17;158;58;100
"60368";1757;1403;90;1313;678;635
"60369";1272;1039;80;959;415;544
"60370";897;760;51;709;307;402
"60371";128;114;6;108;39;69
"60372";432;380;44;336;118;218
"60373";582;478;44;434;226;208
"60374";1780;1540;133;1407;861;546
"60375";261;232;11;221;99;122
"60376";114;94;10;84;43;41
"60377";258;216;24;192;85;107
"60378";320;269;27;242;130;112
"60379";478;400;46;354;193;161
"60380";972;778;73;705;297;408
"60381";192;142;9;133;65;68
"60382";5141;3926;251;3675;1877;1798
"60383";380;315;21;294;121;173
"60385";473;363;34;329;144;185
"60386";329;287;26;261;115;146
"60387";862;682;55;627;342;285
"60388";109;94;8;86;33;53
"60389";133;102;6;96;54;42
"60390";184;157;12;145;40;105
"60391";186;159;7;152;57;95
"60392";542;464;45;419;223;196
"60393";351;296;26;270;151;119
"60394";72;59;5;54;19;35
"60395";7212;5730;289;5441;3156;2285
"60396";450;387;41;346;159;187
"60397";89;86;5;81;30;51
"60398";1607;1347;101;1246;545;701
"60399";121;100;8;92;54;38
"60400";191;147;9;138;60;78
"60401";560;459;35;424;219;205
"60402";1461;1263;80;1183;521;662
"60403";1227;1048;61;987;437;550
"60404";993;860;57;803;410;393
"60405";726;607;47;560;253;307
"60406";602;513;40;473;218;255
"60407";171;144;11;133;50;83
"60408";535;425;20;405;203;202
"60409";1434;1162;81;1081;549;532
"60410";191;154;8;146;62;84
"60411";585;473;31;442;165;277
"60412";452;381;18;363;138;225
"60413";337;295;27;268;118;150
"60414";6869;5338;332;5006;3405;1601
"60415";133;120;1;119;36;83
"60416";131;108;5;103;54;49
"60417";105;90;5;85;21;64
"60418";297;249;9;240;113;127
"60420";369;307;17;290;111;179
"60421";324;265;17;248;96;152
"60422";166;156;8;148;49;99
"60423";866;716;42;674;355;319
"60424";177;144;4;140;67;73
"60425";381;325;25;300;133;167
"60426";179;155;7;148;53;95
"60427";161;131;3;128;33;95
"60428";459;423;22;401;125;276
"60429";243;226;14;212;62;150
"60430";825;659;36;623;304;319
"60431";401;341;27;314;179;135
"60432";597;502;19;483;154;329
"60433";609;478;23;455;200;255
"60434";171;148;11;137;47;90
"60435";352;300;31;269;106;163
"60436";92;75;5;70;32;38
"60437";69;59;0;59;20;39
"60438";153;123;22;101;55;46
"60439";3565;2612;217;2395;1279;1116
"60440";466;388;26;362;137;225
"60441";429;369;29;340;131;209
"60442";97;86;8;78;31;47
"60443";418;331;18;313;155;158
"60444";118;106;8;98;28;70
"60445";187;160;11;149;65;84
"60446";2328;1874;128;1746;894;852
"60447";523;433;26;407;147;260
"60448";271;210;15;195;82;113
"60449";190;165;17;148;73;75
"60450";2134;1714;120;1594;649;945
"60451";1191;1024;86;938;469;469
"60452";399;323;23;300;103;197
"60453";227;195;6;189;57;132
"60454";807;676;49;627;304;323
"60455";213;169;12;157;53;104
"60456";679;597;41;556;274;282
"60457";131;111;7;104;48;56
"60458";244;202;13;189;78;111
"60459";166;129;6;123;82;41
"60460";128;120;8;112;45;67
"60461";161;138;13;125;42;83
"60462";2043;1533;103;1430;650;780
"60463";10870;8222;470;7752;4617;3135
"60464";814;701;44;657;313;344
"60465";130;106;5;101;36;65
"60466";158;136;12;124;50;74
"60468";252;219;23;196;64;132
"60469";286;236;11;225;69;156
"60470";564;495;50;445;192;253
"60471";7521;5488;368;5120;2663;2457
"60472";82;69;7;62;18;44
"60473";207;172;11;161;95;66
"60474";205;178;14;164;75;89
"60475";136;111;8;103;36;67
"60476";127;111;7;104;15;89
"60477";994;811;75;736;346;390
"60478";201;168;12;156;53;103
"60479";490;395;29;366;191;175
"60480";444;395;31;364;150;214
"60481";373;333;23;310;167;143
"60482";2703;2322;130;2192;926;1266
"60483";366;317;17;300;111;189
"60484";197;179;24;155;55;100
"60485";156;137;12;125;52;73
"60486";483;362;23;339;169;170
"60487";286;240;14;226;90;136
"60488";217;189;14;175;89;86
"60489";705;600;51;549;262;287
"60490";315;281;22;259;96;163
"60491";1397;1165;61;1104;496;608
"60492";563;458;41;417;230;187
"60493";296;253;19;234;87;147
"60494";1216;1041;51;990;385;605
"60495";268;246;21;225;120;105
"60496";136;112;12;100;57;43
"60497";142;125;7;118;57;61
"60498";412;339;39;300;178;122
"60499";195;149;13;136;71;65
"60500";2381;1763;102;1661;854;807
"60501";1104;930;70;860;468;392
"60502";87;77;6;71;30;41
"60503";100;88;7;81;41;40
"60504";779;643;41;602;239;363
"60505";530;454;33;421;159;262
"60506";478;379;35;344;191;153
"60507";317;274;27;247;92;155
"60508";2288;1937;122;1815;795;1020
"60509";7770;5844;393;5451;2934;2517
"60510";252;227;19;208;77;131
"60511";275;220;12;208;100;108
"60512";126;106;9;97;32;65
"60513";2546;2049;124;1925;772;1153
"60514";137;121;10;111;46;65
"60515";287;241;22;219;95;124
"60516";331;263;19;244;121;123
"60517";652;495;36;459;207;252
"60518";169;140;11;129;68;61
"60519";145;123;12;111;38;73
"60520";150;135;9;126;32;94
"60521";308;260;15;245;92;153
"60522";185;154;16;138;60;78
"60523";720;641;52;589;271;318
"60524";1603;1268;90;1178;606;572
"60525";102;85;7;78;22;56
"60526";882;741;55;686;414;272
"60527";115;100;9;91;44;47
"60528";140;117;7;110;37;73
"60529";71;57;6;51;16;35
"60530";178;153;16;137;58;79
"60531";1358;1128;81;1047;461;586
"60532";90;78;4;74;16;58
"60533";1110;912;78;834;449;385
"60534";557;482;28;454;193;261
"60535";210;171;19;152;59;93
"60536";110;95;5;90;34;56
"60537";2605;2106;187;1919;1136;783
"60538";158;142;10;132;62;70
"60539";1122;950;68;882;430;452
"60540";378;295;17;278;114;164
"60541";279;230;11;219;88;131
"60542";627;542;34;508;229;279
"60543";90;83;2;81;31;50
"60544";144;114;4;110;49;61
"60545";363;312;23;289;134;155
"60546";88;74;10;64;14;50
"60547";467;395;27;368;128;240
"60548";324;271;20;251;117;134
"60549";151;134;13;121;48;73
"60550";157;137;5;132;69;63
"60551";239;187;16;171;49;122
"60552";219;186;8;178;65;113
"60553";209;181;12;169;84;85
"60554";290;247;24;223;92;131
"60555";40;37;4;33;13;20
"60556";177;146;20;126;59;67
"60557";252;218;24;194;81;113
"60558";316;265;14;251;124;127
"60559";570;461;43;418;181;237
"60560";602;512;17;495;175;320
"60561";166;125;17;108;40;68
"60562";1107;946;65;881;335;546
"60563";413;345;25;320;140;180
"60564";189;153;19;134;53;81
"60565";438;377;40;337;162;175
"60566";168;137;9;128;61;67
"60567";692;555;41;514;236;278
"60568";236;209;10;199;97;102
"60569";225;177;7;170;41;129
"60570";836;707;49;658;303;355
"60571";66;57;2;55;24;31
"60572";269;233;15;218;90;128
"60573";254;216;15;201;77;124
"60574";401;341;35;306;179;127
"60575";1943;1553;102;1451;606;845
"60576";347;298;20;278;113;165
"60577";1384;1056;85;971;365;606
"60578";614;491;38;453;249;204
"60579";300;279;11;268;70;198
"60581";4002;3063;204;2859;1658;1201
"60582";657;530;42;488;275;213
"60583";315;256;19;237;86;151
"60584";3377;2661;165;2496;1249;1247
"60585";220;185;17;168;72;96
"60586";771;658;31;627;298;329
"60587";1077;888;73;815;342;473
"60588";308;242;24;218;88;130
"60589";1841;1433;107;1326;696;630
"60590";713;599;49;550;235;315
"60591";1246;1044;69;975;370;605
"60592";471;390;28;362;135;227
"60593";105;85;3;82;30;52
"60594";251;219;13;206;85;121
"60595";301;254;36;218;114;104
"60596";209;160;11;149;59;90
"60597";1257;1033;77;956;475;481
"60598";735;627;32;595;237;358
"60599";215;177;11;166;58;108
"60600";473;401;29;372;155;217
"60601";667;509;45;464;195;269
"60602";50;46;4;42;8;34
"60603";678;584;38;546;208;338
"60604";216;183;14;169;73;96
"60605";256;222;20;202;83;119
"60608";87;75;3;72;21;51
"60609";550;489;25;464;210;254
"60610";565;498;35;463;212;251
"60611";507;416;28;388;149;239
"60612";10886;8602;432;8170;2919;5251
"60613";235;195;18;177;85;92
"60614";177;144;9;135;56;79
"60615";89;76;1;75;39;36
"60616";2005;1591;90;1501;804;697
"60617";206;178;19;159;62;97
"60618";229;195;12;183;92;91
"60619";745;633;44;589;258;331
"60620";347;303;15;288;103;185
"60621";74;64;3;61;23;38
"60622";325;279;27;252;116;136
"60623";799;655;44;611;243;368
"60624";146;123;7;116;63;53
"60625";442;343;23;320;132;188
"60626";482;412;40;372;155;217
"60627";200;171;17;154;75;79
"60628";673;579;54;525;230;295
"60629";157;129;7;122;60;62
"60630";133;119;12;107;34;73
"60631";814;687;39;648;217;431
"60632";543;418;31;387;200;187
"60633";264;205;18;187;71;116
"60634";302;258;16;242;86;156
"60635";641;502;32;470;274;196
"60636";3550;2800;222;2578;1537;1041
"60637";355;293;24;269;137;132
"60638";532;435;28;407;178;229
"60639";853;685;56;629;252;377
"60640";126;112;7;105;43;62
"60641";1262;1012;72;940;468;472
"60642";768;664;34;630;317;313
"60643";1055;856;68;788;432;356
"60644";1035;873;60;813;308;505
"60645";270;220;14;206;95;111
"60646";937;764;54;710;282;428
"60647";1454;1232;85;1147;540;607
"60648";269;240;14;226;103;123
"60649";159;148;5;143;47;96
"60650";365;329;29;300;131;169
"60651";1346;1089;70;1019;382;637
"60652";710;553;45;508;215;293
"60653";217;174;11;163;72;91
"60654";218;180;6;174;94;80
"60655";299;262;12;250;117;133
"60656";206;156;11;145;58;87
"60657";233;169;25;144;64;80
"60658";485;386;30;356;188;168
"60659";144;134;7;127;49;78
"60660";261;216;12;204;83;121
"60661";541;427;43;384;205;179
"60662";389;311;19;292;98;194
"60663";185;171;17;154;68;86
"60664";393;325;23;302;130;172
"60665";1809;1461;106;1355;641;714
"60666";776;641;47;594;249;345
"60667";2704;2037;143;1894;861;1033
"60668";616;548;38;510;208;302
"60669";432;364;21;343;173;170
"60670";3222;2733;160;2573;1058;1515
"60671";272;245;10;235;90;145
"60672";251;207;16;191;97;94
"60673";140;118;5;113;40;73
"60674";510;436;25;411;168;243
"60675";326;297;30;267;126;141
"60676";549;459;55;404;194;210
"60677";175;147;17;130;58;72
"60678";932;756;44;712;303;409
"60679";130;103;12;91;43;48
"60680";479;395;23;372;133;239
"60681";407;345;16;329;124;205
"60682";445;399;16;383;104;279
"60683";251;213;18;195;89;106
"60684";3742;2974;163;2811;1739;1072
"60685";647;515;33;482;218;264
"60686";1680;1417;86;1331;563;768
"60687";274;213;14;199;75;124
"60688";137;107;8;99;38;61
"60689";1061;923;57;866;255;611
"60690";282;230;17;213;100;113
"60691";107;84;9;75;19;56
"60692";128;109;11;98;49;49
"60693";274;209;16;193;100;93
"60694";228;192;11;181;83;98
"60695";1164;949;37;912;326;586
"60697";38;37;1;36;6;30
"60698";233;194;25;169;72;97
"60699";134;125;11;114;57;57
"60700";903;767;55;712;258;454
"60701";834;704;57;647;356;291
"60702";174;148;13;135;49;86
"60703";606;511;40;471;219;252
"61001";15965;12269;683;11586;6549;5037
"61002";520;438;37;401;184;217
"61003";151;131;7;124;60;64
"61004";102;89;3;86;35;51
"61005";201;179;13;166;72;94
"61006";9343;7257;437;6820;4110;2710
"61007";2055;1733;122;1611;796;815
"61008";892;723;55;668;387;281
"61009";229;195;15;180;79;101
"61010";87;76;4;72;37;35
"61011";320;296;20;276;136;140
"61012";132;109;9;100;35;65
"61013";124;108;14;94;42;52
"61014";227;197;15;182;106;76
"61015";214;164;8;156;57;99
"61016";129;116;6;110;33;77
"61017";49;44;3;41;25;16
"61018";64;54;8;46;15;31
"61019";50;44;1;43;24;19
"61020";194;172;8;164;88;76
"61021";117;99;9;90;42;48
"61023";539;473;36;437;199;238
"61024";458;401;27;374;190;184
"61025";302;246;19;227;78;149
"61026";169;148;7;141;52;89
"61027";135;111;7;104;62;42
"61028";327;280;15;265;128;137
"61029";660;571;30;541;185;356
"61030";202;173;20;153;78;75
"61031";164;140;13;127;42;85
"61032";280;252;16;236;123;113
"61033";127;110;10;100;26;74
"61034";169;153;11;142;35;107
"61035";202;171;12;159;72;87
"61036";140;113;7;106;41;65
"61037";121;114;8;106;33;73
"61038";1084;859;49;810;326;484
"61039";99;91;7;84;42;42
"61040";814;687;68;619;275;344
"61041";170;138;9;129;71;58
"61042";363;319;33;286;131;155
"61043";872;721;50;671;293;378
"61044";373;299;20;279;157;122
"61045";74;62;0;62;23;39
"61046";112;91;4;87;37;50
"61047";142;107;5;102;26;76
"61048";102;89;12;77;36;41
"61049";100;81;6;75;34;41
"61050";298;257;22;235;125;110
"61051";246;209;13;196;81;115
"61052";130;116;12;104;36;68
"61053";204;172;18;154;77;77
"61054";182;146;7;139;43;96
"61055";452;393;22;371;132;239
"61056";126;112;11;101;54;47
"61057";317;286;22;264;136;128
"61058";120;107;4;103;62;41
"61059";34;30;1;29;16;13
"61060";117;98;10;88;43;45
"61061";1030;859;44;815;320;495
"61062";69;58;6;52;24;28
"61063";1247;1028;62;966;436;530
"61064";83;71;4;67;33;34
"61065";107;98;8;90;38;52
"61066";89;74;6;68;21;47
"61067";148;124;4;120;33;87
"61068";159;125;12;113;53;60
"61069";135;114;9;105;63;42
"61070";698;572;44;528;295;233
"61071";164;147;13;134;47;87
"61072";146;126;10;116;41;75
"61073";402;326;17;309;144;165
"61074";513;416;33;383;146;237
"61075";992;860;52;808;291;517
"61076";102;94;11;83;29;54
"61077";549;479;35;444;246;198
"61078";562;474;28;446;231;215
"61079";1334;1065;78;987;372;615
"61080";83;72;3;69;33;36
"61081";401;343;20;323;149;174
"61082";66;58;1;57;16;41
"61083";327;277;15;262;111;151
"61084";104;98;5;93;38;55
"61085";26;26;0;26;5;21
"61086";100;81;5;76;19;57
"61087";148;127;8;119;49;70
"61088";45;33;2;31;8;23
"61089";83;71;6;65;25;40
"61090";90;75;5;70;27;43
"61091";764;632;36;596;272;324
"61092";535;462;36;426;194;232
"61093";935;806;81;725;371;354
"61094";424;376;24;352;195;157
"61095";399;353;25;328;179;149
"61096";1127;926;58;868;382;486
"61097";490;424;25;399;150;249
"61098";304;275;23;252;121;131
"61099";250;194;13;181;95;86
"61100";219;186;14;172;53;119
"61101";163;131;16;115;52;63
"61102";287;245;15;230;129;101
"61103";147;117;14;103;35;68
"61104";50;44;3;41;16;25
"61105";174;140;13;127;51;76
"61106";133;115;5;110;48;62
"61107";330;272;14;258;107;151
"61108";172;135;10;125;69;56
"61109";94;85;6;79;39;40
"61110";123;97;9;88;38;50
"61111";292;263;19;244;112;132
"61112";207;166;7;159;67;92
"61113";60;52;4;48;14;34
"61114";114;101;2;99;39;60
"61115";323;270;10;260;116;144
"61116";855;732;57;675;350;325
"61117";1708;1445;113;1332;772;560
"61118";122;114;8;106;48;58
"61120";84;69;2;67;20;47
"61121";238;202;11;191;73;118
"61122";74;65;2;63;21;42
"61123";164;152;8;144;60;84
"61124";395;362;40;322;155;167
"61125";323;279;23;256;115;141
"61126";347;298;19;279;83;196
"61127";51;44;2;42;22;20
"61128";143;120;4;116;40;76
"61129";286;238;18;220;67;153
"61130";376;338;21;317;119;198
"61131";100;77;5;72;19;53
"61133";534;447;33;414;164;250
"61135";704;602;52;550;220;330
"61136";147;129;3;126;36;90
"61137";132;110;12;98;43;55
"61138";173;146;9;137;55;82
"61139";213;182;11;171;49;122
"61140";733;630;51;579;232;347
"61141";314;283;16;267;112;155
"61142";139;117;4;113;48;65
"61143";2135;1840;117;1723;932;791
"61144";298;249;15;234;87;147
"61145";2955;2324;158;2166;1010;1156
"61146";297;252;15;237;109;128
"61147";311;251;21;230;102;128
"61148";194;174;6;168;91;77
"61149";285;252;16;236;143;93
"61150";593;482;38;444;182;262
"61151";272;237;15;222;85;137
"61152";107;92;4;88;14;74
"61153";927;780;63;717;345;372
"61154";109;95;1;94;37;57
"61155";133;108;3;105;40;65
"61156";406;352;35;317;122;195
"61157";191;169;20;149;56;93
"61158";115;91;3;88;24;64
"61159";63;55;7;48;16;32
"61160";179;159;13;146;63;83
"61161";215;189;13;176;64;112
"61162";158;137;8;129;33;96
"61163";1131;932;67;865;474;391
"61164";161;132;13;119;31;88
"61165";546;474;33;441;219;222
"61166";162;141;9;132;58;74
"61167";479;384;25;359;155;204
"61168";3811;3130;197;2933;1519;1414
"61169";9850;7630;385;7245;4223;3022
"61170";195;174;16;158;64;94
"61171";93;78;6;72;29;43
"61172";211;192;15;177;97;80
"61173";239;211;14;197;99;98
"61174";149;136;11;125;59;66
"61175";197;171;11;160;57;103
"61176";141;129;10;119;54;65
"61177";609;525;47;478;253;225
"61178";55;44;0;44;20;24
"61179";165;147;9;138;64;74
"61180";80;71;4;67;19;48
"61181";1370;1051;71;980;439;541
"61182";312;271;26;245;100;145
"61183";97;84;5;79;43;36
"61184";408;342;20;322;142;180
"61185";115;91;4;87;39;48
"61186";224;193;17;176;60;116
"61187";159;125;3;122;49;73
"61188";95;83;4;79;18;61
"61189";310;261;32;229;111;118
"61190";66;56;1;55;22;33
"61191";395;286;22;264;104;160
"61192";83;77;5;72;37;35
"61193";244;214;12;202;82;120
"61194";294;273;20;253;120;133
"61195";171;150;10;140;44;96
"61196";613;509;34;475;192;283
"61197";113;103;7;96;27;69
"61198";103;82;5;77;31;46
"61199";262;223;22;201;96;105
"61200";184;166;14;152;64;88
"61201";476;419;44;375;139;236
"61202";361;312;20;292;140;152
"61203";778;650;48;602;295;307
"61204";228;195;12;183;82;101
"61205";174;143;6;137;50;87
"61206";193;175;13;162;70;92
"61207";584;464;17;447;195;252
"61208";454;371;23;348;149;199
"61209";341;293;23;270;82;188
"61210";202;168;12;156;62;94
"61211";791;616;64;552;244;308
"61212";74;67;5;62;33;29
"61213";209;183;11;172;59;113
"61214";5028;3943;245;3698;1819;1879
"61215";303;242;26;216;77;139
"61216";140;117;5;112;66;46
"61217";51;42;3;39;11;28
"61218";1412;1194;79;1115;616;499
"61219";122;102;7;95;54;41
"61220";166;134;9;125;44;81
"61221";357;314;18;296;168;128
"61222";622;540;40;500;287;213
"61223";228;190;12;178;89;89
"61224";344;309;32;277;136;141
"61225";39;34;2;32;5;27
"61226";140;119;5;114;49;65
"61227";125;100;2;98;42;56
"61228";124;113;6;107;57;50
"61229";120;104;6;98;50;48
"61230";1069;874;57;817;284;533
"61231";93;85;11;74;35;39
"61232";943;781;65;716;262;454
"61233";199;167;17;150;58;92
"61234";770;701;50;651;353;298
"61235";104;94;2;92;51;41
"61236";93;81;5;76;29;47
"61237";255;218;20;198;95;103
"61238";70;61;9;52;18;34
"61239";75;65;3;62;19;43
"61240";331;270;22;248;135;113
"61241";308;247;10;237;103;134
"61242";214;184;11;173;68;105
"61243";1187;1010;62;948;361;587
"61244";232;189;10;179;60;119
"61245";64;60;5;55;26;29
"61246";481;407;21;386;187;199
"61247";91;81;12;69;34;35
"61248";454;375;23;352;102;250
"61249";150;132;13;119;51;68
"61250";180;156;17;139;70;69
"61251";117;107;5;102;44;58
"61252";98;83;4;79;35;44
"61253";127;115;9;106;46;60
"61255";496;430;20;410;188;222
"61256";108;95;11;84;48;36
"61257";74;63;4;59;18;41
"61258";523;424;27;397;155;242
"61259";60;53;9;44;18;26
"61260";378;331;14;317;134;183
"61261";137;113;10;103;64;39
"61262";104;95;8;87;32;55
"61263";172;147;7;140;44;96
"61264";54;50;2;48;13;35
"61265";145;130;13;117;47;70
"61266";84;78;2;76;19;57
"61267";144;113;13;100;35;65
"61268";100;90;12;78;32;46
"61269";347;305;25;280;159;121
"61270";81;74;4;70;31;39
"61271";68;62;5;57;19;38
"61272";32;21;0;21;2;19
"61273";47;41;0;41;16;25
"61274";154;134;7;127;49;78
"61275";708;592;38;554;208;346
"61276";130;113;9;104;55;49
"61277";242;212;12;200;57;143
"61278";1595;1403;108;1295;710;585
"61279";469;403;26;377;187;190
"61280";79;69;3;66;21;45
"61281";178;158;3;155;72;83
"61282";175;141;9;132;42;90
"61283";259;225;7;218;99;119
"61284";175;154;16;138;45;93
"61285";297;260;15;245;129;116
"61286";92;71;5;66;30;36
"61287";620;509;40;469;320;149
"61288";349;320;20;300;162;138
"61289";49;43;3;40;20;20
"61290";101;91;8;83;31;52
"61291";77;69;3;66;21;45
"61292";374;329;26;303;164;139
"61293";2676;2099;115;1984;884;1100
"61294";800;645;48;597;217;380
"61295";132;104;6;98;23;75
"61296";252;215;10;205;72;133
"61297";549;435;37;398;154;244
"61298";294;255;14;241;133;108
"61299";197;176;8;168;34;134
"61300";391;340;13;327;133;194
"61301";155;127;3;124;46;78
"61302";116;107;8;99;33;66
"61303";387;328;20;308;186;122
"61304";201;178;16;162;62;100
"61305";469;406;21;385;128;257
"61306";109;90;6;84;35;49
"61307";196;176;15;161;62;99
"61308";176;154;8;146;64;82
"61309";555;478;29;449;191;258
"61310";437;364;25;339;119;220
"61311";90;80;1;79;24;55
"61313";51;42;5;37;16;21
"61314";408;369;25;344;169;175
"61315";80;65;5;60;25;35
"61316";101;92;5;87;38;49
"61317";157;133;14;119;37;82
"61318";95;80;10;70;41;29
"61319";229;187;11;176;65;111
"61320";84;73;11;62;20;42
"61321";296;264;27;237;113;124
"61322";92;77;4;73;31;42
"61323";120;106;8;98;38;60
"61324";553;481;34;447;164;283
"61325";256;226;13;213;117;96
"61326";181;160;9;151;79;72
"61327";272;216;24;192;82;110
"61328";260;216;20;196;80;116
"61329";511;415;29;386;148;238
"61330";157;134;20;114;46;68
"61331";105;85;7;78;36;42
"61332";243;219;26;193;75;118
"61333";159;115;5;110;65;45
"61335";136;111;9;102;44;58
"61336";107;91;4;87;42;45
"61337";435;381;31;350;184;166
"61338";107;94;5;89;30;59
"61339";710;596;35;561;249;312
"61340";123;101;3;98;43;55
"61341";776;689;38;651;296;355
"61342";1081;908;71;837;469;368
"61343";498;378;35;343;164;179
"61344";810;678;48;630;247;383
"61345";915;772;43;729;288;441
"61346";176;152;15;137;52;85
"61347";172;146;9;137;55;82
"61348";284;252;19;233;92;141
"61349";116;98;8;90;32;58
"61350";117;102;6;96;42;54
"61351";97;90;6;84;30;54
"61352";132;112;7;105;48;57
"61353";270;242;20;222;108;114
"61354";99;93;3;90;20;70
"61355";155;140;19;121;41;80
"61356";540;450;43;407;175;232
"61357";117;101;10;91;36;55
"61358";202;173;15;158;76;82
"61359";117;104;7;97;38;59
"61360";85;79;5;74;33;41
"61361";154;134;13;121;44;77
"61362";463;397;33;364;178;186
"61363";70;53;0;53;14;39
"61364";103;86;6;80;31;49
"61365";309;260;13;247;94;153
"61366";116;99;1;98;28;70
"61367";134;117;8;109;41;68
"61368";67;63;2;61;25;36
"61369";748;657;47;610;249;361
"61370";144;133;17;116;50;66
"61371";113;97;10;87;35;52
"61372";161;129;4;125;63;62
"61373";219;182;9;173;60;113
"61374";70;55;3;52;30;22
"61375";210;194;15;179;89;90
"61376";705;583;48;535;339;196
"61377";492;427;34;393;175;218
"61378";67;54;11;43;26;17
"61379";199;156;9;147;66;81
"61380";107;98;11;87;18;69
"61381";48;38;1;37;7;30
"61382";750;642;44;598;269;329
"61383";122;103;15;88;50;38
"61384";198;156;21;135;58;77
"61385";257;219;19;200;79;121
"61386";362;296;14;282;112;170
"61387";470;397;22;375;138;237
"61388";139;112;10;102;44;58
"61389";885;724;38;686;281;405
"61390";122;104;8;96;36;60
"61391";2597;2294;123;2171;1084;1087
"61392";115;101;13;88;43;45
"61393";134;105;12;93;37;56
"61394";685;553;33;520;252;268
"61395";192;160;6;154;43;111
"61396";86;77;3;74;28;46
"61397";3184;2581;192;2389;1241;1148
"61398";43;39;1;38;22;16
"61399";57;48;2;46;17;29
"61400";226;200;14;186;81;105
"61401";84;73;8;65;30;35
"61402";216;182;17;165;82;83
"61403";100;90;4;86;43;43
"61404";493;424;34;390;152;238
"61405";431;350;15;335;149;186
"61406";253;207;20;187;102;85
"61407";556;480;45;435;218;217
"61408";296;249;14;235;108;127
"61409";143;125;5;120;47;73
"61410";147;124;6;118;53;65
"61411";216;193;16;177;73;104
"61412";560;444;28;416;167;249
"61413";112;84;7;77;40;37
"61414";706;592;31;561;236;325
"61415";244;217;19;198;64;134
"61416";46;39;2;37;9;28
"61417";313;271;16;255;130;125
"61418";359;311;23;288;114;174
"61419";185;153;15;138;64;74
"61420";67;57;6;51;27;24
"61421";544;452;37;415;126;289
"61422";532;451;34;417;138;279
"61423";447;372;25;347;176;171
"61424";176;152;15;137;52;85
"61425";103;89;4;85;35;50
"61426";520;412;23;389;168;221
"61427";159;141;13;128;66;62
"61428";562;524;33;491;221;270
"61429";306;260;9;251;89;162
"61430";49;42;2;40;17;23
"61431";270;238;14;224;102;122
"61432";428;374;29;345;128;217
"61433";204;187;10;177;71;106
"61434";67;56;3;53;17;36
"61435";191;154;11;143;55;88
"61436";178;159;13;146;56;90
"61437";60;53;4;49;29;20
"61438";159;137;7;130;38;92
"61439";110;95;5;90;12;78
"61440";707;588;46;542;238;304
"61441";97;88;16;72;38;34
"61442";174;155;8;147;58;89
"61443";513;446;32;414;219;195
"61444";120;98;4;94;64;30
"61445";546;464;39;425;235;190
"61446";131;113;11;102;51;51
"61447";1068;918;54;864;490;374
"61448";340;282;15;267;145;122
"61449";140;122;6;116;46;70
"61450";61;53;6;47;24;23
"61451";233;194;15;179;89;90
"61452";160;136;9;127;48;79
"61453";225;185;15;170;94;76
"61454";387;316;21;295;108;187
"61455";191;154;7;147;54;93
"61456";1186;1002;59;943;480;463
"61457";423;373;19;354;154;200
"61458";195;159;17;142;67;75
"61459";213;187;9;178;90;88
"61460";638;506;25;481;178;303
"61461";111;96;2;94;23;71
"61462";735;664;35;629;339;290
"61463";676;583;42;541;233;308
"61464";2869;2240;140;2100;941;1159
"61465";325;263;23;240;155;85
"61466";1055;922;65;857;499;358
"61467";322;287;25;262;86;176
"61468";117;105;5;100;45;55
"61469";222;197;6;191;66;125
"61470";183;166;9;157;59;98
"61471";332;286;21;265;101;164
"61472";302;275;15;260;127;133
"61473";181;162;19;143;54;89
"61474";324;285;7;278;114;164
"61475";522;411;35;376;144;232
"61476";254;226;11;215;87;128
"61477";138;107;6;101;47;54
"61478";128;110;6;104;53;51
"61479";138;129;10;119;54;65
"61480";190;166;11;155;69;86
"61481";73;61;4;57;29;28
"61482";294;237;20;217;89;128
"61483";1871;1594;98;1496;573;923
"61484";1311;1038;85;953;497;456
"61485";185;150;5;145;53;92
"61486";2033;1715;112;1603;867;736
"61487";223;194;10;184;72;112
"61488";59;49;4;45;19;26
"61489";64;54;4;50;22;28
"61490";261;220;25;195;101;94
"61491";1182;977;59;918;396;522
"61492";78;58;4;54;21;33
"61493";60;54;7;47;14;33
"61494";807;693;45;648;283;365
"61496";661;587;32;555;270;285
"61497";1137;1005;58;947;481;466
"61498";87;70;4;66;26;40
"61499";131;111;13;98;40;58
"61500";112;94;6;88;36;52
"61501";328;276;16;260;91;169
"61502";66;60;4;56;21;35
"61503";174;139;8;131;67;64
"61504";104;93;6;87;25;62
"61505";189;162;21;141;69;72
"61506";273;243;20;223;95;128
"61507";282;220;19;201;88;113
"61508";2571;1975;117;1858;781;1077
"61509";319;279;12;267;107;160
"61510";182;163;14;149;45;104
"61511";263;226;20;206;86;120
"61512";83;77;7;70;32;38
"61513";119;97;7;90;34;56
"62001";1468;1249;67;1182;597;585
"62002";156;147;17;130;62;68
"62003";499;423;24;399;184;215
"62004";5927;4923;367;4556;2797;1759
"62005";673;556;34;522;306;216
"62006";250;223;11;212;107;105
"62007";519;464;18;446;209;237
"62008";537;486;34;452;203;249
"62009";182;156;14;142;60;82
"62010";171;161;6;155;95;60
"62011";549;478;32;446;149;297
"62012";175;147;11;136;65;71
"62013";1700;1354;84;1270;696;574
"62014";7524;5987;431;5556;3211;2345
"62015";169;159;14;145;65;80
"62016";170;159;9;150;40;110
"62017";116;99;3;96;55;41
"62018";212;185;9;176;84;92
"62019";2869;2346;172;2174;1232;942
"62020";415;357;51;306;114;192
"62021";272;237;12;225;70;155
"62022";282;261;15;246;98;148
"62023";2516;2041;182;1859;1110;749
"62024";621;525;35;490;228;262
"62025";1533;1261;75;1186;573;613
"62026";100;89;3;86;51;35
"62027";163;148;9;139;55;84
"62028";478;411;40;371;195;176
"62029";350;291;14;277;131;146
"62030";229;198;16;182;79;103
"62031";1139;928;61;867;494;373
"62032";3274;2665;207;2458;1523;935
"62033";3004;2438;215;2223;1240;983
"62034";1713;1445;146;1299;798;501
"62035";4581;3560;316;3244;1852;1392
"62036";665;517;29;488;273;215
"62037";2317;2023;122;1901;853;1048
"62038";3214;2608;173;2435;1339;1096
"62039";657;573;44;529;241;288
"62040";7280;5586;413;5173;3254;1919
"62041";26221;20542;1243;19299;11017;8282
"62042";792;676;51;625;352;273
"62043";1423;1185;76;1109;554;555
"62044";582;484;30;454;262;192
"62045";1065;936;96;840;405;435
"62046";625;488;41;447;273;174
"62047";113;98;3;95;31;64
"62048";7995;5532;395;5137;3458;1679
"62049";354;316;17;299;147;152
"62050";1216;998;59;939;535;404
"62051";3494;2683;244;2439;1450;989
"62052";302;264;21;243;89;154
"62053";521;454;34;420;241;179
"62054";450;373;17;356;151;205
"62055";356;306;27;279;147;132
"62056";641;517;27;490;202;288
"62057";3845;3200;228;2972;1392;1580
"62058";175;148;5;143;60;83
"62059";221;186;11;175;66;109
"62060";2170;1782;101;1681;1020;661
"62061";193;172;15;157;67;90
"62062";37;31;6;25;9;16
"62063";1485;1216;78;1138;633;505
"62064";135;116;11;105;47;58
"62065";12634;9390;686;8704;6099;2605
"62066";42;37;0;37;5;32
"62067";425;389;39;350;167;183
"62068";264;231;18;213;96;117
"62069";236;214;8;206;64;142
"62070";203;182;15;167;66;101
"62071";302;267;30;237;148;89
"62072";209;186;20;166;85;81
"62073";973;819;49;770;369;401
"62074";188;169;10;159;51;108
"62075";1106;933;61;872;362;510
"62076";147;128;10;118;47;71
"62077";271;232;16;216;134;82
"62078";757;640;45;595;334;261
"62079";69;64;8;56;15;41
"62080";2117;1654;110;1544;831;713
"62081";395;335;16;319;171;148
"62082";211;173;15;158;56;102
"62083";5852;4240;360;3880;2499;1381
"62084";193;176;10;166;75;91
"62085";126;119;6;113;38;75
"62086";256;217;13;204;83;121
"62087";737;623;39;584;341;243
"62088";266;237;17;220;117;103
"62089";319;277;15;262;119;143
"62090";110;102;3;99;42;57
"62091";91;83;9;74;18;56
"62092";330;299;21;278;125;153
"62093";179;153;12;141;76;65
"62094";286;260;9;251;121;130
"62095";178;148;19;129;59;70
"62096";454;369;12;357;185;172
"62097";718;648;47;601;258;343
"62099";4129;3429;233;3196;1979;1217
"62100";1573;1330;81;1249;763;486
"62101";100;89;2;87;28;59
"62102";181;165;12;153;63;90
"62103";112;99;4;95;30;65
"62104";235;214;13;201;74;127
"62105";428;381;27;354;135;219
"62106";204;180;10;170;56;114
"62107";285;256;18;238;82;156
"62108";10745;8557;571;7986;4100;3886
"62109";165;135;14;121;49;72
"62111";188;161;11;150;62;88
"62112";435;386;25;361;159;202
"62113";385;339;20;319;172;147
"62114";118;102;8;94;25;69
"62115";369;340;33;307;155;152
"62116";170;145;8;137;50;87
"62117";704;556;58;498;213;285
"62118";125;100;8;92;41;51
"62119";18014;13201;812;12389;7083;5306
"62120";387;324;20;304;170;134
"62121";87;73;9;64;39;25
"62122";262;227;21;206;83;123
"62123";375;333;31;302;154;148
"62124";373;319;27;292;169;123
"62125";300;281;17;264;97;167
"62126";6839;5143;432;4711;2789;1922
"62127";247;215;8;207;53;154
"62128";3247;2547;192;2355;1455;900
"62129";79;72;6;66;39;27
"62130";491;415;26;389;185;204
"62131";246;194;24;170;105;65
"62132";3665;2912;257;2655;1559;1096
"62133";5605;4373;348;4025;2465;1560
"62134";113;97;7;90;38;52
"62135";219;199;12;187;84;103
"62137";87;77;5;72;27;45
"62138";602;525;19;506;225;281
"62139";4062;3166;245;2921;1781;1140
"62140";366;306;22;284;156;128
"62141";607;543;33;510;279;231
"62142";107;93;3;90;41;49
"62143";37;34;2;32;7;25
"62144";342;299;18;281;105;176
"62145";363;321;21;300;166;134
"62146";235;205;15;190;89;101
"62147";309;265;22;243;122;121
"62148";648;536;38;498;237;261
"62149";175;147;8;139;62;77
"62150";398;358;21;337;162;175
"62151";388;340;27;313;172;141
"62152";172;160;16;144;63;81
"62153";482;422;38;384;182;202
"62154";530;461;33;428;182;246
"62155";499;430;30;400;222;178
"62156";468;425;27;398;193;205
"62157";77;71;5;66;33;33
"62158";483;390;26;364;182;182
"62160";26130;20086;1143;18943;11712;7231
"62161";493;406;33;373;213;160
"62162";380;339;22;317;195;122
"62163";224;200;13;187;75;112
"62164";932;787;60;727;307;420
"62165";181;161;9;152;81;71
"62166";456;395;32;363;171;192
"62167";180;165;11;154;52;102
"62168";570;509;28;481;178;303
"62169";167;156;4;152;84;68
"62170";2039;1630;144;1486;744;742
"62171";94;81;7;74;30;44
"62172";257;244;16;228;106;122
"62173";3631;2972;250;2722;1643;1079
"62174";990;850;59;791;450;341
"62175";118;107;5;102;59;43
"62176";548;458;18;440;176;264
"62177";653;557;33;524;293;231
"62178";16123;11627;877;10750;7104;3646
"62179";260;224;16;208;97;111
"62180";222;194;24;170;68;102
"62181";1010;841;57;784;415;369
"62182";189;168;6;162;56;106
"62183";608;517;27;490;296;194
"62184";185;154;13;141;81;60
"62185";206;165;11;154;73;81
"62186";9549;6882;561;6321;4134;2187
"62187";135;117;8;109;45;64
"62188";2280;1947;138;1809;1187;622
"62189";87;78;6;72;21;51
"62190";1065;927;68;859;400;459
"62191";442;387;20;367;232;135
"62192";299;268;12;256;140;116
"62193";51589;37593;2485;35108;21766;13342
"62194";4283;3241;272;2969;2038;931
"62195";1262;1041;62;979;422;557
"62196";482;397;34;363;146;217
"62197";1271;1016;86;930;493;437
"62198";274;239;11;228;103;125
"62199";523;446;29;417;185;232
"62200";719;623;48;575;313;262
"62201";2072;1691;129;1562;830;732
"62202";420;373;25;348;159;189
"62203";355;312;15;297;147;150
"62204";1171;1038;44;994;570;424
"62205";974;836;68;768;378;390
"62206";247;224;16;208;90;118
"62207";466;410;34;376;195;181
"62208";57;49;2;47;8;39
"62209";125;114;14;100;41;59
"62210";13;12;0;12;0;12
"62211";157;138;7;131;47;84
"62212";335;297;19;278;169;109
"62213";607;535;38;497;229;268
"62214";411;365;20;345;167;178
"62215";12520;9392;688;8704;5099;3605
"62216";158;140;16;124;43;81
"62217";2311;1845;176;1669;1095;574
"62218";264;225;16;209;99;110
"62219";169;153;6;147;46;101
"62220";362;306;15;291;149;142
"62221";232;202;7;195;88;107
"62222";129;119;6;113;46;67
"62223";222;194;17;177;89;88
"62224";2522;1921;137;1784;1053;731
"62225";534;469;29;440;172;268
"62226";232;206;8;198;99;99
"62227";169;155;8;147;51;96
"62228";228;200;12;188;83;105
"62229";534;473;28;445;223;222
"62230";577;510;48;462;196;266
"62231";120;111;3;108;49;59
"62232";617;547;33;514;246;268
"62233";867;724;52;672;347;325
"62234";169;145;3;142;40;102
"62235";2157;1850;84;1766;797;969
"62236";247;219;18;201;128;73
"62237";362;331;26;305;128;177
"62238";64;58;2;56;27;29
"62239";2000;1633;96;1537;705;832
"62240";1545;1281;104;1177;741;436
"62241";216;194;12;182;85;97
"62242";83;71;7;64;34;30
"62243";86;74;7;67;36;31
"62244";4465;3678;252;3426;1874;1552
"62245";491;429;37;392;201;191
"62246";156;127;7;120;68;52
"62247";392;366;17;349;181;168
"62248";374;314;32;282;144;138
"62249";3998;3109;246;2863;1751;1112
"62250";7811;5996;485;5511;3319;2192
"62251";408;359;30;329;103;226
"62252";2174;1797;145;1652;764;888
"62253";73;63;9;54;25;29
"62254";484;438;30;408;220;188
"62255";594;515;35;480;211;269
"62256";143;125;2;123;37;86
"62257";406;363;22;341;143;198
"62258";241;211;13;198;131;67
"62259";1093;955;72;883;480;403
"62260";230;199;17;182;80;102
"62261";4365;3518;193;3325;1353;1972
"62262";1296;1092;90;1002;588;414
"62263";4445;3805;223;3582;1987;1595
"62264";1043;859;65;794;500;294
"62265";862;774;54;720;389;331
"62266";55;40;2;38;19;19
"62267";269;234;6;228;131;97
"62268";3577;2892;200;2692;1813;879
"62269";575;483;34;449;243;206
"62270";5353;3749;270;3479;2399;1080
"62271";575;521;26;495;217;278
"62272";250;210;13;197;85;112
"62273";373;341;18;323;116;207
"62274";4038;3245;281;2964;1674;1290
"62275";224;193;12;181;99;82
"62276";4104;3161;303;2858;1654;1204
"62277";2202;1761;149;1612;994;618
"62278";419;360;20;340;183;157
"62279";952;848;48;800;262;538
"62280";256;223;14;209;114;95
"62281";284;242;14;228;94;134
"62282";135;122;7;115;56;59
"62283";83;75;4;71;25;46
"62284";1378;1140;107;1033;594;439
"62285";362;333;15;318;153;165
"62286";372;313;21;292;159;133
"62288";1567;1373;93;1280;719;561
"62289";609;559;45;514;278;236
"62290";295;269;19;250;102;148
"62291";2199;1741;125;1616;991;625
"62292";620;547;43;504;298;206
"62293";180;159;8;151;79;72
"62294";337;294;21;273;103;170
"62295";834;687;66;621;366;255
"62296";152;142;7;135;51;84
"62297";2327;2026;185;1841;1056;785
"62298";389;332;33;299;112;187
"62299";178;161;16;145;62;83
"62300";2215;1808;115;1693;1000;693
"62301";58;47;2;45;22;23
"62302";157;139;15;124;56;68
"62303";155;121;11;110;65;45
"62304";250;220;20;200;89;111
"62306";313;263;16;247;97;150
"62307";208;185;15;170;66;104
"62308";342;308;21;287;138;149
"62309";1143;970;64;906;569;337
"62310";1323;1109;87;1022;534;488
"62311";1470;1177;106;1071;619;452
"62312";233;195;11;184;92;92
"62313";687;576;51;525;344;181
"62314";292;252;16;236;114;122
"62315";267;245;13;232;104;128
"62316";150;130;11;119;45;74
"62317";316;272;19;253;114;139
"62318";8166;6171;395;5776;2861;2915
"62319";199;174;9;165;72;93
"62320";247;208;12;196;84;112
"62321";3361;2522;184;2338;1393;945
"62322";97;88;11;77;32;45
"62323";896;802;50;752;360;392
"62324";467;413;21;392;192;200
"62325";705;619;46;573;289;284
"62326";179;150;19;131;68;63
"62327";418;356;40;316;145;171
"62328";682;586;51;535;320;215
"62329";1475;1201;78;1123;752;371
"62330";961;821;44;777;334;443
"62331";863;729;49;680;372;308
"62332";424;375;16;359;179;180
"62333";269;236;14;222;87;135
"62334";629;533;31;502;287;215
"62335";374;333;20;313;117;196
"62336";395;345;41;304;142;162
"62337";163;130;7;123;33;90
"62338";2208;1903;82;1821;583;1238
"62339";80;71;3;68;36;32
"62340";626;498;34;464;249;215
"62341";329;295;14;281;122;159
"62342";77;67;7;60;24;36
"62343";213;182;13;169;84;85
"62344";95;76;4;72;44;28
"62345";96;88;4;84;26;58
"62346";146;131;10;121;55;66
"62347";112;103;10;93;30;63
"62348";114;103;3;100;46;54
"62349";960;809;68;741;414;327
"62350";890;788;60;728;367;361
"62351";4549;3449;262;3187;2019;1168
"62352";77;67;6;61;21;40
"62353";225;184;6;178;67;111
"62354";605;525;22;503;217;286
"62355";399;341;17;324;143;181
"62356";635;545;40;505;299;206
"62357";52;46;1;45;12;33
"62358";195;164;10;154;39;115
"62359";380;343;15;328;153;175
"62360";893;741;43;698;387;311
"62361";2586;1965;115;1850;1085;765
"62362";188;166;20;146;64;82
"62363";331;291;15;276;119;157
"62364";1461;1264;59;1205;686;519
"62365";144;107;7;100;43;57
"62366";266;227;19;208;94;114
"62367";515;438;34;404;181;223
"62368";149;130;18;112;42;70
"62369";429;395;33;362;163;199
"62370";102;93;3;90;30;60
"62371";1657;1420;81;1339;715;624
"62372";129;105;11;94;36;58
"62373";734;627;71;556;320;236
"62374";148;115;9;106;46;60
"62375";92;75;11;64;24;40
"62376";1943;1653;112;1541;731;810
"62377";794;639;44;595;404;191
"62378";148;133;6;127;46;81
"62379";309;264;13;251;115;136
"62380";265;240;13;227;107;120
"62381";125;110;8;102;46;56
"62382";500;449;29;420;219;201
"62383";985;845;59;786;449;337
"62384";461;394;26;368;192;176
"62385";339;288;23;265;112;153
"62386";4580;3384;294;3090;2211;879
"62387";287;259;26;233;132;101
"62388";236;208;12;196;119;77
"62389";34;33;0;33;14;19
"62390";1236;1073;73;1000;401;599
"62391";1153;983;57;926;577;349
"62392";291;263;16;247;112;135
"62393";765;611;62;549;275;274
"62395";150;132;17;115;71;44
"62396";16;15;1;14;2;12
"62397";3771;3039;198;2841;1781;1060
"62398";253;208;19;189;101;88
"62399";526;474;32;442;214;228
"62400";3657;2648;218;2430;1564;866
"62401";3408;2705;225;2480;1504;976
"62402";239;202;12;190;96;94
"62403";1033;857;65;792;545;247
"62404";177;160;13;147;71;76
"62405";401;333;30;303;143;160
"62406";190;168;10;158;73;85
"62407";830;723;44;679;419;260
"62408";988;842;65;777;376;401
"62409";152;139;9;130;67;63
"62410";160;125;8;117;39;78
"62411";41;33;2;31;8;23
"62412";874;727;46;681;319;362
"62413";8943;6821;621;6200;3725;2475
"62414";184;164;12;152;63;89
"62415";327;299;18;281;95;186
"62416";151;135;11;124;47;77
"62418";232;207;14;193;87;106
"62419";116;98;4;94;30;64
"62421";282;216;33;183;94;89
"62422";389;316;32;284;132;152
"62423";1247;1102;86;1016;538;478
"62424";235;211;9;202;102;100
"62425";103;86;10;76;29;47
"62426";166;145;10;135;67;68
"62427";19212;13911;1273;12638;7311;5327
"62428";352;326;32;294;147;147
"62429";227;202;17;185;78;107
"62430";125;105;8;97;46;51
"62431";402;360;32;328;178;150
"62432";303;263;21;242;97;145
"62433";82;76;4;72;23;49
"62434";109;89;6;83;21;62
"62435";93;87;11;76;33;43
"62436";107;93;5;88;28;60
"62437";267;219;15;204;73;131
"62438";419;375;36;339;147;192
"62439";228;186;18;168;91;77
"62440";850;674;55;619;308;311
"62441";183;163;10;153;83;70
"62442";378;332;26;306;130;176
"62443";4655;3661;275;3386;2099;1287
"62444";199;155;8;147;77;70
"62445";661;555;48;507;257;250
"62446";548;452;30;422;236;186
"62447";1806;1266;89;1177;617;560
"62448";1600;1358;76;1282;628;654
"62449";133;114;8;106;37;69
"62450";194;178;3;175;53;122
"62451";408;350;33;317;131;186
"62452";1114;1001;59;942;495;447
"62453";85;80;4;76;35;41
"62454";1780;1535;94;1441;693;748
"62455";87;73;10;63;36;27
"62456";552;478;37;441;215;226
"62457";5589;4375;318;4057;2566;1491
"62458";771;659;62;597;320;277
"62459";182;165;6;159;59;100
"62460";194;174;5;169;54;115
"62461";644;527;37;490;272;218
"62462";89;81;11;70;21;49
"62463";385;328;20;308;162;146
"62464";2387;1866;155;1711;1076;635
"62465";194;172;7;165;70;95
"62466";191;165;7;158;72;86
"62467";128;115;5;110;54;56
"62468";197;174;11;163;58;105
"62469";426;369;27;342;133;209
"62470";64;61;3;58;15;43
"62471";325;295;18;277;159;118
"62472";160;142;11;131;58;73
"62473";7460;5901;462;5439;3838;1601
"62474";901;784;70;714;404;310
"62475";174;154;9;145;72;73
"62476";737;629;41;588;251;337
"62477";575;497;51;446;213;233
"62478";195;173;15;158;63;95
"62479";1287;1096;92;1004;562;442
"62480";1780;1419;107;1312;805;507
"62481";122;108;14;94;59;35
"62483";174;149;8;141;53;88
"62484";235;202;9;193;89;104
"62485";248;216;11;205;102;103
"62486";774;658;43;615;392;223
"62487";857;754;48;706;399;307
"62488";540;466;34;432;180;252
"62489";2744;2176;181;1995;1175;820
"62490";186;165;6;159;57;102
"62491";3856;3121;176;2945;1220;1725
"62492";176;150;9;141;60;81
"62493";191;158;13;145;61;84
"62494";45;39;1;38;11;27
"62495";199;181;10;171;88;83
"62496";206;190;7;183;84;99
"62497";5189;3919;300;3619;2299;1320
"62498";24003;17228;1270;15958;10158;5800
"62499";247;216;13;203;78;125
"62500";317;291;13;278;176;102
"62501";188;173;8;165;98;67
"62502";3256;2739;186;2553;1151;1402
"62503";241;212;11;201;80;121
"62504";169;155;7;148;62;86
"62505";311;277;16;261;135;126
"62506";1180;989;80;909;360;549
"62507";233;201;21;180;82;98
"62508";289;261;15;246;147;99
"62509";201;184;14;170;71;99
"62510";22406;16459;1220;15239;10488;4751
"62511";124;101;4;97;44;53
"62512";458;400;27;373;181;192
"62513";167;146;10;136;69;67
"62514";190;154;11;143;61;82
"62515";458;379;28;351;212;139
"62516";6740;5548;423;5125;3207;1918
"62517";187;165;6;159;99;60
"62518";117;106;2;104;42;62
"62519";498;447;28;419;154;265
"62520";1968;1657;118;1539;671;868
"62521";172;138;20;118;64;54
"62522";226;202;13;189;91;98
"62523";3940;3029;247;2782;1734;1048
"62524";1070;942;54;888;490;398
"62525";7702;5992;391;5601;3208;2393
"62526";96;82;13;69;17;52
"62527";194;173;7;166;60;106
"62528";5324;4188;324;3864;2311;1553
"62529";1180;967;59;908;365;543
"62530";401;362;28;334;128;206
"62531";675;587;50;537;236;301
"62532";833;701;68;633;362;271
"62533";108;90;5;85;50;35
"62534";2820;2370;168;2202;1443;759
"62535";146;129;5;124;57;67
"62536";516;435;35;400;190;210
"62537";87;71;3;68;33;35
"62538";318;269;16;253;137;116
"62539";187;171;13;158;43;115
"62540";1035;897;76;821;488;333
"62541";91;83;1;82;24;58
"62542";153;129;10;119;52;67
"62543";1431;1263;105;1158;642;516
"62544";151;138;12;126;53;73
"62545";107;102;4;98;28;70
"62546";272;243;10;233;83;150
"62547";69;59;9;50;21;29
"62548";7427;5990;443;5547;3233;2314
"62549";851;700;48;652;319;333
"62550";955;795;49;746;415;331
"62551";182;167;7;160;81;79
"62552";752;620;32;588;378;210
"62553";236;209;15;194;85;109
"62554";73;68;3;65;24;41
"62555";4138;3113;257;2856;2024;832
"62556";241;203;20;183;104;79
"62557";2143;1837;119;1718;868;850
"62558";148;138;6;132;52;80
"62559";807;659;50;609;292;317
"62560";3645;2974;191;2783;1618;1165
"62561";169;144;13;131;40;91
"62562";148;135;14;121;63;58
"62563";5519;3910;336;3574;2236;1338
"62564";334;286;27;259;163;96
"62565";67;59;3;56;32;24
"62566";534;469;43;426;211;215
"62567";449;393;39;354;149;205
"62568";492;430;33;397;171;226
"62569";437;378;39;339;165;174
"62570";8862;6455;521;5934;3836;2098
"62571";2590;2218;145;2073;866;1207
"62572";495;407;37;370;180;190
"62573";2743;2155;203;1952;1172;780
"62574";159;137;6;131;57;74
"62576";89;75;5;70;25;45
"62577";67;54;0;54;17;37
"62578";86;80;8;72;24;48
"62579";389;346;26;320;144;176
"62580";294;263;18;245;128;117
"62581";236;208;11;197;95;102
"62582";515;425;21;404;182;222
"62583";442;368;32;336;183;153
"62584";1132;909;77;832;411;421
"62585";289;256;12;244;96;148
"62586";366;326;31;295;129;166
"62587";6601;4992;413;4579;2898;1681
"62588";1549;1256;54;1202;594;608
"62589";875;744;48;696;275;421
"62590";47;45;4;41;21;20
"62591";142;110;9;101;36;65
"62592";374;332;21;311;135;176
"62593";65;51;1;50;19;31
"62594";289;239;26;213;112;101
"62595";824;697;43;654;311;343
"62596";196;174;10;164;74;90
"62597";221;184;13;171;94;77
"62598";499;404;27;377;177;200
"62599";144;126;8;118;49;69
"62600";131;116;7;109;39;70
"62601";138;112;11;101;41;60
"62602";131;115;6;109;38;71
"62603";715;590;43;547;359;188
"62604";3248;2738;127;2611;892;1719
"62605";31;29;2;27;8;19
"62606";1014;867;56;811;329;482
"62607";59;51;3;48;17;31
"62608";137;121;5;116;57;59
"62609";1206;1061;69;992;430;562
"62610";481;401;14;387;179;208
"62611";418;359;32;327;133;194
"62612";382;343;29;314;151;163
"62613";665;556;44;512;263;249
"62614";385;343;18;325;190;135
"62615";170;156;8;148;73;75
"62616";142;122;3;119;46;73
"62617";8767;6523;470;6053;3903;2150
"62618";662;562;41;521;226;295
"62619";106;95;8;87;42;45
"62620";1159;983;70;913;550;363
"62621";1140;993;72;921;439;482
"62622";137;122;11;111;48;63
"62623";350;299;24;275;125;150
"62624";3907;2922;278;2644;1546;1098
"62625";42;38;2;36;10;26
"62626";1508;1320;105;1215;746;469
"62627";617;518;36;482;236;246
"62628";4860;3712;304;3408;2193;1215
"62629";144;129;12;117;51;66
"62630";196;184;11;173;77;96
"62631";309;266;17;249;87;162
"62632";182;160;13;147;78;69
"62633";205;187;9;178;55;123
"62634";836;685;42;643;298;345
"62635";183;156;8;148;76;72
"62636";223;195;12;183;76;107
"62637";6977;5290;403;4887;2932;1955
"62638";964;785;58;727;421;306
"62639";317;280;19;261;116;145
"62640";290;252;5;247;131;116
"62641";225;193;14;179;64;115
"62642";598;496;36;460;232;228
"62643";10904;8387;610;7777;5154;2623
"62644";429;357;28;329;181;148
"62645";4374;3559;273;3286;1768;1518
"62646";461;389;22;367;182;185
"62647";538;473;32;441;230;211
"62648";352;313;19;294;134;160
"62649";640;552;25;527;361;166
"62650";557;472;34;438;254;184
"62651";308;256;30;226;84;142
"62652";1189;1000;85;915;526;389
"62653";351;316;20;296;88;208
"62654";502;453;23;430;181;249
"62655";218;186;13;173;63;110
"62656";782;665;51;614;338;276
"62657";341;313;15;298;144;154
"62658";121;105;10;95;18;77
"62659";82;73;5;68;18;50
"62660";370;315;31;284;160;124
"62661";386;331;9;322;196;126
"62662";635;545;62;483;255;228
"62663";237;184;17;167;75;92
"62664";181;163;9;154;51;103
"62665";173;155;18;137;77;60
"62666";2418;1806;192;1614;1009;605
"62667";7161;5255;355;4900;2866;2034
"62668";150;132;9;123;66;57
"62669";208;181;13;168;66;102
"62670";402;375;15;360;148;212
"62671";238;211;18;193;85;108
"62672";475;415;32;383;180;203
"62673";461;381;31;350;188;162
"62674";424;376;22;354;170;184
"62675";198;180;17;163;93;70
"62676";369;316;26;290;186;104
"62677";261;226;15;211;113;98
"62678";478;431;22;409;152;257
"62679";270;245;14;231;91;140
"62680";555;494;28;466;194;272
"62681";496;461;36;425;225;200
"62682";52;49;0;49;20;29
"62683";205;184;6;178;85;93
"62684";1840;1504;115;1389;810;579
"62685";158;148;9;139;50;89
"62686";251;227;14;213;110;103
"62688";3274;2590;175;2415;1166;1249
"62689";304;270;15;255;111;144
"62690";183;164;8;156;82;74
"62691";339;305;31;274;148;126
"62692";191;174;17;157;63;94
"62693";936;803;48;755;356;399
"62694";184;168;15;153;47;106
"62695";222;200;12;188;86;102
"62696";148;126;5;121;49;72
"62697";187;152;19;133;68;65
"62698";222;204;6;198;80;118
"62699";443;386;33;353;157;196
"62700";173;161;15;146;57;89
"62701";348;310;23;287;174;113
"62702";280;243;16;227;137;90
"62703";236;212;17;195;87;108
"62704";465;378;24;354;146;208
"62705";1408;1194;77;1117;672;445
"62706";1966;1687;119;1568;654;914
"62708";20;19;0;19;5;14
"62709";232;192;14;178;74;104
"62710";111;89;8;81;27;54
"62711";2201;1868;105;1763;1257;506
"62712";940;828;51;777;369;408
"62713";1063;907;70;837;386;451
"62714";681;601;40;561;254;307
"62715";224;183;20;163;75;88
"62716";365;310;24;286;143;143
"62717";459;408;24;384;132;252
"62718";1107;947;98;849;457;392
"62719";197;178;14;164;89;75
"62720";36;28;4;24;10;14
"62721";1588;1388;129;1259;634;625
"62722";88;78;4;74;18;56
"62723";171;147;11;136;53;83
"62724";6910;5174;523;4651;2980;1671
"62725";113;102;6;96;41;55
"62726";130;119;2;117;63;54
"62727";1263;1066;76;990;586;404
"62728";532;462;31;431;222;209
"62729";204;173;6;167;67;100
"62730";1049;841;56;785;386;399
"62731";238;199;12;187;94;93
"62732";233;212;9;203;106;97
"62733";212;183;18;165;78;87
"62734";527;467;35;432;198;234
"62735";1542;1263;76;1187;756;431
"62736";3225;2745;154;2591;1176;1415
"62737";4910;3576;298;3278;2203;1075
"62738";125;115;6;109;58;51
"62739";260;227;22;205;78;127
"62740";198;182;6;176;72;104
"62741";115;104;3;101;32;69
"62742";215;187;8;179;55;124
"62743";328;296;10;286;141;145
"62744";2471;2127;108;2019;957;1062
"62745";117;97;6;91;38;53
"62746";3835;3029;173;2856;1882;974
"62747";369;340;19;321;153;168
"62748";1764;1429;108;1321;635;686
"62749";249;223;12;211;101;110
"62750";668;562;34;528;280;248
"62751";492;427;30;397;196;201
"62752";946;834;41;793;258;535
"62753";4717;3788;291;3497;2037;1460
"62754";325;286;21;265;146;119
"62755";2900;2364;142;2222;1295;927
"62756";1092;898;75;823;437;386
"62757";3245;2552;161;2391;1324;1067
"62758";8854;7089;427;6662;3857;2805
"62759";345;315;30;285;117;168
"62760";244;213;22;191;82;109
"62761";186;165;7;158;66;92
"62762";97;92;3;89;36;53
"62763";725;633;40;593;264;329
"62764";3471;2708;196;2512;1472;1040
"62765";9406;7123;438;6685;3486;3199
"62766";800;642;57;585;259;326
"62767";3555;2811;178;2633;1363;1270
"62768";86;78;10;68;29;39
"62769";557;485;31;454;241;213
"62770";2275;1947;158;1789;985;804
"62771";7315;5066;360;4706;3344;1362
"62772";394;355;26;329;143;186
"62773";2718;2278;117;2161;1293;868
"62774";3541;2918;199;2719;1489;1230
"62775";195;170;20;150;48;102
"62776";135;109;9;100;43;57
"62777";136;110;16;94;40;54
"62778";65;60;3;57;22;35
"62779";136;124;14;110;57;53
"62780";286;230;15;215;134;81
"62781";337;276;19;257;111;146
"62782";354;314;25;289;155;134
"62783";238;198;10;188;139;49
"62784";531;459;40;419;194;225
"62785";716;609;50;559;298;261
"62786";246;218;9;209;69;140
"62787";218;192;12;180;75;105
"62788";505;451;22;429;220;209
"62789";193;168;14;154;58;96
"62790";148;141;3;138;64;74
"62791";40;39;1;38;23;15
"62792";883;763;47;716;352;364
"62793";770;680;52;628;310;318
"62794";457;400;38;362;199;163
"62795";95;85;6;79;32;47
"62796";431;395;31;364;131;233
"62797";221;199;12;187;82;105
"62798";181;163;6;157;52;105
"62799";506;444;33;411;169;242
"62800";289;242;19;223;137;86
"62801";2107;1756;128;1628;901;727
"62802";129;109;3;106;39;67
"62803";384;339;37;302;126;176
"62804";268;236;11;225;105;120
"62805";201;174;8;166;54;112
"62806";164;144;4;140;38;102
"62807";1395;1204;73;1131;578;553
"62808";195;175;19;156;66;90
"62809";106;94;5;89;17;72
"62810";990;843;50;793;371;422
"62811";880;768;60;708;361;347
"62812";587;510;38;472;184;288
"62813";359;289;8;281;142;139
"62814";83;74;2;72;41;31
"62815";145;130;5;125;63;62
"62816";169;152;11;141;75;66
"62817";1013;872;70;802;443;359
"62818";139;120;9;111;61;50
"62819";906;796;50;746;300;446
"62820";632;559;35;524;243;281
"62821";214;192;3;189;89;100
"62822";81;76;8;68;31;37
"62823";134;123;4;119;58;61
"62824";184;168;7;161;83;78
"62825";549;447;26;421;236;185
"62826";5296;4357;162;4195;922;3273
"62827";1106;864;70;794;386;408
"62828";47;42;2;40;17;23
"62829";339;271;22;249;131;118
"62830";151;126;11;115;53;62
"62831";235;211;20;191;64;127
"62832";417;365;20;345;133;212
"62833";63;56;6;50;13;37
"62834";188;163;12;151;73;78
"62835";418;364;25;339;130;209
"62836";746;665;30;635;228;407
"62837";359;325;20;305;157;148
"62838";75;66;5;61;21;40
"62839";785;655;63;592;282;310
"62840";113;95;10;85;52;33
"62841";2097;1637;132;1505;942;563
"62842";5572;4295;399;3896;2354;1542
"62843";209;182;8;174;40;134
"62844";467;416;25;391;172;219
"62845";310;263;21;242;110;132
"62846";3306;2597;236;2361;1344;1017
"62847";1303;1122;99;1023;569;454
"62848";2581;2052;166;1886;1199;687
"62849";1813;1570;89;1481;672;809
"62850";301;271;11;260;106;154
"62851";601;489;28;461;204;257
"62852";963;802;56;746;375;371
"62853";279;259;9;250;106;144
"62854";375;336;16;320;151;169
"62855";193;156;17;139;54;85
"62856";252;232;17;215;124;91
"62857";102;85;3;82;40;42
"62858";193;176;14;162;60;102
"62859";192;174;8;166;72;94
"62860";99;90;5;85;32;53
"62861";3537;3036;228;2808;1386;1422
"62862";104;93;2;91;44;47
"62863";2942;2357;176;2181;1233;948
"62864";444;380;35;345;147;198
"62865";3566;2867;277;2590;1407;1183
"62866";319;287;29;258;127;131
"62867";196;179;11;168;70;98
"62868";182;160;8;152;66;86
"62869";842;736;62;674;306;368
"62870";771;689;46;643;298;345
"62871";164;147;11;136;68;68
"62872";186;149;11;138;57;81
"62873";480;421;29;392;204;188
"62874";515;463;27;436;230;206
"62875";879;771;95;676;357;319
"62876";103;92;7;85;50;35
"62877";129;116;5;111;41;70
"62878";341;291;20;271;105;166
"62879";201;170;10;160;97;63
"62880";151;134;8;126;45;81
"62881";298;259;16;243;98;145
"62882";973;861;71;790;437;353
"62883";139;123;10;113;35;78
"62885";181;158;10;148;64;84
"62886";170;150;8;142;64;78
"62887";224;193;10;183;81;102
"62888";197;170;12;158;74;84
"62889";648;558;34;524;192;332
"62890";142;120;4;116;29;87
"62891";111;102;8;94;52;42
"62892";505;423;29;394;197;197
"62893";5904;4665;300;4365;2259;2106
"62894";3336;2690;159;2531;1374;1157
"62895";6172;4673;376;4297;2772;1525
"62896";586;534;23;511;166;345
"62897";429;391;24;367;142;225
"62898";207;189;10;179;54;125
"62899";992;836;42;794;334;460
"62900";456;364;17;347;221;126
"62901";677;566;53;513;270;243
"62902";2451;2121;153;1968;1184;784
"62903";410;360;28;332;143;189
"62904";399;339;33;306;143;163
"62905";621;568;31;537;248;289
"62906";1360;1094;74;1020;518;502
"62907";5679;4349;311;4038;2589;1449
"62908";1240;1102;55;1047;460;587
"62909";314;254;19;235;105;130
"63001";1535;1271;99;1172;669;503
"63002";108;85;7;78;36;42
"63003";5008;4085;298;3787;2034;1753
"63004";1327;1130;58;1072;752;320
"63005";304;257;18;239;131;108
"63006";233;192;13;179;100;79
"63007";201;169;11;158;88;70
"63008";525;449;43;406;188;218
"63009";449;352;21;331;195;136
"63010";1379;1110;84;1026;536;490
"63011";187;161;9;152;79;73
"63012";625;571;47;524;270;254
"63013";705;626;35;591;337;254
"63014";6470;5235;292;4943;2959;1984
"63015";206;177;14;163;92;71
"63016";771;633;37;596;366;230
"63017";126;110;9;101;64;37
"63018";334;294;16;278;154;124
"63019";2827;2304;160;2144;1448;696
"63020";231;203;17;186;82;104
"63021";484;439;37;402;254;148
"63022";1786;1406;84;1322;992;330
"63023";325;265;19;246;145;101
"63024";204;179;5;174;80;94
"63025";143;124;7;117;68;49
"63026";1858;1631;108;1523;946;577
"63027";139;104;14;90;48;42
"63028";463;405;30;375;204;171
"63029";198;172;16;156;125;31
"63030";204;179;19;160;100;60
"63031";344;275;21;254;184;70
"63032";8539;6762;353;6409;3903;2506
"63033";230;198;23;175;110;65
"63034";954;840;58;782;460;322
"63035";742;662;49;613;367;246
"63036";306;271;19;252;153;99
"63037";408;342;40;302;174;128
"63038";1473;1228;80;1148;505;643
"63039";276;235;17;218;125;93
"63040";3037;2612;155;2457;1617;840
"63041";253;211;12;199;146;53
"63042";2898;2426;112;2314;1424;890
"63043";357;289;21;268;172;96
"63044";300;259;23;236;162;74
"63045";428;386;29;357;228;129
"63046";224;189;14;175;106;69
"63047";1502;1217;69;1148;615;533
"63048";768;656;32;624;392;232
"63049";558;475;43;432;261;171
"63050";2557;2079;124;1955;1361;594
"63051";496;435;33;402;268;134
"63052";775;659;48;611;385;226
"63053";299;252;23;229;133;96
"63054";512;462;35;427;245;182
"63055";801;663;48;615;335;280
"63056";302;246;9;237;154;83
"63057";282;225;13;212;121;91
"63058";370;323;25;298;187;111
"63059";174;149;7;142;104;38
"63060";112;92;6;86;52;34
"63061";302;252;35;217;132;85
"63062";172;159;14;145;109;36
"63063";5797;4698;276;4422;2681;1741
"63064";91;70;4;66;44;22
"63065";151;135;11;124;79;45
"63066";1380;1128;114;1014;586;428
"63067";142;128;12;116;68;48
"63068";720;623;38;585;357;228
"63069";3732;3161;200;2961;1826;1135
"63070";4726;3938;210;3728;2107;1621
"63071";514;469;40;429;239;190
"63072";1056;866;79;787;527;260
"63073";325;281;10;271;195;76
"63074";142;123;10;113;92;21
"63075";12278;10299;514;9785;4312;5473
"63076";172;137;7;130;77;53
"63077";402;345;28;317;147;170
"63078";156;143;10;133;57;76
"63079";124;113;7;106;54;52
"63080";984;827;68;759;506;253
"63081";214;177;7;170;107;63
"63082";308;270;8;262;173;89
"63083";722;629;36;593;356;237
"63084";1379;1241;74;1167;717;450
"63085";938;790;76;714;491;223
"63086";347;299;26;273;151;122
"63087";76;66;1;65;21;44
"63088";77;64;5;59;32;27
"63089";1167;1015;72;943;569;374
"63090";360;311;24;287;154;133
"63091";657;564;23;541;382;159
"63092";1266;1089;91;998;659;339
"63093";797;700;59;641;369;272
"63094";449;371;32;339;162;177
"63095";163;136;12;124;79;45
"63096";293;253;23;230;138;92
"63097";93;80;6;74;33;41
"63098";297;243;2;241;104;137
"63099";2397;2075;116;1959;1138;821
"63100";274;237;14;223;142;81
"63101";86;70;8;62;37;25
"63102";668;569;44;525;347;178
"63103";4639;3921;237;3684;1861;1823
"63104";152;136;9;127;55;72
"63105";176;152;13;139;66;73
"63106";1165;1025;87;938;630;308
"63107";324;287;15;272;176;96
"63108";480;430;36;394;227;167
"63109";323;301;22;279;159;120
"63110";392;339;20;319;199;120
"63111";80;77;3;74;58;16
"63112";338;305;20;285;154;131
"63113";70348;56151;2888;53263;34794;18469
"63114";136;124;13;111;58;53
"63115";193;161;12;149;105;44
"63116";1556;1261;101;1160;701;459
"63117";153;115;7;108;37;71
"63118";462;374;17;357;191;166
"63119";206;172;19;153;102;51
"63120";529;446;33;413;265;148
"63121";857;753;48;705;490;215
"63122";80;69;2;67;47;20
"63123";191;167;4;163;57;106
"63124";13388;11658;702;10956;6820;4136
"63125";3256;2725;216;2509;1562;947
"63126";966;847;63;784;501;283
"63127";58;42;6;36;18;18
"63128";726;633;45;588;350;238
"63129";178;150;7;143;77;66
"63130";267;237;18;219;113;106
"63131";725;595;60;535;314;221
"63132";961;801;54;747;490;257
"63133";955;840;61;779;417;362
"63134";77;68;2;66;31;35
"63135";400;363;33;330;206;124
"63136";308;272;24;248;165;83
"63137";187;150;17;133;88;45
"63138";513;444;35;409;264;145
"63139";612;492;54;438;241;197
"63140";194;163;18;145;88;57
"63141";1518;1293;59;1234;667;567
"63142";223;199;18;181;102;79
"63143";766;675;45;630;342;288
"63144";431;359;28;331;145;186
"63145";145;114;5;109;71;38
"63146";682;602;38;564;366;198
"63147";275;250;19;231;98;133
"63148";1620;1428;91;1337;788;549
"63149";540;475;32;443;268;175
"63150";1005;904;69;835;557;278
"63151";1083;929;89;840;521;319
"63152";289;237;31;206;130;76
"63153";131;97;5;92;45;47
"63154";272;235;22;213;137;76
"63155";313;247;0;247;146;101
"63156";72;59;2;57;45;12
"63157";284;244;20;224;137;87
"63158";120;89;6;83;52;31
"63159";135;113;10;103;40;63
"63160";400;344;30;314;212;102
"63161";282;234;19;215;142;73
"63162";328;276;19;257;139;118
"63163";775;655;52;603;291;312
"63164";6822;5489;350;5139;3294;1845
"63165";739;599;38;561;320;241
"63166";208;177;9;168;114;54
"63167";353;297;27;270;193;77
"63168";449;372;34;338;227;111
"63169";36;32;2;30;9;21
"63170";533;460;28;432;246;186
"63171";324;275;21;254;180;74
"63172";51;41;4;37;21;16
"63173";189;155;14;141;92;49
"63174";129;103;3;100;69;31
"63175";236;213;16;197;97;100
"63176";108;92;7;85;52;33
"63177";316;269;11;258;168;90
"63178";9947;8058;523;7535;4365;3170
"63179";788;667;73;594;333;261
"63180";829;700;47;653;316;337
"63181";346;311;16;295;153;142
"63182";485;414;32;382;264;118
"63183";85;72;5;67;33;34
"63184";269;235;25;210;149;61
"63185";471;385;22;363;264;99
"63186";193;174;9;165;85;80
"63187";487;403;23;380;262;118
"63188";436;380;20;360;224;136
"63189";304;263;26;237;93;144
"63190";301;265;29;236;139;97
"63191";120;100;15;85;44;41
"63192";594;514;24;490;291;199
"63193";6333;5261;383;4878;3035;1843
"63194";249;206;21;185;123;62
"63195";3802;3127;238;2889;1667;1222
"63196";509;448;36;412;277;135
"63197";95;84;8;76;54;22
"63198";896;759;71;688;448;240
"63199";338;281;22;259;168;91
"63200";623;544;35;509;286;223
"63201";712;606;70;536;308;228
"63202";106;95;6;89;57;32
"63203";787;713;33;680;412;268
"63204";732;619;52;567;337;230
"63205";354;306;21;285;183;102
"63206";1041;863;47;816;528;288
"63207";728;604;54;550;334;216
"63208";229;189;14;175;105;70
"63209";164;150;6;144;80;64
"63210";1897;1496;105;1391;822;569
"63211";1131;912;81;831;445;386
"63212";908;803;43;760;329;431
"63213";1393;1237;72;1165;623;542
"63214";3019;2496;178;2318;1550;768
"63215";459;404;43;361;211;150
"63216";85;79;3;76;50;26
"63218";158;126;14;112;54;58
"63219";536;488;38;450;287;163
"63220";122;97;9;88;30;58
"63221";131;108;12;96;46;50
"63222";365;306;28;278;164;114
"63223";508;431;34;397;243;154
"63224";1316;1117;103;1014;624;390
"63225";1065;882;50;832;618;214
"63226";1385;1238;76;1162;747;415
"63227";1728;1531;88;1443;839;604
"63228";319;281;23;258;154;104
"63229";837;734;54;680;428;252
"63230";207;167;11;156;96;60
"63231";1190;934;74;860;550;310
"63232";372;320;23;297;185;112
"63233";807;663;47;616;414;202
"63234";632;521;37;484;293;191
"63235";351;310;19;291;200;91
"63236";1222;985;57;928;407;521
"63237";431;348;26;322;144;178
"63238";189;170;17;153;89;64
"63239";533;467;30;437;286;151
"63240";339;294;20;274;147;127
"63241";296;268;6;262;125;137
"63242";315;259;21;238;175;63
"63243";235;204;14;190;102;88
"63244";376;325;25;300;172;128
"63245";2753;2409;148;2261;1365;896
"63246";424;366;14;352;219;133
"63247";490;425;35;390;168;222
"63248";588;548;39;509;282;227
"63249";379;325;27;298;178;120
"63250";663;553;23;530;382;148
"63251";269;238;11;227;193;34
"63252";315;269;15;254;137;117
"63253";169;140;13;127;81;46
"63254";1589;1384;82;1302;802;500
"63255";230;192;14;178;127;51
"63256";141;137;28;109;49;60
"63257";566;504;36;468;302;166
"63258";642;540;38;502;270;232
"63259";232;217;10;207;136;71
"63260";160;133;7;126;91;35
"63261";687;600;35;565;363;202
"63262";2119;1844;123;1721;1036;685
"63263";2686;2397;138;2259;1176;1083
"63264";200;179;19;160;82;78
"63265";1659;1392;104;1288;630;658
"63266";187;148;17;131;78;53
"63267";435;380;40;340;183;157
"63268";196;178;9;169;105;64
"63269";623;533;36;497;331;166
"63270";414;364;29;335;203;132
"63271";1169;1001;84;917;667;250
"63272";2146;1824;105;1719;874;845
"63273";1241;1099;65;1034;680;354
"63274";334;293;22;271;139;132
"63275";661;575;41;534;312;222
"63276";1756;1482;104;1378;853;525
"63277";72;65;8;57;32;25
"63278";411;353;26;327;186;141
"63279";360;289;16;273;154;119
"63280";236;217;14;203;142;61
"63281";724;613;53;560;345;215
"63282";1079;909;57;852;554;298
"63283";514;435;26;409;217;192
"63284";7460;6290;415;5875;3268;2607
"63285";512;434;26;408;243;165
"63286";222;193;9;184;111;73
"63287";238;204;8;196;128;68
"63288";339;301;20;281;184;97
"63289";278;234;28;206;144;62
"63290";331;286;13;273;175;98
"63291";2019;1670;151;1519;961;558
"63292";141;115;10;105;57;48
"63293";206;162;15;147;108;39
"63294";222;185;20;165;107;58
"63295";1020;834;74;760;430;330
"63296";558;474;38;436;295;141
"63297";278;235;12;223;143;80
"63298";132;120;9;111;72;39
"63299";108;96;12;84;42;42
"63300";11415;9605;579;9026;5599;3427
"63301";587;503;42;461;299;162
"63302";2392;2127;112;2015;1236;779
"63303";68;53;1;52;13;39
"63304";86;75;5;70;45;25
"63305";605;537;28;509;304;205
"63306";502;458;38;420;251;169
"63307";6007;5153;285;4868;2974;1894
"63308";3365;2841;171;2670;1328;1342
"63309";300;243;21;222;108;114
"63310";194;160;14;146;96;50
"63311";248;232;24;208;127;81
"63312";221;168;11;157;91;66
"63313";172;139;6;133;51;82
"63314";438;374;29;345;224;121
"63315";1223;1071;73;998;636;362
"63317";416;362;22;340;206;134
"63318";358;298;15;283;218;65
"63319";823;662;36;626;273;353
"63320";228;193;15;178;74;104
"63321";716;619;49;570;381;189
"63322";1578;1396;89;1307;792;515
"63323";181;139;14;125;69;56
"63324";245;196;17;179;88;91
"63325";306;273;24;249;167;82
"63326";383;346;29;317;179;138
"63327";1454;1289;77;1212;750;462
"63328";88;72;15;57;32;25
"63329";138;121;7;114;86;28
"63330";273;222;19;203;114;89
"63331";246;204;16;188;93;95
"63332";458;385;33;352;171;181
"63333";194;155;12;143;73;70
"63334";482;416;49;367;227;140
"63335";336;282;19;263;146;117
"63336";256;205;13;192;100;92
"63337";72;61;3;58;44;14
"63338";3090;2416;182;2234;1381;853
"63339";132;107;5;102;70;32
"63340";252;226;17;209;119;90
"63341";497;420;38;382;197;185
"63342";247;210;14;196;118;78
"63343";247;210;15;195;115;80
"63344";149;113;13;100;64;36
"63345";2619;2297;154;2143;1296;847
"63346";277;238;18;220;96;124
"63347";406;363;27;336;191;145
"63348";172;147;10;137;101;36
"63349";1625;1310;84;1226;829;397
"63350";961;832;62;770;494;276
"63351";89;76;8;68;51;17
"63352";1245;1076;66;1010;717;293
"63353";480;370;18;352;202;150
"63354";1067;904;59;845;560;285
"63355";202;168;20;148;97;51
"63356";201;181;15;166;103;63
"63357";99;81;3;78;39;39
"63358";303;259;16;243;158;85
"63359";106;83;4;79;40;39
"63360";207;170;14;156;97;59
"63362";643;550;24;526;314;212
"63363";280;242;14;228;127;101
"63364";367;315;17;298;196;102
"63365";365;308;14;294;202;92
"63366";273;245;13;232;149;83
"63367";107;92;5;87;65;22
"63368";876;766;65;701;448;253
"63369";120;102;2;100;60;40
"63370";327;292;29;263;135;128
"63371";193;159;15;144;95;49
"63372";384;339;32;307;178;129
"63373";175;156;7;149;99;50
"63374";252;209;26;183;119;64
"63375";106;95;10;85;37;48
"63376";159;129;5;124;79;45
"63377";345;288;29;259;181;78
"63378";684;619;30;589;391;198
"63379";390;351;26;325;177;148
"63380";575;468;39;429;232;197
"63381";1215;1072;79;993;628;365
"63382";354;296;23;273;175;98
"63383";218;191;13;178;111;67
"63384";157;129;16;113;52;61
"63385";289;248;11;237;101;136
"63386";330;278;16;262;135;127
"63387";686;577;45;532;315;217
"63388";625;528;33;495;313;182
"63389";85;76;7;69;45;24
"63390";301;257;15;242;126;116
"63391";205;175;10;165;104;61
"63392";421;388;31;357;236;121
"63393";1377;1141;88;1053;537;516
"63394";240;212;21;191;99;92
"63395";609;510;37;473;307;166
"63396";898;813;62;751;485;266
"63397";956;854;45;809;446;363
"63398";113;88;6;82;38;44
"63399";98;85;6;79;47;32
"63400";888;761;62;699;399;300
"63401";209;182;15;167;69;98
"63402";261;213;17;196;133;63
"63403";312;269;22;247;150;97
"63404";365;318;10;308;182;126
"63405";424;367;18;349;238;111
"63406";240;225;17;208;118;90
"63407";236;206;18;188;77;111
"63408";158;141;7;134;95;39
"63409";187;158;13;145;88;57
"63410";146;121;15;106;56;50
"63411";345;309;30;279;202;77
"63412";500;445;27;418;154;264
"63413";539;476;33;443;285;158
"63414";424;368;21;347;209;138
"63415";861;764;65;699;460;239
"63416";118;99;12;87;53;34
"63417";1831;1602;97;1505;780;725
"63418";456;377;12;365;228;137
"63419";497;402;22;380;199;181
"63420";464;390;31;359;199;160
"63421";211;169;12;157;84;73
"63422";385;323;25;298;147;151
"63423";510;430;30;400;253;147
"63424";396;347;32;315;176;139
"63425";1107;974;48;926;531;395
"63426";721;630;37;593;339;254
"63427";351;291;27;264;152;112
"63428";252;227;22;205;144;61
"63429";42;38;2;36;25;11
"63430";8198;6526;437;6089;3857;2232
"63431";140;120;15;105;59;46
"63432";615;543;40;503;304;199
"63433";80;71;4;67;32;35
"63434";494;419;40;379;251;128
"63435";204;173;16;157;112;45
"63436";71;66;3;63;30;33
"63437";153;130;9;121;56;65
"63438";371;343;29;314;175;139
"63439";199;168;8;160;118;42
"63440";162;131;7;124;42;82
"63441";248;212;15;197;126;71
"63442";53;43;1;42;17;25
"63443";288;260;20;240;121;119
"63444";172;147;6;141;94;47
"63445";194;169;12;157;86;71
"63446";339;310;22;288;153;135
"63447";94;82;4;78;64;14
"63448";623;494;32;462;274;188
"63449";242;198;14;184;74;110
"63450";247;209;10;199;125;74
"63451";298;259;16;243;106;137
"63452";56;53;6;47;27;20
"63453";2095;1729;106;1623;1018;605
"63454";515;414;46;368;179;189
"63455";2996;2528;149;2379;1340;1039
"63456";206;183;20;163;108;55
"63457";3815;3244;190;3054;2039;1015
"63458";122;110;3;107;69;38
"63459";350;281;31;250;123;127
"63460";339;268;18;250;140;110
"63461";266;221;18;203;108;95
"63462";222;184;19;165;98;67
"63463";544;457;36;421;227;194
"63464";303;264;24;240;159;81
"63465";386;341;33;308;122;186
"63466";157;144;10;134;89;45
"63467";63;50;2;48;28;20
"63468";349;278;29;249;118;131
"63469";605;533;30;503;282;221
"63470";3259;2695;179;2516;1787;729
"63471";845;732;56;676;497;179
"63472";523;472;30;442;271;171
"63473";285;266;20;246;131;115
"64001";157;143;13;130;61;69
"64002";121;104;8;96;39;57
"64003";180;161;13;148;99;49
"64004";91;81;7;74;46;28
"64005";463;406;29;377;216;161
"64006";416;372;17;355;250;105
"64007";777;698;41;657;463;194
"64008";253;217;16;201;112;89
"64009";1357;1168;73;1095;572;523
"64010";530;450;24;426;243;183
"64011";95;76;6;70;35;35
"64012";121;107;10;97;36;61
"64013";133;112;8;104;63;41
"64014";551;464;48;416;192;224
"64015";214;178;15;163;101;62
"64016";325;249;7;242;119;123
"64017";254;216;14;202;129;73
"64018";355;326;17;309;128;181
"64019";168;140;21;119;52;67
"64020";197;175;13;162;103;59
"64021";509;448;45;403;216;187
"64022";106;95;7;88;49;39
"64023";726;633;47;586;397;189
"64024";28824;24094;1339;22755;11968;10787
"64025";102;90;4;86;36;50
"64026";267;228;25;203;113;90
"64027";145;131;11;120;67;53
"64028";129;114;11;103;71;32
"64029";532;482;19;463;269;194
"64031";97;86;2;84;49;35
"64032";145;132;9;123;68;55
"64033";85;73;7;66;41;25
"64034";242;218;17;201;123;78
"64035";1463;1260;74;1186;563;623
"64036";234;199;11;188;114;74
"64037";869;738;37;701;406;295
"64038";2625;2230;120;2110;970;1140
"64039";180;159;16;143;98;45
"64040";984;862;65;797;463;334
"64041";498;443;33;410;222;188
"64042";513;459;34;425;271;154
"64043";195;175;5;170;100;70
"64044";78;66;1;65;36;29
"64045";73;62;4;58;19;39
"64046";317;284;16;268;109;159
"64047";253;194;8;186;76;110
"64048";67;57;1;56;28;28
"64049";203;160;13;147;78;69
"64050";81;71;0;71;44;27
"64051";307;254;20;234;132;102
"64052";84;69;6;63;33;30
"64053";129;107;9;98;53;45
"64054";630;539;46;493;329;164
"64056";118;103;11;92;62;30
"64057";1497;1260;91;1169;720;449
"64058";483;401;36;365;211;154
"64059";711;647;47;600;359;241
"64060";1178;1043;56;987;549;438
"64061";2428;2123;131;1992;1252;740
"64062";1896;1595;73;1522;1074;448
"64063";774;686;38;648;391;257
"64064";404;346;19;327;206;121
"64065";3355;2922;188;2734;1304;1430
"64066";251;218;14;204;105;99
"64067";1248;1115;90;1025;619;406
"64068";1519;1362;113;1249;687;562
"64069";221;190;13;177;83;94
"64070";231;211;10;201;97;104
"64071";175;154;12;142;63;79
"64072";525;449;30;419;259;160
"64073";194;170;17;153;96;57
"64074";51;44;0;44;24;20
"64075";152;137;17;120;69;51
"64077";123;102;6;96;64;32
"64078";209;188;14;174;89;85
"64079";102;90;5;85;50;35
"64080";527;462;41;421;217;204
"64081";218;188;14;174;106;68
"64082";103;82;6;76;38;38
"64083";138;119;11;108;69;39
"64084";116;99;7;92;44;48
"64085";127;109;5;104;69;35
"64086";745;633;42;591;356;235
"64087";588;526;31;495;327;168
"64088";206;176;19;157;100;57
"64089";110;96;12;84;31;53
"64090";109;101;9;92;46;46
"64091";320;278;22;256;141;115
"64092";307;246;13;233;116;117
"64093";625;522;48;474;253;221
"64094";1182;1043;48;995;507;488
"64095";408;371;21;350;232;118
"64096";143;125;9;116;75;41
"64097";472;421;35;386;238;148
"64098";64;58;6;52;28;24
"64099";96;85;10;75;43;32
"64100";1937;1731;87;1644;756;888
"64101";405;351;22;329;222;107
"64102";28465;22199;1115;21084;12494;8590
"64103";167;140;9;131;78;53
"64104";465;417;26;391;263;128
"64105";238;205;10;195;79;116
"64106";350;309;25;284;165;119
"64107";63;54;2;52;23;29
"64108";704;607;45;562;374;188
"64109";1508;1302;93;1209;696;513
"64110";201;168;13;155;119;36
"64111";96;79;16;63;41;22
"64112";336;298;36;262;139;123
"64113";91;83;3;80;48;32
"64114";457;404;26;378;221;157
"64115";105;91;5;86;55;31
"64116";243;217;14;203;120;83
"64117";116;97;6;91;56;35
"64118";51;42;2;40;31;9
"64119";442;393;29;364;193;171
"64120";417;369;27;342;193;149
"64121";144;126;5;121;63;58
"64122";22628;17646;1066;16580;7513;9067
"64123";1052;892;63;829;454;375
"64124";554;465;25;440;200;240
"64125";4945;4088;222;3866;1918;1948
"64126";967;846;42;804;541;263
"64127";399;342;16;326;214;112
"64128";168;146;9;137;98;39
"64129";8753;6980;417;6563;3861;2702
"64130";713;606;30;576;386;190
"64131";468;414;18;396;249;147
"64132";3630;3078;187;2891;1546;1345
"64133";885;756;64;692;419;273
"64134";255;215;16;199;116;83
"64135";575;504;29;475;382;93
"64136";102;89;7;82;59;23
"64137";569;510;45;465;306;159
"64138";1760;1527;101;1426;905;521
"64139";857;758;42;716;399;317
"64140";5760;4860;296;4564;2986;1578
"64141";310;281;17;264;106;158
"64142";565;505;44;461;239;222
"64143";90;82;10;72;20;52
"64144";120;106;8;98;53;45
"64145";313;272;20;252;150;102
"64146";246;208;14;194;101;93
"64147";1911;1645;104;1541;911;630
"64148";702;618;50;568;332;236
"64149";193;169;14;155;66;89
"64150";116;101;6;95;65;30
"64151";83;63;7;56;32;24
"64152";1482;1257;71;1186;598;588
"64153";64;51;1;50;28;22
"64154";153;129;8;121;59;62
"64155";83;68;5;63;35;28
"64156";342;298;17;281;216;65
"64157";755;669;42;627;430;197
"64158";159;147;9;138;93;45
"64159";92;75;5;70;52;18
"64160";4369;3547;233;3314;1760;1554
"64161";622;529;28;501;252;249
"64162";97;87;12;75;47;28
"64165";203;178;15;163;78;85
"64166";172;144;9;135;77;58
"64167";170;146;11;135;81;54
"64168";460;412;23;389;229;160
"64170";168;155;12;143;94;49
"64171";163;144;7;137;79;58
"64172";166;149;13;136;78;58
"64173";106;93;5;88;55;33
"64174";54;43;7;36;31;5
"64175";150;130;8;122;78;44
"64176";153;129;18;111;47;64
"64177";537;477;34;443;243;200
"64178";346;286;11;275;154;121
"64179";138;123;10;113;57;56
"64180";147;134;10;124;75;49
"64181";236;211;16;195;107;88
"64182";62;47;11;36;24;12
"64183";401;363;23;340;138;202
"64184";368;336;23;313;162;151
"64185";87;71;6;65;47;18
"64186";207;165;18;147;69;78
"64187";190;156;9;147;87;60
"64188";903;760;47;713;460;253
"64189";5560;4778;254;4524;2478;2046
"64190";175;152;12;140;87;53
"64191";1771;1463;107;1356;845;511
"64192";89;77;8;69;30;39
"64193";90;75;3;72;49;23
"64194";266;228;20;208;126;82
"64195";93;85;4;81;40;41
"64196";112;93;5;88;57;31
"64197";165;144;12;132;70;62
"64198";1317;1124;77;1047;616;431
"64199";101;82;7;75;51;24
"64200";145;135;11;124;66;58
"64201";164;139;13;126;70;56
"64202";411;352;25;327;177;150
"64203";210;195;11;184;103;81
"64204";361;295;11;284;167;117
"64205";184;162;16;146;80;66
"64206";119;100;9;91;54;37
"64207";309;265;22;243;165;78
"64208";227;190;8;182;100;82
"64209";368;322;32;290;199;91
"64210";137;123;8;115;75;40
"64211";175;161;12;149;104;45
"64212";129;118;7;111;59;52
"64213";1647;1377;83;1294;684;610
"64214";440;367;18;349;188;161
"64215";47;40;3;37;18;19
"64216";748;654;39;615;332;283
"64217";454;387;31;356;228;128
"64218";307;252;18;234;107;127
"64219";231;208;10;198;123;75
"64220";426;387;26;361;219;142
"64221";106;91;8;83;41;42
"64222";65;49;6;43;36;7
"64223";97;89;13;76;56;20
"64224";564;490;37;453;314;139
"64225";400;366;27;339;193;146
"64226";134;105;6;99;51;48
"64227";525;444;26;418;244;174
"64228";189;155;18;137;71;66
"64229";89;77;5;72;38;34
"64230";4109;3541;244;3297;1861;1436
"64231";441;389;24;365;192;173
"64232";173;150;15;135;60;75
"64233";913;823;50;773;438;335
"64234";168;139;10;129;62;67
"64235";264;228;10;218;109;109
"64236";63;54;6;48;17;31
"64237";2551;2197;128;2069;1190;879
"64238";1536;1333;92;1241;729;512
"64239";92;78;6;72;52;20
"64240";192;170;15;155;83;72
"64241";373;323;35;288;197;91
"64242";61;58;2;56;42;14
"64243";152;129;10;119;57;62
"64244";200;187;6;181;108;73
"64245";466;412;26;386;287;99
"64246";173;159;13;146;90;56
"64247";404;337;20;317;223;94
"64249";1170;987;51;936;472;464
"64250";663;594;41;553;287;266
"64251";204;166;15;151;86;65
"64252";581;537;31;506;336;170
"64253";340;282;22;260;145;115
"64254";426;371;22;349;234;115
"64255";432;361;28;333;195;138
"64256";4837;4097;289;3808;2152;1656
"64257";247;220;13;207;116;91
"64258";103;85;6;79;60;19
"64259";539;479;41;438;246;192
"64260";8262;6501;294;6207;4183;2024
"64261";313;265;24;241;161;80
"64262";213;194;24;170;90;80
"64263";133;111;6;105;54;51
"64264";66;59;6;53;15;38
"64265";76;62;5;57;15;42
"64266";174;153;17;136;76;60
"64267";85;72;6;66;29;37
"64268";224;191;9;182;102;80
"64269";3338;2924;169;2755;1442;1313
"64270";705;612;41;571;340;231
"64271";419;354;33;321;146;175
"64272";125;114;5;109;39;70
"64273";662;594;43;551;314;237
"64274";272;227;20;207;104;103
"64275";506;413;21;392;256;136
"64276";231;188;11;177;117;60
"64277";289;248;16;232;133;99
"64279";1620;1397;106;1291;704;587
"64280";352;298;10;288;221;67
"64281";132;112;10;102;56;46
"64282";842;733;56;677;389;288
"64283";168;137;12;125;62;63
"64284";5408;4557;256;4301;2407;1894
"64285";161;133;7;126;48;78
"64286";329;306;21;285;180;105
"64287";121;97;5;92;38;54
"64288";369;337;15;322;190;132
"64289";724;615;38;577;286;291
"64290";386;362;26;336;195;141
"64291";264;229;12;217;122;95
"64292";200;172;13;159;94;65
"64293";136;117;13;104;53;51
"64294";141;118;10;108;50;58
"64295";91;84;6;78;50;28
"64296";104;87;7;80;42;38
"64297";124;111;7;104;56;48
"64298";101;83;4;79;51;28
"64299";161;145;11;134;76;58
"64300";561;487;39;448;274;174
"64301";920;754;41;713;458;255
"64302";389;334;24;310;192;118
"64303";153;125;10;115;83;32
"64304";1788;1494;104;1390;857;533
"64305";366;311;25;286;167;119
"64306";597;537;43;494;313;181
"64307";158;131;4;127;79;48
"64308";229;205;17;188;100;88
"64309";167;146;14;132;74;58
"64310";460;418;40;378;225;153
"64311";136;122;7;115;69;46
"64312";253;233;10;223;147;76
"64313";243;217;7;210;93;117
"64314";329;292;9;283;129;154
"64315";791;717;53;664;429;235
"64316";209;171;11;160;125;35
"64317";1301;1131;74;1057;561;496
"64318";149;125;11;114;70;44
"64319";166;136;12;124;58;66
"64320";1252;1082;51;1031;653;378
"64321";197;176;12;164;85;79
"64322";274;214;17;197;95;102
"64323";80;62;6;56;34;22
"64324";1378;1210;89;1121;685;436
"64325";166;146;7;139;83;56
"64326";83;75;4;71;38;33
"64327";172;142;11;131;86;45
"64328";918;820;71;749;521;228
"64329";949;818;34;784;391;393
"64330";261;219;10;209;130;79
"64331";588;513;33;480;278;202
"64332";132;114;7;107;75;32
"64334";174;158;7;151;99;52
"64335";7073;6137;345;5792;3176;2616
"64336";249;211;11;200;122;78
"64337";127;103;11;92;53;39
"64338";130;118;8;110;52;58
"64339";658;539;34;505;297;208
"64340";72;65;11;54;41;13
"64341";113;94;7;87;40;47
"64342";214;178;10;168;111;57
"64343";357;324;13;311;187;124
"64344";313;275;15;260;137;123
"64345";169;144;11;133;59;74
"64346";169;148;24;124;60;64
"64347";137;119;5;114;45;69
"64348";9047;7671;471;7200;4039;3161
"64349";379;315;30;285;176;109
"64350";603;478;37;441;232;209
"64351";140;126;15;111;43;68
"64352";244;219;23;196;128;68
"64353";936;786;58;728;486;242
"64354";123;98;7;91;66;25
"64355";105;82;9;73;44;29
"64356";91;73;5;68;47;21
"64357";53;43;2;41;24;17
"64358";249;211;18;193;114;79
"64359";814;684;43;641;394;247
"64360";188;148;8;140;79;61
"64361";139;110;6;104;59;45
"64362";213;192;19;173;91;82
"64363";294;243;14;229;117;112
"64364";455;390;36;354;173;181
"64365";367;308;24;284;158;126
"64366";115;106;11;95;62;33
"64367";612;553;45;508;302;206
"64368";191;160;13;147;76;71
"64369";215;196;14;182;95;87
"64370";400;348;29;319;172;147
"64371";2370;2023;112;1911;1298;613
"64372";85;76;12;64;36;28
"64373";1618;1361;92;1269;817;452
"64374";804;689;59;630;319;311
"64375";213;169;13;156;61;95
"64376";647;573;42;531;281;250
"64377";610;525;44;481;293;188
"64378";189;153;8;145;106;39
"64379";171;141;15;126;74;52
"64380";178;155;19;136;61;75
"64381";250;214;13;201;98;103
"64382";294;275;17;258;150;108
"64383";96;79;2;77;60;17
"64385";177;153;15;138;81;57
"64386";940;791;54;737;463;274
"64387";380;335;21;314;144;170
"64388";116;98;5;93;41;52
"64389";265;245;15;230;130;100
"64390";136;121;6;115;77;38
"64391";306;245;18;227;137;90
"64392";95;80;8;72;39;33
"64393";3504;3054;215;2839;1832;1007
"64394";84;74;6;68;53;15
"64395";115;100;14;86;58;28
"64396";795;689;63;626;413;213
"64397";102;87;3;84;30;54
"64398";371;313;29;284;161;123
"64399";1674;1473;94;1379;716;663
"64400";861;719;48;671;390;281
"64401";65;55;1;54;27;27
"64403";165;133;21;112;55;57
"64404";296;250;16;234;149;85
"64405";3144;2665;165;2500;1380;1120
"64406";436;384;24;360;228;132
"64407";3843;3269;176;3093;1843;1250
"64408";43;35;3;32;22;10
"64409";582;528;38;490;328;162
"64410";4989;3762;210;3552;2564;988
"64411";223;189;16;173;115;58
"64412";101;91;9;82;33;49
"64413";477;422;21;401;243;158
"64414";109;92;4;88;38;50
"64415";1004;879;55;824;436;388
"64416";745;638;44;594;332;262
"64417";2405;1951;142;1809;1030;779
"64418";113;98;5;93;57;36
"64419";1003;891;56;835;470;365
"64420";183;169;15;154;70;84
"64421";1040;905;60;845;557;288
"64422";8082;6788;444;6344;4241;2103
"64423";139;112;6;106;70;36
"64424";492;419;35;384;230;154
"64425";432;361;18;343;197;146
"64426";197;163;7;156;96;60
"64427";137;124;14;110;63;47
"64428";117;100;2;98;59;39
"64429";86;76;12;64;41;23
"64430";8158;6781;421;6360;4094;2266
"64431";346;307;12;295;209;86
"64432";82;74;12;62;49;13
"64433";261;228;14;214;148;66
"64434";48;35;2;33;17;16
"64435";193;165;7;158;117;41
"64436";678;557;36;521;290;231
"64437";194;161;6;155;89;66
"64438";364;315;23;292;186;106
"64439";1140;1024;77;947;571;376
"64440";321;282;21;261;166;95
"64441";223;191;10;181;96;85
"64442";208;187;19;168;109;59
"64443";758;673;55;618;342;276
"64444";344;301;35;266;190;76
"64445";50411;39497;2207;37290;22135;15155
"64446";133;118;6;112;67;45
"64447";111;95;7;88;44;44
"64448";1148;1020;64;956;541;415
"64449";155;135;19;116;58;58
"64450";192;158;15;143;87;56
"64451";80;72;1;71;41;30
"64452";202;185;16;169;100;69
"64453";2049;1717;147;1570;861;709
"64454";124;110;9;101;43;58
"64455";157;130;11;119;58;61
"64456";36;30;4;26;12;14
"64457";176;155;9;146;77;69
"64458";227;199;4;195;127;68
"64459";150;134;12;122;72;50
"64460";299;267;15;252;178;74
"64461";847;691;40;651;468;183
"64462";347;325;22;303;190;113
"64463";582;505;37;468;294;174
"64464";81;69;7;62;38;24
"64465";145;132;12;120;63;57
"64466";202;168;11;157;80;77
"64467";574;506;25;481;289;192
"64468";115;93;12;81;39;42
"64469";254;213;25;188;111;77
"64470";446;391;30;361;190;171
"64471";301;256;21;235;146;89
"64472";638;558;44;514;312;202
"64473";275;234;21;213;140;73
"64474";117;102;5;97;52;45
"64475";236;190;6;184;112;72
"64476";347;318;31;287;142;145
"64477";1347;1062;74;988;578;410
"64478";618;559;47;512;318;194
"64479";130;113;10;103;53;50
"64480";164;144;8;136;69;67
"64481";188;155;17;138;75;63
"64482";478;408;28;380;213;167
"64483";10617;8846;504;8342;4075;4267
"64484";716;636;48;588;279;309
"64485";1071;929;55;874;417;457
"64486";73;59;5;54;26;28
"64487";219;188;23;165;92;73
"64488";358;304;31;273;172;101
"64489";267;224;17;207;118;89
"64490";395;331;17;314;202;112
"64491";159;144;5;139;104;35
"64492";215;176;16;160;100;60
"64493";1246;1019;77;942;430;512
"64494";187;166;5;161;92;69
"64495";4392;3653;288;3365;1754;1611
"64496";3711;3152;191;2961;1781;1180
"64498";301;268;29;239;133;106
"64499";3902;3221;208;3013;1731;1282
"64500";255;227;20;207;124;83
"64501";505;444;26;418;256;162
"64502";490;442;27;415;222;193
"64503";70;55;5;50;31;19
"64504";1897;1570;95;1475;722;753
"64505";215;179;17;162;94;68
"64506";161;134;11;123;66;57
"64507";105;98;3;95;56;39
"64508";114;107;6;101;56;45
"64509";142;107;8;99;65;34
"64510";709;618;61;557;340;217
"64511";2232;1984;144;1840;1008;832
"64512";207;177;16;161;90;71
"64513";982;840;79;761;396;365
"64514";162;141;12;129;70;59
"64515";179;149;15;134;89;45
"64516";307;267;13;254;140;114
"64517";150;133;7;126;74;52
"64518";721;630;44;586;322;264
"64519";2864;2529;162;2367;1239;1128
"64520";601;538;28;510;262;248
"64521";419;375;20;355;218;137
"64522";402;338;25;313;151;162
"64523";516;428;35;393;253;140
"64524";299;252;21;231;145;86
"64525";509;460;29;431;265;166
"64526";987;864;72;792;444;348
"64527";966;840;53;787;360;427
"64528";154;136;11;125;76;49
"64529";261;225;18;207;131;76
"64530";267;244;16;228;143;85
"64531";44;32;1;31;11;20
"64532";59;47;1;46;21;25
"64533";460;384;26;358;227;131
"64534";179;158;7;151;86;65
"64535";358;302;24;278;157;121
"64536";662;580;28;552;289;263
"64537";131;112;18;94;58;36
"64538";578;491;34;457;241;216
"64539";172;144;12;132;60;72
"64540";1787;1477;96;1381;766;615
"64541";239;213;17;196;127;69
"64542";67;56;5;51;36;15
"64543";312;230;13;217;98;119
"64544";62;52;5;47;18;29
"64545";6850;5800;346;5454;3044;2410
"64546";1641;1417;77;1340;689;651
"64547";4731;4000;276;3724;2095;1629
"64548";134;118;5;113;50;63
"64549";719;627;36;591;274;317
"64550";587;514;33;481;259;222
"64551";230;216;9;207;120;87
"64552";154;135;8;127;63;64
"64554";144;129;7;122;74;48
"64555";128;108;10;98;49;49
"64556";316;274;19;255;166;89
"64557";319;292;25;267;163;104
"64558";1778;1487;97;1390;776;614
"64559";643;551;27;524;367;157
"64560";143;129;12;117;76;41
"65001";214;194;7;187;112;75
"65002";630;557;34;523;302;221
"65003";113;102;2;100;82;18
"65004";321;288;26;262;172;90
"65005";335;292;14;278;199;79
"65006";270;217;15;202;114;88
"65007";1099;975;67;908;555;353
"65009";158;138;8;130;98;32
"65010";197;179;11;168;111;57
"65011";115;97;6;91;50;41
"65012";65;57;3;54;38;16
"65013";58;46;8;38;10;28
"65014";38;33;1;32;25;7
"65015";93;81;11;70;31;39
"65016";110;98;3;95;72;23
"65017";302;248;24;224;150;74
"65018";117;101;16;85;50;35
"65019";415;375;23;352;224;128
"65020";212;186;15;171;102;69
"65021";353;303;20;283;189;94
"65022";98;83;6;77;58;19
"65023";24;16;2;14;12;2
"65024";116;92;3;89;58;31
"65025";2583;2097;87;2010;1189;821
"65026";57;51;7;44;34;10
"65027";61;55;0;55;40;15
"65028";157;138;10;128;80;48
"65029";439;378;17;361;239;122
"65031";685;552;27;525;332;193
"65032";620;550;49;501;361;140
"65033";77;67;2;65;43;22
"65034";37;35;0;35;30;5
"65035";396;335;24;311;191;120
"65036";113;105;6;99;83;16
"65037";78;71;4;67;48;19
"65038";21;19;0;19;15;4
"65039";57;46;1;45;26;19
"65040";188;167;9;158;109;49
"65041";96;79;4;75;54;21
"65042";468;409;24;385;268;117
"65043";170;147;11;136;107;29
"65044";227;190;18;172;96;76
"65045";237;215;16;199;117;82
"65046";100;78;11;67;42;25
"65047";5642;4832;294;4538;3044;1494
"65048";587;501;28;473;295;178
"65049";226;196;14;182;113;69
"65050";65;55;4;51;21;30
"65051";187;152;11;141;98;43
"65052";62;51;0;51;37;14
"65053";45;39;2;37;22;15
"65054";492;400;36;364;271;93
"65055";254;220;12;208;133;75
"65056";351;307;19;288;153;135
"65057";820;707;38;669;399;270
"65058";150;132;11;121;93;28
"65059";5977;4774;275;4499;3065;1434
"65060";55;48;3;45;38;7
"65061";43;39;4;35;11;24
"65062";2571;2245;130;2115;1341;774
"65063";132;115;6;109;75;34
"65064";73;58;4;54;28;26
"65065";224;192;9;183;85;98
"65066";40;28;2;26;20;6
"65067";116;109;15;94;51;43
"65068";21;17;0;17;13;4
"65069";982;842;62;780;529;251
"65070";348;310;14;296;132;164
"65071";35;35;4;31;23;8
"65072";1335;1151;65;1086;773;313
"65073";249;211;15;196;104;92
"65074";115;96;6;90;62;28
"65075";121;105;8;97;52;45
"65076";49;42;6;36;18;18
"65077";314;291;18;273;184;89
"65078";372;319;17;302;231;71
"65079";165;144;13;131;85;46
"65080";420;371;22;349;225;124
"65081";79;73;4;69;58;11
"65082";45;37;2;35;26;9
"65083";545;471;27;444;282;162
"65084";258;230;18;212;140;72
"65085";88;75;2;73;32;41
"65086";123;108;9;99;72;27
"65087";145;125;8;117;78;39
"65088";38;28;3;25;17;8
"65089";107;87;3;84;49;35
"65090";58;50;5;45;15;30
"65091";66;58;6;52;42;10
"65092";167;135;8;127;107;20
"65093";214;188;11;177;143;34
"65094";110;93;5;88;48;40
"65095";233;191;19;172;103;69
"65096";70;60;1;59;47;12
"65097";156;124;15;109;67;42
"65098";247;213;11;202;149;53
"65099";139;118;5;113;63;50
"65100";3267;2809;178;2631;1800;831
"65101";566;468;37;431;291;140
"65102";22;20;1;19;9;10
"65103";85;67;6;61;28;33
"65104";228;196;7;189;85;104
"65105";162;136;13;123;79;44
"65106";140;123;3;120;65;55
"65107";73;71;2;69;40;29
"65108";611;543;21;522;308;214
"65109";36;31;1;30;25;5
"65110";69;58;4;54;24;30
"65111";68;59;7;52;42;10
"65112";117;104;7;97;76;21
"65113";231;202;19;183;125;58
"65114";73;65;7;58;38;20
"65115";222;192;8;184;107;77
"65116";187;153;8;145;92;53
"65117";70;62;2;60;46;14
"65118";30;28;1;27;8;19
"65119";307;258;9;249;155;94
"65120";215;194;11;183;132;51
"65121";338;273;12;261;152;109
"65122";30;25;0;25;21;4
"65123";1391;1170;82;1088;765;323
"65124";77;63;3;60;33;27
"65125";280;247;20;227;156;71
"65126";130;112;8;104;68;36
"65127";1023;859;67;792;522;270
"65128";111;89;5;84;57;27
"65129";576;480;39;441;252;189
"65130";428;369;8;361;255;106
"65131";194;158;10;148;88;60
"65132";40;33;2;31;20;11
"65133";154;128;13;115;81;34
"65134";11;10;1;9;4;5
"65135";79;71;8;63;45;18
"65136";41;36;4;32;13;19
"65137";83;71;4;67;42;25
"65138";995;859;39;820;326;494
"65139";50;43;5;38;37;1
"65140";29;24;2;22;19;3
"65141";67;57;0;57;46;11
"65142";171;138;8;130;91;39
"65143";104;87;11;76;55;21
"65144";77;68;4;64;30;34
"65145";55;44;5;39;30;9
"65146";236;210;22;188;105;83
"65147";494;441;28;413;304;109
"65148";118;101;6;95;39;56
"65149";151;133;13;120;89;31
"65150";393;339;14;325;220;105
"65151";120;97;8;89;51;38
"65153";112;90;5;85;46;39
"65154";36;33;1;32;16;16
"65155";55;53;3;50;35;15
"65156";195;164;10;154;102;52
"65157";24;19;1;18;10;8
"65158";94;86;6;80;50;30
"65159";310;262;24;238;166;72
"65160";93;81;5;76;52;24
"65161";202;170;16;154;96;58
"65162";40;30;1;29;19;10
"65163";33;23;0;23;14;9
"65164";80;63;11;52;34;18
"65165";161;137;14;123;91;32
"65166";44;41;6;35;28;7
"65167";36;29;2;27;15;12
"65168";335;284;20;264;187;77
"65169";90;79;6;73;46;27
"65170";71;62;5;57;33;24
"65171";36;30;2;28;14;14
"65172";38;34;0;34;33;1
"65173";168;146;11;135;94;41
"65174";77;68;3;65;37;28
"65175";83;72;6;66;37;29
"65176";103;84;7;77;44;33
"65177";130;110;9;101;55;46
"65178";38;38;5;33;22;11
"65179";32;30;0;30;27;3
"65180";18;16;1;15;14;1
"65181";114;94;3;91;59;32
"65182";102;88;4;84;55;29
"65183";509;424;32;392;184;208
"65184";137;107;6;101;55;46
"65185";372;326;27;299;152;147
"65186";43;39;1;38;20;18
"65187";104;91;11;80;49;31
"65188";171;145;10;135;51;84
"65189";210;181;19;162;113;49
"65190";72;60;3;57;42;15
"65191";120;103;7;96;68;28
"65192";259;228;14;214;138;76
"65193";57;50;2;48;28;20
"65194";99;80;7;73;62;11
"65195";138;120;6;114;83;31
"65196";86;79;2;77;49;28
"65197";154;140;9;131;85;46
"65198";936;835;41;794;569;225
"65199";55;39;3;36;16;20
"65200";122;103;4;99;78;21
"65201";146;123;5;118;84;34
"65202";253;220;10;210;160;50
"65203";22;19;4;15;14;1
"65204";35;27;5;22;13;9
"65205";77;73;4;69;47;22
"65206";212;187;4;183;130;53
"65207";58;49;2;47;27;20
"65208";37;30;0;30;21;9
"65209";94;81;4;77;46;31
"65210";44;39;1;38;32;6
"65211";152;131;9;122;75;47
"65212";253;210;27;183;104;79
"65213";107;98;9;89;40;49
"65214";35;31;4;27;13;14
"65215";42;41;0;41;28;13
"65216";89;80;6;74;55;19
"65217";45;40;4;36;30;6
"65218";519;422;28;394;299;95
"65219";104;84;4;80;39;41
"65220";179;165;16;149;103;46
"65221";166;150;9;141;100;41
"65222";136;119;14;105;74;31
"65223";988;849;57;792;442;350
"65224";194;164;20;144;104;40
"65225";109;95;12;83;60;23
"65226";1977;1739;105;1634;967;667
"65228";142;114;8;106;89;17
"65229";32;24;1;23;13;10
"65230";223;192;13;179;114;65
"65231";159;134;3;131;99;32
"65232";56;46;2;44;28;16
"65233";239;207;17;190;101;89
"65234";100;82;7;75;51;24
"65235";3078;2672;191;2481;1484;997
"65236";248;191;16;175;86;89
"65237";129;107;8;99;69;30
"65238";223;188;10;178;142;36
"65239";145;131;17;114;75;39
"65240";300;252;15;237;136;101
"65241";82;68;6;62;44;18
"65242";190;160;11;149;80;69
"65243";355;301;17;284;192;92
"65244";410;368;31;337;227;110
"65245";206;175;21;154;110;44
"65247";90;76;4;72;42;30
"65248";197;168;10;158;103;55
"65249";53;49;3;46;25;21
"65250";103;88;7;81;43;38
"65251";1356;1194;57;1137;630;507
"65252";594;530;36;494;268;226
"65253";50;44;1;43;32;11
"65254";118;100;8;92;53;39
"65255";40;29;1;28;18;10
"65256";117;106;3;103;69;34
"65257";427;370;40;330;202;128
"65258";3832;3096;215;2881;1778;1103
"65259";148;124;10;114;75;39
"65260";63;61;5;56;25;31
"65261";46;36;2;34;24;10
"65262";320;256;17;239;169;70
"65263";79;74;11;63;49;14
"65264";248;213;16;197;129;68
"65265";249;220;17;203;124;79
"65266";30;28;1;27;22;5
"65267";473;412;16;396;228;168
"65268";151;131;9;122;82;40
"65269";144;120;10;110;63;47
"65270";172;154;11;143;92;51
"65271";303;263;22;241;131;110
"65272";73;67;7;60;34;26
"65273";171;147;11;136;93;43
"65274";117;96;11;85;36;49
"65275";59;46;3;43;31;12
"65276";82;74;6;68;28;40
"65277";67;61;3;58;50;8
"65278";44;34;5;29;26;3
"65279";180;158;14;144;115;29
"65280";343;289;19;270;148;122
"65281";159;139;11;128;90;38
"65282";248;213;0;213;117;96
"65283";68;57;0;57;41;16
"65284";778;707;32;675;399;276
"65285";130;114;8;106;71;35
"65286";11206;8949;581;8368;4214;4154
"65287";491;369;20;349;207;142
"65288";81;58;3;55;37;18
"65289";97;78;5;73;58;15
"65290";184;155;7;148;109;39
"65291";131;111;9;102;59;43
"65292";293;259;20;239;130;109
"65293";107;89;7;82;49;33
"65294";179;150;15;135;86;49
"65295";909;782;47;735;489;246
"65296";386;319;21;298;159;139
"65297";41;38;6;32;22;10
"65298";78;70;5;65;41;24
"65299";210;176;7;169;113;56
"65300";72;60;0;60;48;12
"65301";197;167;9;158;107;51
"65303";300;248;20;228;133;95
"65304";1791;1490;91;1399;849;550
"65305";127;102;4;98;45;53
"65306";201;172;10;162;93;69
"65307";307;262;16;246;183;63
"65308";107;86;11;75;49;26
"65309";20;13;3;10;8;2
"65310";220;189;6;183;142;41
"65311";64;62;4;58;31;27
"65312";30;28;1;27;20;7
"65313";567;489;30;459;255;204
"65314";162;130;16;114;63;51
"65315";314;260;15;245;152;93
"65316";90;80;7;73;53;20
"65317";49;39;1;38;28;10
"65318";200;166;18;148;95;53
"65319";123;106;6;100;65;35
"65320";681;594;40;554;384;170
"65321";95;83;14;69;49;20
"65322";200;168;14;154;109;45
"65323";55;46;7;39;32;7
"65324";162;132;10;122;102;20
"65325";50;40;2;38;20;18
"65326";88;75;4;71;38;33
"65327";153;123;12;111;82;29
"65328";64;59;6;53;38;15
"65329";230;191;8;183;127;56
"65330";170;143;17;126;74;52
"65331";2715;2335;126;2209;1266;943
"65332";120;112;6;106;56;50
"65333";107;91;3;88;57;31
"65334";193;166;8;158;98;60
"65335";362;315;17;298;226;72
"65336";40;32;2;30;13;17
"65337";103;91;1;90;57;33
"65338";209;185;12;173;152;21
"65339";243;220;17;203;122;81
"65340";1469;1270;66;1204;749;455
"65341";97;91;7;84;26;58
"65342";65;56;2;54;36;18
"65343";162;136;11;125;85;40
"65344";1773;1505;97;1408;807;601
"65345";30;27;1;26;19;7
"65346";134;122;9;113;76;37
"65347";47;37;1;36;24;12
"65348";47;44;2;42;30;12
"65349";14;12;2;10;9;1
"65350";1094;910;38;872;584;288
"65351";42;32;0;32;25;7
"65352";166;146;10;136;88;48
"65353";217;195;11;184;138;46
"65354";53;49;4;45;24;21
"65355";61;54;2;52;29;23
"65356";43;40;7;33;21;12
"65357";129;107;3;104;82;22
"65358";55;49;2;47;33;14
"65359";19;14;3;11;6;5
"65360";216;193;13;180;92;88
"65361";79;67;4;63;44;19
"65362";994;864;46;818;563;255
"65363";457;377;21;356;243;113
"65364";23;21;2;19;10;9
"65366";686;596;61;535;306;229
"65367";117;102;6;96;76;20
"65368";25;24;1;23;14;9
"65369";520;477;22;455;288;167
"65370";989;891;56;835;611;224
"65371";183;167;11;156;92;64
"65372";484;413;35;378;236;142
"65373";169;143;11;132;83;49
"65374";201;167;11;156;100;56
"65375";972;795;50;745;412;333
"65376";159;145;11;134;83;51
"65377";159;135;11;124;76;48
"65378";64;56;1;55;30;25
"65379";12;11;1;10;9;1
"65380";106;90;5;85;60;25
"65381";35;29;3;26;8;18
"65382";54;44;2;42;25;17
"65383";162;148;7;141;82;59
"65384";109;88;13;75;50;25
"65385";104;87;2;85;56;29
"65386";81;68;12;56;34;22
"65387";102;92;4;88;47;41
"65388";608;489;22;467;216;251
"65389";764;610;46;564;389;175
"65390";346;305;17;288;178;110
"65391";32;27;0;27;25;2
"65392";296;256;10;246;150;96
"65393";106;94;11;83;57;26
"65394";229;198;10;188;99;89
"65395";955;813;50;763;442;321
"65396";336;297;14;283;187;96
"65397";122;111;12;99;79;20
"65398";177;155;9;146;107;39
"65399";74;65;1;64;50;14
"65400";164;138;8;130;82;48
"65401";386;334;21;313;211;102
"65402";18;15;3;12;7;5
"65403";78;65;10;55;43;12
"65404";124;115;8;107;52;55
"65405";71;63;0;63;43;20
"65406";196;169;12;157;114;43
"65407";97;70;6;64;44;20
"65408";526;460;25;435;318;117
"65409";244;210;15;195;113;82
"65410";476;408;30;378;221;157
"65411";66;57;1;56;44;12
"65412";133;106;10;96;47;49
"65413";109;93;9;84;64;20
"65414";86;71;3;68;32;36
"65415";209;178;14;164;102;62
"65416";68;52;1;51;36;15
"65417";3820;3188;190;2998;1970;1028
"65418";223;186;18;168;87;81
"65419";87;80;6;74;39;35
"65420";70;54;3;51;36;15
"65421";51;43;5;38;17;21
"65422";232;211;15;196;107;89
"65423";116;105;4;101;79;22
"65424";114;103;8;95;43;52
"65425";357;322;29;293;179;114
"65426";114;90;5;85;49;36
"65427";164;140;14;126;77;49
"65428";60;49;1;48;37;11
"65429";185;154;8;146;80;66
"65430";41;38;1;37;23;14
"65431";100;84;12;72;40;32
"65432";138;119;4;115;58;57
"65433";2227;1966;141;1825;1369;456
"65435";217;184;9;175;128;47
"65436";236;207;5;202;127;75
"65437";138;121;5;116;43;73
"65438";60;54;4;50;40;10
"65439";215;187;13;174;102;72
"65440";27926;21472;1159;20313;12436;7877
"65441";79;73;6;67;36;31
"65442";150;124;6;118;76;42
"65443";13;12;0;12;9;3
"65444";175;143;11;132;82;50
"65445";199;174;14;160;106;54
"65446";386;314;19;295;225;70
"65447";989;837;52;785;455;330
"65448";71;62;6;56;26;30
"65449";99;86;6;80;49;31
"65450";40;35;6;29;22;7
"65451";655;549;33;516;385;131
"65452";741;638;51;587;295;292
"65453";53;45;6;39;28;11
"65454";76;55;6;49;25;24
"65455";420;342;17;325;208;117
"65456";239;208;16;192;125;67
"65457";63;57;10;47;27;20
"65458";32;23;0;23;19;4
"65459";91;86;1;85;58;27
"65460";3734;3016;216;2800;1665;1135
"65461";54;48;3;45;15;30
"65462";210;180;13;167;100;67
"65463";82;63;1;62;43;19
"65464";401;343;23;320;213;107
"65465";322;289;15;274;152;122
"65466";74;63;0;63;45;18
"65467";91;81;6;75;66;9
"65468";39;34;6;28;11;17
"65469";29;26;4;22;7;15
"65470";114;103;11;92;59;33
"65471";160;132;7;125;60;65
"65472";80;72;4;68;47;21
"65473";337;302;12;290;187;103
"65474";113;93;5;88;36;52
"65475";44;40;0;40;32;8
"65476";54;46;7;39;23;16
"65477";54;46;7;39;30;9
"65478";48;42;1;41;24;17
"65479";298;271;11;260;185;75
"65480";34;28;0;28;24;4
"65481";197;168;6;162;86;76
"65482";382;313;25;288;158;130
"66001";81;69;2;67;28;39
"66002";2271;1940;127;1813;904;909
"66003";3249;2514;171;2343;1192;1151
"66004";652;492;21;471;171;300
"66005";461;383;19;364;238;126
"66006";156;125;14;111;79;32
"66007";102;90;4;86;51;35
"66008";9048;7547;487;7060;3198;3862
"66009";2048;1644;120;1524;996;528
"66010";82;74;3;71;31;40
"66011";3143;2567;179;2388;1242;1146
"66012";2303;1985;143;1842;804;1038
"66013";83;71;4;67;55;12
"66014";1992;1674;133;1541;782;759
"66015";948;809;57;752;387;365
"66016";3698;3163;223;2940;1541;1399
"66017";4765;3785;280;3505;1467;2038
"66018";70;54;4;50;33;17
"66019";183;168;9;159;91;68
"66020";697;551;28;523;273;250
"66021";5778;4877;337;4540;2125;2415
"66022";55;43;0;43;30;13
"66023";637;554;40;514;338;176
"66024";4192;3349;226;3123;1531;1592
"66025";799;612;53;559;270;289
"66026";875;767;53;714;323;391
"66027";457;373;22;351;161;190
"66028";7437;6267;351;5916;2895;3021
"66029";108;86;5;81;51;30
"66030";182;159;10;149;111;38
"66032";44;37;3;34;24;10
"66033";336;274;24;250;129;121
"66034";106;93;8;85;47;38
"66035";66;62;3;59;46;13
"66036";56;47;3;44;27;17
"66037";10484;8779;502;8277;3226;5051
"66038";4174;3506;241;3265;1605;1660
"66039";139;116;12;104;61;43
"66040";38;31;1;30;27;3
"66041";504;441;28;413;237;176
"66042";181;154;7;147;80;67
"66043";111;94;6;88;53;35
"66044";334;281;31;250;143;107
"66045";585;485;28;457;255;202
"66046";547;461;40;421;282;139
"66047";30;25;1;24;12;12
"66048";1059;871;57;814;502;312
"66049";6160;4991;293;4698;2721;1977
"66050";2788;2398;170;2228;1057;1171
"66051";193;165;10;155;98;57
"66052";293;239;22;217;134;83
"66053";2408;2092;120;1972;868;1104
"66054";54;42;2;40;24;16
"66055";433;388;28;360;173;187
"66056";756;677;58;619;352;267
"66057";317;278;10;268;171;97
"66058";1395;1165;80;1085;538;547
"66059";1502;1279;91;1188;605;583
"66060";162;136;14;122;77;45
"66061";107;92;5;87;58;29
"66062";147;120;9;111;73;38
"66063";214;178;7;171;75;96
"66064";361;297;13;284;137;147
"66065";5877;4757;351;4406;2311;2095
"66066";420;335;22;313;202;111
"66067";406;356;32;324;164;160
"66068";115;97;7;90;72;18
"66069";2236;1902;158;1744;912;832
"66070";123;106;12;94;43;51
"66071";1506;1252;98;1154;655;499
"66072";299;259;21;238;122;116
"66073";138;118;13;105;59;46
"66074";310;249;25;224;139;85
"66075";117;102;8;94;65;29
"66076";52;41;4;37;30;7
"66077";68;51;1;50;39;11
"66078";168;151;6;145;123;22
"66079";169;145;14;131;64;67
"66080";133;104;14;90;78;12
"66081";144;140;8;132;73;59
"66082";339;287;21;266;124;142
"66083";50;34;1;33;29;4
"66084";828;709;41;668;370;298
"66085";304;254;23;231;135;96
"66086";19;13;0;13;9;4
"66088";3860;3221;203;3018;1725;1293
"66089";185;157;7;150;86;64
"66090";55;48;8;40;25;15
"66091";62;55;3;52;31;21
"66092";74;64;4;60;42;18
"66093";1765;1485;77;1408;630;778
"66094";1564;1348;107;1241;508;733
"66095";356;273;24;249;152;97
"66096";759;647;45;602;366;236
"66097";123;100;8;92;72;20
"66098";242;198;17;181;94;87
"66099";230;186;7;179;101;78
"66100";138;114;6;108;73;35
"66101";1544;1362;100;1262;660;602
"66102";37;29;3;26;25;1
"66103";324;274;10;264;151;113
"66104";641;530;53;477;312;165
"66105";256;218;10;208;162;46
"66106";2172;1762;114;1648;914;734
"66107";702;574;30;544;305;239
"66108";2818;2385;184;2201;1315;886
"66109";169;143;14;129;77;52
"66111";119;91;2;89;56;33
"66112";189;164;15;149;61;88
"66113";113;97;5;92;51;41
"66114";1270;1094;67;1027;538;489
"66115";895;772;36;736;337;399
"66116";165;136;16;120;81;39
"66117";172;141;9;132;33;99
"66118";218;182;19;163;92;71
"66119";279;223;15;208;142;66
"66120";67;57;5;52;33;19
"66121";877;751;51;700;371;329
"66122";77;59;4;55;42;13
"66123";110;92;7;85;74;11
"66124";1478;1217;81;1136;521;615
"66125";355;286;25;261;158;103
"66126";220;185;10;175;113;62
"66127";744;626;59;567;310;257
"66128";28;24;2;22;14;8
"66129";979;828;52;776;404;372
"66130";836;700;41;659;371;288
"66132";239;203;13;190;110;80
"66133";2152;1821;112;1709;880;829
"66134";471;392;24;368;231;137
"66136";67011;51458;3010;48448;24841;23607
"66137";477;371;22;349;162;187
"66138";1034;885;59;826;421;405
"66139";66;52;3;49;39;10
"66140";2460;2010;145;1865;893;972
"66141";5335;4315;333;3982;1944;2038
"66142";48;34;2;32;19;13
"66143";96;84;6;78;51;27
"66144";3426;2996;220;2776;1249;1527
"66145";1926;1674;128;1546;793;753
"66146";124;98;10;88;58;30
"66147";145;116;4;112;64;48
"66148";3356;2730;178;2552;1116;1436
"66149";4168;3456;254;3202;1767;1435
"66150";847;723;51;672;418;254
"66151";67;61;4;57;31;26
"66152";82;68;6;62;50;12
"66153";36;28;4;24;14;10
"66154";119;92;9;83;44;39
"66155";100;76;9;67;46;21
"66156";113;93;13;80;53;27
"66157";45;38;0;38;26;12
"66158";146;126;13;113;90;23
"66159";72;59;5;54;30;24
"66160";1077;872;57;815;430;385
"66161";998;862;69;793;461;332
"66162";371;323;34;289;124;165
"66164";6365;5228;368;4860;2664;2196
"66165";470;400;20;380;232;148
"66166";301;249;30;219;150;69
"66167";735;599;36;563;275;288
"66168";2556;2091;130;1961;952;1009
"66169";94;82;3;79;34;45
"66170";98;88;10;78;38;40
"66171";8721;7299;506;6793;2745;4048
"66172";8715;7397;540;6857;3346;3511
"66173";607;506;51;455;249;206
"66174";1741;1470;123;1347;664;683
"66175";2195;1820;123;1697;735;962
"66176";1950;1681;190;1491;687;804
"66177";760;692;63;629;333;296
"66178";1616;1339;121;1218;703;515
"66179";794;660;49;611;412;199
"66180";7468;6184;496;5688;2613;3075
"66181";110;93;7;86;40;46
"66182";3840;3250;243;3007;1347;1660
"66183";83;61;6;55;35;20
"66184";63;52;2;50;27;23
"66185";243;207;11;196;117;79
"66186";2006;1698;112;1586;771;815
"66187";1409;1147;83;1064;577;487
"66188";211;186;12;174;96;78
"66189";3649;3170;166;3004;1190;1814
"66190";2194;1985;230;1755;966;789
"66191";47;31;3;28;20;8
"66192";86;72;8;64;38;26
"66193";230;209;13;196;131;65
"66194";228;185;13;172;98;74
"66195";5375;4510;339;4171;1953;2218
"66196";2510;2058;105;1953;909;1044
"66197";35;31;1;30;20;10
"66198";351;287;19;268;139;129
"66199";93;70;6;64;44;20
"66201";50;43;3;40;26;14
"66202";142;123;5;118;57;61
"66203";50;38;6;32;23;9
"66204";256;209;12;197;142;55
"66205";729;605;49;556;292;264
"66206";70;66;6;60;42;18
"66207";504;438;28;410;229;181
"66208";1017;885;37;848;449;399
"66209";47;35;1;34;16;18
"66210";5898;4791;373;4418;2646;1772
"66211";142;121;8;113;80;33
"66212";2541;2153;173;1980;929;1051
"66213";4976;4242;284;3958;2103;1855
"66214";653;554;42;512;271;241
"66215";112;102;4;98;45;53
"66216";67;59;2;57;42;15
"66217";1289;1090;93;997;528;469
"66218";234;192;12;180;89;91
"66219";65;55;7;48;24;24
"66220";68;64;0;64;47;17
"66221";48;39;1;38;29;9
"66222";1196;1043;60;983;587;396
"66223";180;163;7;156;101;55
"66224";2206;1865;117;1748;819;929
"66225";1179;1011;80;931;527;404
"66226";812;699;65;634;310;324
"66227";3284;2718;193;2525;1245;1280
"66228";934;767;45;722;378;344
"66230";1524;1253;98;1155;641;514
"66231";469;371;31;340;234;106
"66232";38;36;0;36;10;26
"66233";134;113;14;99;48;51
"66234";99;87;8;79;50;29
"67001";1715;1456;96;1360;424;936
"67002";366;281;16;265;75;190
"67003";403;346;25;321;118;203
"67004";423;357;19;338;105;233
"67005";623;520;27;493;118;375
"67006";179;165;10;155;30;125
"67008";965;849;35;814;258;556
"67009";338;284;25;259;64;195
"67010";1264;1003;80;923;289;634
"67011";756;642;52;590;203;387
"67012";513;427;49;378;60;318
"67013";222;181;18;163;51;112
"67014";635;534;26;508;105;403
"67016";586;463;41;422;117;305
"67017";228;200;17;183;37;146
"67018";542;440;26;414;99;315
"67019";884;726;43;683;199;484
"67020";685;546;36;510;248;262
"67021";4512;3572;219;3353;1280;2073
"67022";205;163;20;143;62;81
"67023";734;657;28;629;139;490
"67025";1132;934;40;894;235;659
"67026";134;110;15;95;38;57
"67027";158;136;18;118;45;73
"67028";3437;2737;165;2572;919;1653
"67029";345;284;20;264;72;192
"67030";535;463;23;440;115;325
"67031";1122;959;49;910;247;663
"67032";171;146;8;138;30;108
"67033";463;398;16;382;105;277
"67034";1833;1590;86;1504;491;1013
"67035";352;295;17;278;58;220
"67036";271;229;32;197;75;122
"67037";299;235;20;215;71;144
"67038";216;198;8;190;50;140
"67039";334;302;11;291;77;214
"67040";730;644;45;599;162;437
"67041";241;213;21;192;58;134
"67043";9367;7177;388;6789;3416;3373
"67044";220;183;9;174;61;113
"67045";2606;2174;136;2038;537;1501
"67046";6748;5100;295;4805;1954;2851
"67047";129;102;8;94;22;72
"67048";339;301;19;282;58;224
"67049";1044;876;49;827;208;619
"67050";53;42;2;40;18;22
"67051";294;253;14;239;30;209
"67052";1828;1556;92;1464;455;1009
"67053";259;222;16;206;47;159
"67054";355;293;14;279;71;208
"67055";967;765;45;720;178;542
"67056";408;350;18;332;115;217
"67057";135;121;7;114;24;90
"67058";273;259;13;246;64;182
"67059";353;285;21;264;125;139
"67060";377;323;15;308;118;190
"67061";2756;2179;172;2007;621;1386
"67062";239;212;20;192;63;129
"67063";605;473;18;455;153;302
"67065";991;835;38;797;213;584
"67066";2164;1737;131;1606;675;931
"67067";7070;5707;346;5361;1774;3587
"67068";169;147;11;136;29;107
"67069";352;302;34;268;56;212
"67070";270;212;10;202;47;155
"67071";351;300;32;268;70;198
"67072";556;470;37;433;103;330
"67073";3187;2407;158;2249;774;1475
"67074";550;458;25;433;85;348
"67075";339;279;22;257;77;180
"67076";389;316;31;285;106;179
"67077";474;412;20;392;129;263
"67078";167;147;13;134;45;89
"67079";107;94;2;92;7;85
"67080";1316;1038;62;976;341;635
"67081";542;465;26;439;101;338
"67082";763;640;30;610;123;487
"67083";631;499;29;470;125;345
"67084";1563;1278;74;1204;352;852
"67085";547;470;36;434;129;305
"67086";311;262;14;248;56;192
"67087";1084;944;63;881;187;694
"67088";316;258;12;246;24;222
"67089";2020;1659;142;1517;453;1064
"67090";503;424;27;397;122;275
"67091";281;224;6;218;74;144
"67092";517;459;35;424;139;285
"67093";285;234;25;209;61;148
"67094";246;188;17;171;61;110
"67095";1218;975;67;908;252;656
"67096";261;214;17;197;53;144
"67097";996;898;40;858;277;581
"67098";1085;897;69;828;274;554
"67099";228;182;10;172;41;131
"67100";208;195;8;187;68;119
"67101";1902;1553;81;1472;419;1053
"67102";193;171;7;164;46;118
"67103";956;754;61;693;226;467
"67104";617;480;40;440;114;326
"67105";1001;804;59;745;216;529
"67106";4000;3183;201;2982;788;2194
"67107";472;406;19;387;127;260
"67108";1260;1039;61;978;282;696
"67109";527;448;19;429;130;299
"67110";840;700;52;648;143;505
"67111";340;296;41;255;74;181
"67112";2242;1875;117;1758;527;1231
"67113";296;269;34;235;46;189
"67115";1758;1442;103;1339;429;910
"67116";408;352;22;330;108;222
"67117";366;293;18;275;109;166
"67118";4534;3748;179;3569;1327;2242
"67119";1181;992;44;948;282;666
"67120";398;335;20;315;78;237
"67121";611;531;32;499;133;366
"67122";1076;893;76;817;213;604
"67123";398;341;24;317;60;257
"67124";1508;1273;47;1226;423;803
"67125";1662;1410;93;1317;355;962
"67126";229;194;13;181;55;126
"67127";938;790;44;746;206;540
"67128";1380;1187;60;1127;361;766
"67129";500;411;29;382;115;267
"67130";7605;5805;343;5462;2028;3434
"67131";3570;3067;191;2876;924;1952
"67132";851;699;41;658;175;483
"67133";384;325;32;293;100;193
"67134";148;132;19;113;27;86
"67135";655;564;40;524;141;383
"67136";201;180;19;161;27;134
"67137";4185;3356;171;3185;999;2186
"67138";394;340;17;323;90;233
"67139";397;339;29;310;90;220
"67140";480;397;26;371;73;298
"67141";515;402;22;380;66;314
"67142";174;149;9;140;32;108
"67143";559;471;20;451;178;273
"67144";271;238;27;211;75;136
"67145";197;176;16;160;31;129
"67146";524;440;31;409;105;304
"67147";439;346;25;321;79;242
"67148";170;131;13;118;38;80
"67149";372;295;18;277;74;203
"67150";860;720;34;686;198;488
"67151";3563;2854;163;2691;792;1899
"67152";5364;4415;219;4196;1432;2764
"67153";182;154;15;139;27;112
"67154";2380;2013;129;1884;595;1289
"67155";842;680;49;631;199;432
"67156";1910;1601;104;1497;404;1093
"67158";243;217;15;202;45;157
"67159";175;138;13;125;39;86
"67160";882;694;70;624;178;446
"67161";330;275;13;262;86;176
"67162";268;229;5;224;58;166
"67163";438;385;23;362;101;261
"67164";667;545;36;509;148;361
"67165";341;285;27;258;110;148
"67166";178;159;8;151;31;120
"67167";1000;820;65;755;195;560
"67168";1263;1048;76;972;332;640
"67169";2256;1834;92;1742;464;1278
"67172";1579;1364;83;1281;385;896
"67173";965;855;44;811;289;522
"67174";989;769;56;713;241;472
"67176";2688;2116;181;1935;654;1281
"67177";543;450;37;413;89;324
"67178";218;183;22;161;41;120
"67179";545;448;32;416;126;290
"67180";22225;17441;907;16534;5530;11004
"67181";256;228;12;216;55;161
"67182";1105;950;50;900;257;643
"67183";687;560;50;510;138;372
"67184";1353;1076;95;981;235;746
"67185";552;435;31;404;102;302
"67186";287;254;27;227;73;154
"67187";343;288;13;275;66;209
"67188";522;434;40;394;113;281
"67189";683;597;55;542;144;398
"67190";150;134;16;118;28;90
"67191";1600;1257;116;1141;363;778
"67192";713;628;48;580;160;420
"67194";3971;3228;242;2986;784;2202
"67195";396;342;22;320;85;235
"67196";1984;1510;119;1391;432;959
"67197";1133;979;37;942;267;675
"67198";109;90;6;84;18;66
"67199";74;52;3;49;13;36
"67200";705;596;32;564;178;386
"67201";248;185;13;172;54;118
"67202";2469;2056;111;1945;493;1452
"67203";259;227;12;215;72;143
"67204";7595;6158;313;5845;2402;3443
"67205";3286;2722;149;2573;634;1939
"67206";883;710;38;672;155;517
"67207";160;142;6;136;24;112
"67208";416;359;15;344;81;263
"67209";219;180;6;174;51;123
"67210";413;321;17;304;101;203
"67212";2519;2044;91;1953;558;1395
"67213";555;435;22;413;97;316
"67214";401;364;16;348;78;270
"67215";394;340;19;321;45;276
"67216";2028;1534;111;1423;427;996
"67217";210;189;16;173;48;125
"67218";17843;13654;655;12999;5288;7711
"67220";246;206;14;192;44;148
"67221";203;161;13;148;39;109
"67222";2996;2313;136;2177;733;1444
"67223";893;758;55;703;188;515
"67225";83;76;5;71;16;55
"67226";1575;1350;63;1287;385;902
"67227";201;179;12;167;23;144
"67228";579;521;27;494;139;355
"67229";164;136;6;130;23;107
"67230";1694;1285;57;1228;327;901
"67231";139;115;4;111;22;89
"67232";175;154;12;142;36;106
"67233";1056;852;56;796;218;578
"67234";1248;1025;62;963;322;641
"67235";277;245;16;229;47;182
"67236";495;426;19;407;125;282
"67237";1897;1604;81;1523;439;1084
"67238";484;406;24;382;75;307
"67239";1319;1114;44;1070;349;721
"67240";533;457;19;438;120;318
"67241";163;127;12;115;28;87
"67242";413;344;27;317;107;210
"67244";106;101;6;95;23;72
"67245";162;142;8;134;36;98
"67246";869;685;47;638;203;435
"67247";626;528;33;495;174;321
"67248";1380;1202;58;1144;299;845
"67249";151;130;3;127;29;98
"67250";551;483;24;459;141;318
"67252";808;661;44;617;195;422
"67253";525;469;25;444;129;315
"67254";694;554;35;519;148;371
"67255";367;294;16;278;103;175
"67256";2489;2093;84;2009;582;1427
"67257";574;485;34;451;132;319
"67258";149;135;10;125;40;85
"67259";737;570;53;517;153;364
"67260";251;228;18;210;38;172
"67261";1395;1053;53;1000;372;628
"67263";1220;1023;69;954;263;691
"67264";551;472;30;442;114;328
"67265";459;370;21;349;81;268
"67266";542;455;32;423;128;295
"67267";12025;8733;430;8303;3437;4866
"67268";2073;1694;112;1582;502;1080
"67269";195;174;8;166;29;137
"67270";265;239;18;221;64;157
"67271";430;365;41;324;111;213
"67272";362;305;27;278;86;192
"67273";433;336;26;310;93;217
"67274";195;149;14;135;53;82
"67275";650;543;30;513;154;359
"67276";1343;1089;74;1015;343;672
"67277";545;448;37;411;116;295
"67278";512;398;26;372;75;297
"67279";169;156;3;153;24;129
"67280";655;529;39;490;124;366
"67281";2811;2184;140;2044;724;1320
"67282";3060;2472;136;2336;657;1679
"67283";2061;1638;104;1534;509;1025
"67285";1172;954;63;891;260;631
"67286";1223;988;61;927;195;732
"67287";437;348;19;329;89;240
"67288";261;215;16;199;51;148
"67289";473;399;28;371;94;277
"67290";699;557;38;519;150;369
"67291";2629;2006;152;1854;501;1353
"67292";491;407;28;379;74;305
"67293";503;437;20;417;99;318
"67295";583;456;27;429;121;308
"67296";1472;1229;53;1176;358;818
"67297";430;378;23;355;117;238
"67298";376;329;16;313;69;244
"67299";685;572;40;532;174;358
"67300";6331;5064;292;4772;1892;2880
"67301";1397;1197;61;1136;295;841
"67302";1503;1168;91;1077;430;647
"67303";454;380;23;357;117;240
"67304";445;381;20;361;90;271
"67305";1377;1136;82;1054;267;787
"67306";527;434;22;412;111;301
"67307";342;302;27;275;61;214
"67308";487;423;19;404;79;325
"67309";4033;3369;186;3183;1212;1971
"67310";958;819;69;750;215;535
"67311";1563;1251;96;1155;435;720
"67312";335;305;19;286;61;225
"67313";3732;2757;183;2574;1014;1560
"67314";492;391;35;356;191;165
"67315";422;345;15;330;60;270
"67317";528;447;36;411;185;226
"67319";253;211;20;191;27;164
"67320";557;476;24;452;151;301
"67321";307;249;14;235;112;123
"67322";893;714;37;677;265;412
"67324";3252;2499;207;2292;782;1510
"67325";1018;861;59;802;227;575
"67326";1125;972;48;924;344;580
"67327";615;534;25;509;109;400
"67328";643;512;28;484;142;342
"67329";934;780;38;742;173;569
"67330";647;544;42;502;94;408
"67331";1041;897;65;832;175;657
"67333";192;160;9;151;45;106
"67334";131;102;3;99;29;70
"67335";679;565;21;544;141;403
"67336";1347;1116;57;1059;282;777
"67337";394;344;17;327;72;255
"67338";1071;889;54;835;218;617
"67339";2842;2224;207;2017;578;1439
"67340";1165;901;57;844;245;599
"67341";324;264;26;238;83;155
"67342";1352;1127;60;1067;258;809
"67343";3202;2720;143;2577;897;1680
"67344";233;201;20;181;43;138
"67345";2549;2039;122;1917;510;1407
"67346";367;322;37;285;71;214
"67347";1346;1062;75;987;299;688
"67348";7951;6196;300;5896;2065;3831
"67349";358;316;26;290;52;238
"67350";1797;1491;87;1404;460;944
"67351";1354;1120;61;1059;225;834
"67352";334;291;24;267;52;215
"67353";181;157;12;145;62;83
"67354";339;301;21;280;80;200
"67355";854;745;64;681;152;529
"67356";1779;1439;87;1352;345;1007
"67358";714;585;54;531;114;417
"67359";1107;941;50;891;178;713
"67360";747;621;47;574;159;415
"67361";376;333;22;311;93;218
"67362";509;435;23;412;123;289
"67363";631;564;26;538;156;382
"67364";802;636;34;602;143;459
"67365";7758;6262;367;5895;2319;3576
"67366";599;518;42;476;163;313
"67367";1085;929;49;880;316;564
"67368";1349;1143;53;1090;294;796
"67369";198;163;13;150;44;106
"67370";544;426;43;383;103;280
"67371";486;362;23;339;102;237
"67372";1913;1465;90;1375;385;990
"67373";250;204;13;191;60;131
"67374";614;567;34;533;154;379
"67375";993;864;37;827;296;531
"67377";818;658;59;599;263;336
"67378";3136;2651;136;2515;844;1671
"67379";729;573;39;534;151;383
"67380";184;149;14;135;38;97
"67381";279;212;19;193;40;153
"67382";626;516;28;488;150;338
"67383";154;126;6;120;24;96
"67384";334;269;16;253;92;161
"67385";228;190;13;177;50;127
"67386";167;151;17;134;31;103
"67387";224;197;8;189;68;121
"67388";3913;3113;207;2906;960;1946
"67389";3444;2888;167;2721;918;1803
"67391";378;313;14;299;91;208
"67392";826;645;46;599;183;416
"67394";233;196;13;183;47;136
"67395";303;258;12;246;63;183
"67396";170;145;16;129;42;87
"67397";2058;1688;95;1593;427;1166
"67398";265;208;16;192;45;147
"67400";828;665;26;639;114;525
"67401";262;222;30;192;46;146
"67402";79;75;5;70;11;59
"67403";338;278;20;258;69;189
"67404";721;567;37;530;128;402
"67405";1574;1310;64;1246;276;970
"67406";214;193;12;181;68;113
"67407";1382;1105;63;1042;268;774
"67408";1090;910;51;859;277;582
"67409";626;478;38;440;104;336
"67410";571;512;31;481;133;348
"67411";3803;3116;193;2923;861;2062
"67412";700;605;35;570;180;390
"67413";481;380;33;347;136;211
"67414";1181;865;71;794;362;432
"67415";403;312;20;292;83;209
"67416";388;324;22;302;77;225
"67417";290;252;13;239;55;184
"67418";748;640;41;599;140;459
"67420";1093;863;73;790;317;473
"67421";571;463;33;430;228;202
"67422";464;378;28;350;87;263
"67423";443;385;14;371;94;277
"67424";192;149;11;138;47;91
"67425";499;430;13;417;164;253
"67426";277;217;8;209;74;135
"67427";324;279;28;251;100;151
"67428";427;363;30;333;97;236
"67429";451;379;19;360;86;274
"67430";610;524;45;479;176;303
"67431";174;154;8;146;52;94
"67432";483;419;27;392;74;318
"67433";916;776;35;741;230;511
"67434";2140;1579;96;1483;454;1029
"67435";757;613;57;556;132;424
"67436";386;330;37;293;117;176
"67437";7675;5960;289;5671;2168;3503
"67438";673;589;30;559;142;417
"67439";323;272;17;255;80;175
"67440";454;361;18;343;69;274
"67441";243;192;12;180;62;118
"67442";897;780;54;726;211;515
"67443";465;377;20;357;85;272
"67444";105;93;8;85;20;65
"67445";2449;2048;128;1920;599;1321
"67446";380;311;24;287;103;184
"67447";17487;12816;601;12215;6616;5599
"67448";1575;1193;81;1112;492;620
"67449";1778;1432;99;1333;303;1030
"67450";542;439;19;420;119;301
"67451";1194;994;51;943;134;809
"67452";1049;920;33;887;207;680
"67453";456;374;19;355;111;244
"67454";344;308;26;282;68;214
"67455";542;443;34;409;122;287
"67456";315;252;23;229;47;182
"67458";3514;2897;197;2700;740;1960
"67459";595;517;39;478;102;376
"67460";1253;1073;64;1009;285;724
"67461";213;185;11;174;35;139
"67462";12703;10187;596;9591;4194;5397
"67463";2036;1673;111;1562;412;1150
"67464";673;587;41;546;129;417
"67465";1619;1329;84;1245;316;929
"67466";328;274;21;253;56;197
"67467";347;290;17;273;52;221
"67468";503;409;32;377;128;249
"67469";311;264;22;242;77;165
"67470";105;78;4;74;36;38
"67471";5277;4426;218;4208;1551;2657
"67472";3517;2706;186;2520;746;1774
"67473";743;600;44;556;201;355
"67474";2234;1822;124;1698;463;1235
"67475";195;159;11;148;60;88
"67476";505;397;36;361;96;265
"67477";497;413;25;388;100;288
"67478";1634;1328;75;1253;334;919
"67479";509;409;22;387;74;313
"67480";1345;1108;65;1043;308;735
"67481";846;709;31;678;150;528
"67482";142324;109256;4220;105036;57452;47584
"67483";206;168;15;153;53;100
"67484";358;283;13;270;55;215
"67485";1161;1034;71;963;320;643
"67486";1198;995;59;936;222;714
"67487";1283;1012;71;941;239;702
"67488";152;118;14;104;16;88
"67489";635;539;26;513;158;355
"67490";496;426;34;392;162;230
"67491";273;199;16;183;55;128
"67492";556;462;28;434;135;299
"67493";373;330;26;304;111;193
"67494";348;300;14;286;57;229
"67495";2441;2096;100;1996;581;1415
"67496";957;825;39;786;177;609
"67497";572;479;26;453;113;340
"67498";591;461;26;435;122;313
"67499";270;230;19;211;75;136
"67500";1178;958;56;902;273;629
"67501";441;372;18;354;119;235
"67502";166;139;14;125;48;77
"67503";143;122;8;114;44;70
"67504";993;823;39;784;159;625
"67505";355;290;19;271;105;166
"67506";4527;3561;209;3352;1263;2089
"67507";1418;1092;73;1019;348;671
"67508";346;275;19;256;47;209
"67509";280;212;27;185;73;112
"67510";344;298;17;281;92;189
"67511";685;584;54;530;154;376
"67512";827;652;38;614;180;434
"67513";115;93;2;91;30;61
"67514";517;428;29;399;85;314
"67515";441;393;34;359;91;268
"67516";553;473;37;436;136;300
"67517";527;464;30;434;125;309
"67519";4487;3747;183;3564;994;2570
"67520";4029;3177;200;2977;924;2053
"67521";380;314;28;286;82;204
"67522";466;366;15;351;85;266
"67523";2345;1905;146;1759;451;1308
"67524";495;379;29;350;123;227
"67525";1304;1095;43;1052;265;787
"67526";1278;1075;77;998;280;718
"67527";207;173;9;164;35;129
"67528";425;361;36;325;101;224
"67529";2643;2169;131;2038;565;1473
"67530";356;311;13;298;59;239
"67531";270;221;20;201;98;103
"67532";728;629;40;589;160;429
"67534";575;497;33;464;120;344
"67535";895;776;55;721;206;515
"67536";157;123;12;111;36;75
"67537";387;331;28;303;106;197
"67538";1212;990;71;919;320;599
"67539";880;790;34;756;163;593
"67540";608;521;22;499;90;409
"67541";344;285;18;267;58;209
"67542";265;230;11;219;64;155
"67543";1559;1287;87;1200;474;726
"67544";5636;4152;214;3938;1410;2528
"67545";398;337;31;306;69;237
"67546";486;421;26;395;85;310
"67547";1602;1286;71;1215;375;840
"67548";653;601;23;578;120;458
"67550";1395;1102;87;1015;306;709
"67551";2893;2389;120;2269;816;1453
"67552";278;220;27;193;66;127
"67553";260;220;10;210;40;170
"67554";746;646;26;620;161;459
"67555";199;155;10;145;29;116
"67556";150;128;9;119;36;83
"67557";542;464;11;453;119;334
"67558";636;506;39;467;149;318
"67559";213;171;13;158;56;102
"67560";147;115;10;105;28;77
"68001";599;502;40;462;134;328
"68002";294;243;15;228;66;162
"68004";3833;3116;173;2943;1222;1721
"68005";1388;1175;70;1105;365;740
"68006";317;287;25;262;68;194
"68007";1792;1535;100;1435;466;969
"68008";430;372;13;359;117;242
"68009";580;497;44;453;135;318
"68010";832;701;38;663;202;461
"68011";1025;853;64;789;265;524
"68012";1119;970;56;914;290;624
"68013";648;578;24;554;69;485
"68014";262;218;18;200;95;105
"68015";2117;1768;104;1664;568;1096
"68016";655;565;46;519;150;369
"68017";658;556;41;515;156;359
"68018";643;545;31;514;135;379
"68019";399;342;33;309;112;197
"68020";1186;978;63;915;295;620
"68021";2471;2032;108;1924;389;1535
"68022";1143;981;74;907;279;628
"68023";755;617;31;586;159;427
"68024";96;78;7;71;31;40
"68025";167;131;1;130;30;100
"68026";988;846;49;797;195;602
"68027";261;216;16;200;40;160
"68028";1508;1257;97;1160;330;830
"68029";830;717;49;668;263;405
"68030";339;288;13;275;90;185
"68031";533;456;32;424;99;325
"68032";953;847;45;802;218;584
"68033";404;346;21;325;70;255
"68034";246;212;3;209;33;176
"68035";207;164;6;158;48;110
"68036";1724;1401;101;1300;470;830
"68037";290;245;31;214;74;140
"68038";778;638;44;594;198;396
"68039";477;378;14;364;81;283
"68040";1433;1159;63;1096;451;645
"68041";1368;1120;76;1044;272;772
"68042";2894;2336;97;2239;481;1758
"68043";2899;2232;172;2060;880;1180
"68044";625;512;41;471;171;300
"68045";469;391;23;368;127;241
"68046";350;294;18;276;136;140
"68049";333;273;19;254;55;199
"68050";364;300;17;283;94;189
"68051";704;549;36;513;159;354
"68052";140;119;7;112;33;79
"68054";277;250;14;236;42;194
"68055";834;734;39;695;193;502
"68056";4608;3658;201;3457;1133;2324
"68057";191;170;13;157;52;105
"68058";2527;1878;120;1758;687;1071
"68059";1361;1118;58;1060;341;719
"68060";1296;1107;60;1047;365;682
"68061";683;559;41;518;107;411
"68062";1499;1254;70;1184;375;809
"68063";7665;6001;360;5641;2422;3219
"68064";695;599;44;555;187;368
"68065";466;375;28;347;154;193
"68066";41857;30981;1737;29244;12906;16338
"68067";292;241;19;222;38;184
"68068";1382;1161;73;1088;353;735
"68069";903;789;72;717;194;523
"68070";1277;1065;62;1003;360;643
"68071";212;173;21;152;53;99
"68072";1087;931;60;871;253;618
"68073";349;311;24;287;120;167
"68074";379;332;24;308;56;252
"68075";645;540;27;513;149;364
"68076";644;569;45;524;120;404
"68077";285;234;17;217;64;153
"68078";1311;1147;40;1107;344;763
"68079";229;197;7;190;68;122
"68080";238;198;10;188;68;120
"68081";416;372;23;349;68;281
"68082";5554;4293;308;3985;1539;2446
"68083";316;264;14;250;96;154
"68084";1161;990;53;937;296;641
"68085";294;235;20;215;74;141
"68086";154;129;9;120;30;90
"68087";382;327;18;309;73;236
"68088";749;644;37;607;226;381
"68089";1305;1105;81;1024;298;726
"68090";518;400;24;376;146;230
"68091";1630;1410;107;1303;408;895
"68092";343;303;16;287;59;228
"68093";1249;1043;54;989;306;683
"68094";590;512;28;484;106;378
"68095";928;765;47;718;261;457
"68096";268;235;9;226;24;202
"68097";1104;912;86;826;335;491
"68098";491;424;36;388;108;280
"68099";575;484;29;455;154;301
"68100";290;251;25;226;53;173
"68101";569;495;28;467;131;336
"68102";407;341;35;306;120;186
"68103";364;313;23;290;47;243
"68104";224;190;7;183;48;135
"68105";251;211;9;202;59;143
"68106";248;208;21;187;62;125
"68107";309;260;21;239;46;193
"68108";407;338;16;322;65;257
"68109";585;508;44;464;170;294
"68110";687;608;48;560;118;442
"68111";696;600;27;573;145;428
"68112";7762;5805;404;5401;2492;2909
"68113";1103;903;58;845;201;644
"68114";125;107;8;99;31;68
"68115";1123;939;60;879;271;608
"68116";595;500;33;467;200;267
"68117";715;599;56;543;198;345
"68118";3739;3024;197;2827;884;1943
"68119";537;457;43;414;143;271
"68120";772;649;30;619;113;506
"68121";453;388;14;374;56;318
"68122";488;409;28;381;143;238
"68123";651;535;35;500;171;329
"68124";348;292;20;272;63;209
"68125";383;284;18;266;88;178
"68126";1959;1599;75;1524;334;1190
"68127";547;544;120;424;144;280
"68128";481;389;30;359;113;246
"68129";1108;948;55;893;271;622
"68130";706;570;43;527;161;366
"68131";152;129;7;122;34;88
"68132";554;480;25;455;78;377
"68133";163;144;7;137;31;106
"68134";1468;1243;69;1174;428;746
"68135";1582;1327;53;1274;278;996
"68136";279;243;12;231;54;177
"68137";458;382;29;353;110;243
"68138";1532;1240;74;1166;347;819
"68139";1059;871;59;812;247;565
"68140";906;765;56;709;187;522
"68141";1633;1391;99;1292;443;849
"68142";271;226;20;206;74;132
"68143";1079;919;55;864;265;599
"68144";816;693;49;644;263;381
"68145";4058;3415;222;3193;1112;2081
"68146";1403;1214;87;1127;305;822
"68147";461;393;16;377;97;280
"68148";244;207;14;193;37;156
"68149";4039;3114;184;2930;1190;1740
"68150";388;337;22;315;71;244
"68151";780;651;47;604;260;344
"68152";1899;1586;88;1498;426;1072
"68153";546;476;31;445;96;349
"68154";9612;7472;456;7016;3243;3773
"68155";3334;2743;176;2567;964;1603
"68156";2342;1921;132;1789;649;1140
"68157";923;789;56;733;189;544
"68158";380;321;14;307;46;261
"68159";693;576;37;539;221;318
"68160";422;374;12;362;68;294
"68161";441;400;26;374;102;272
"68162";2131;1736;112;1624;577;1047
"68163";3378;2677;166;2511;719;1792
"68164";628;511;40;471;138;333
"68165";165;135;4;131;20;111
"68166";10210;7856;510;7346;3057;4289
"68167";654;539;35;504;136;368
"68168";251;219;12;207;45;162
"68169";361;314;13;301;66;235
"68170";456;408;26;382;114;268
"68171";805;676;45;631;178;453
"68172";1145;996;69;927;319;608
"68173";1712;1439;98;1341;460;881
"68174";1278;1068;85;983;334;649
"68175";1528;1257;108;1149;531;618
"68176";227;196;12;184;52;132
"68177";1288;1008;86;922;398;524
"68178";810;668;64;604;210;394
"68179";722;600;40;560;181;379
"68180";706;609;48;561;192;369
"68181";222;182;5;177;40;137
"68182";590;484;20;464;78;386
"68183";121;102;4;98;16;82
"68184";234;187;18;169;29;140
"68185";1344;1082;89;993;435;558
"68186";254;218;9;209;33;176
"68187";247;216;5;211;30;181
"68188";489;420;25;395;172;223
"68189";616;548;36;512;150;362
"68190";37;32;0;32;4;28
"68191";628;534;50;484;143;341
"68192";284;222;24;198;74;124
"68193";639;520;50;470;173;297
"68194";189;160;10;150;26;124
"68195";4649;3574;234;3340;1364;1976
"68196";201;155;15;140;42;98
"68197";335;306;16;290;63;227
"68198";206;165;5;160;20;140
"68199";402;310;22;288;119;169
"68200";429;347;28;319;111;208
"68201";2463;1955;124;1831;683;1148
"68202";182;156;11;145;34;111
"68203";1044;903;78;825;321;504
"68204";875;723;50;673;201;472
"68205";778;681;53;628;210;418
"68206";277;226;20;206;50;156
"68207";588;505;33;472;106;366
"68208";426;367;17;350;56;294
"68209";670;566;34;532;142;390
"68210";288;226;17;209;65;144
"68211";319;269;18;251;56;195
"68212";439;392;13;379;60;319
"68213";342;272;17;255;110;145
"68214";243;212;19;193;62;131
"68215";685;566;37;529;212;317
"68216";296;259;11;248;57;191
"68217";1345;1084;93;991;290;701
"68218";2646;2185;147;2038;757;1281
"68219";267;238;23;215;73;142
"68221";645;541;31;510;74;436
"68222";726;605;25;580;102;478
"68223";623;527;40;487;145;342
"68224";53775;39004;2337;36667;19176;17491
"68225";1225;1044;77;967;350;617
"68226";3379;2627;201;2426;866;1560
"68227";892;758;56;702;219;483
"68228";366;328;30;298;90;208
"68229";117;105;8;97;48;49
"68230";401;337;23;314;128;186
"68231";1158;894;55;839;332;507
"68232";348;290;7;283;40;243
"68233";356;299;29;270;110;160
"68234";381;318;33;285;83;202
"68235";789;683;70;613;214;399
"68237";492;417;31;386;95;291
"68238";622;550;35;515;116;399
"68239";347;285;19;266;91;175
"68240";415;363;11;352;66;286
"68241";456;384;25;359;120;239
"68242";959;809;79;730;269;461
"68243";111;94;10;84;15;69
"68244";300;246;23;223;67;156
"68245";342;300;12;288;82;206
"68246";684;572;43;529;148;381
"68247";961;785;70;715;224;491
"68248";525;449;21;428;79;349
"68249";2742;2294;161;2133;797;1336
"68250";824;700;40;660;175;485
"68251";749;633;53;580;191;389
"68252";1246;1023;55;968;251;717
"68253";1438;1133;87;1046;415;631
"68254";575;481;32;449;118;331
"68255";1027;868;63;805;221;584
"68256";6783;5316;308;5008;1964;3044
"68257";739;630;37;593;184;409
"68258";2394;1922;136;1786;688;1098
"68259";355;312;16;296;27;269
"68260";944;791;47;744;204;540
"68261";200;164;7;157;58;99
"68262";675;549;31;518;167;351
"68263";516;454;15;439;57;382
"68264";390;349;12;337;45;292
"68265";617;503;22;481;100;381
"68266";1378;1138;85;1053;379;674
"68267";1479;1257;74;1183;371;812
"68268";472;399;33;366;147;219
"68269";3569;2910;177;2733;835;1898
"68270";2790;2289;164;2125;786;1339
"68271";9217;7228;457;6771;2426;4345
"68272";321;295;25;270;67;203
"68273";509;454;17;437;96;341
"68274";122;83;5;78;28;50
"68275";409;334;36;298;100;198
"68276";160;133;12;121;51;70
"68277";874;721;37;684;183;501
"68278";10045;7930;496;7434;2701;4733
"68279";739;631;47;584;224;360
"68280";256;235;20;215;42;173
"68281";349;321;28;293;115;178
"68282";169;146;11;135;53;82
"68283";687;551;51;500;202;298
"68284";505;425;21;404;96;308
"68285";333;289;19;270;83;187
"68286";1508;1241;62;1179;304;875
"68287";2995;2449;179;2270;861;1409
"68288";278;245;10;235;50;185
"68289";1939;1645;140;1505;560;945
"68290";608;500;49;451;151;300
"68291";801;687;36;651;133;518
"68292";1834;1447;108;1339;455;884
"68293";76;65;6;59;13;46
"68294";1469;1127;89;1038;421;617
"68295";2086;1756;105;1651;466;1185
"68296";840;688;41;647;172;475
"68297";10975;8181;442;7739;3138;4601
"68298";3338;2605;175;2430;1145;1285
"68299";238;194;11;183;59;124
"68300";4098;3486;245;3241;1120;2121
"68301";923;806;40;766;228;538
"68302";625;535;42;493;162;331
"68303";205;181;9;172;47;125
"68304";1078;913;59;854;324;530
"68305";801;648;48;600;222;378
"68306";329;278;13;265;117;148
"68307";484;400;32;368;102;266
"68308";285;248;15;233;60;173
"68309";2041;1695;92;1603;405;1198
"68310";964;818;53;765;221;544
"68311";556;449;34;415;127;288
"68312";286;227;5;222;44;178
"68313";591;508;49;459;132;327
"68314";485;408;31;377;138;239
"68315";4752;3886;241;3645;1562;2083
"68316";549;471;41;430;126;304
"68317";978;815;68;747;228;519
"68318";1681;1406;103;1303;425;878
"68319";563;497;38;459;130;329
"68320";492;432;27;405;109;296
"68321";2932;2280;160;2120;946;1174
"68322";1144;940;54;886;304;582
"68323";574;472;28;444;92;352
"68324";473;403;12;391;111;280
"68325";555;485;25;460;87;373
"68326";121;109;7;102;38;64
"68327";262;230;14;216;47;169
"68328";212;176;17;159;48;111
"68329";1083;882;81;801;235;566
"68330";255;221;15;206;57;149
"68331";1565;1370;91;1279;438;841
"68332";579;491;33;458;151;307
"68333";244;202;12;190;48;142
"68334";5360;4266;269;3997;1718;2279
"68335";384;332;20;312;115;197
"68336";380;321;21;300;62;238
"68337";412;362;30;332;92;240
"68338";2949;2435;185;2250;763;1487
"68340";269;236;17;219;62;157
"68341";726;639;28;611;180;431
"68342";1228;1026;82;944;321;623
"68343";1702;1334;116;1218;389;829
"68344";361;294;24;270;70;200
"68345";516;467;26;441;133;308
"68347";473;388;23;365;114;251
"68348";2147;1690;122;1568;669;899
"68349";2597;2134;102;2032;539;1493
"68350";464;393;20;373;109;264
"68351";406;328;24;304;88;216
"68352";1500;1123;70;1053;378;675
"68353";335;284;17;267;56;211
"68354";802;691;42;649;288;361
"68355";1088;840;38;802;174;628
"68356";720;607;38;569;148;421
"68357";415;360;16;344;92;252
"68358";392;335;34;301;105;196
"68359";1385;1182;75;1107;386;721
"68360";379;327;24;303;96;207
"68361";297;248;20;228;68;160
"68362";476;400;23;377;93;284
"68363";424;370;18;352;85;267
"68364";784;640;51;589;120;469
"68365";1429;1216;74;1142;273;869
"68366";617;524;31;493;153;340
"68367";892;752;43;709;247;462
"68368";1071;912;77;835;286;549
"68370";143;122;10;112;46;66
"68371";271;234;11;223;53;170
"68372";1498;1153;109;1044;354;690
"68373";259;211;10;201;41;160
"68374";5716;4599;307;4292;1594;2698
"68375";8171;6402;451;5951;2485;3466
"68376";10227;7951;556;7395;3333;4062
"68377";629;534;44;490;159;331
"68378";240;208;19;189;53;136
"68379";761;659;48;611;153;458
"68380";335;288;16;272;50;222
"68381";670;580;35;545;183;362
"68382";255;213;14;199;39;160
"68383";327;269;9;260;63;197
"68384";2209;1862;120;1742;566;1176
"68385";751;648;35;613;194;419
"68386";953;810;42;768;204;564
"69001";250;224;17;207;58;149
"69002";224;181;19;162;33;129
"69003";1583;1320;62;1258;507;751
"69004";417;359;27;332;146;186
"69005";389;330;20;310;92;218
"69006";3664;2943;183;2760;1144;1616
"69007";1917;1636;92;1544;577;967
"69008";444;400;22;378;135;243
"69009";4004;3412;176;3236;1462;1774
"69010";3858;3126;165;2961;1578;1383
"69012";470;424;23;401;148;253
"69013";2379;2020;100;1920;750;1170
"69014";781;691;50;641;262;379
"69015";97;85;4;81;39;42
"69016";122;104;4;100;28;72
"69017";568;485;24;461;204;257
"69018";1220;977;46;931;310;621
"69019";4515;3554;195;3359;1484;1875
"69020";463;412;31;381;192;189
"69021";1544;1320;72;1248;554;694
"69022";348;303;12;291;107;184
"69023";1002;869;64;805;213;592
"69024";1656;1428;73;1355;607;748
"69025";1762;1360;94;1266;567;699
"69026";306;270;14;256;85;171
"69027";8291;6706;335;6371;2970;3401
"69028";3969;3461;156;3305;1219;2086
"69029";22320;17812;827;16985;9052;7933
"69030";605;539;32;507;174;333
"69031";758;677;53;624;235;389
"69032";1475;1236;54;1182;442;740
"69033";1811;1597;64;1533;520;1013
"69034";28462;23542;936;22606;9993;12613
"69035";302;259;7;252;107;145
"69036";743;627;42;585;212;373
"69037";552;449;18;431;169;262
"69038";637;535;25;510;182;328
"69039";510;419;35;384;164;220
"69040";3732;3194;148;3046;1120;1926
"69041";181;170;11;159;55;104
"69042";395;372;21;351;113;238
"69043";6097;5185;252;4933;2035;2898
"69044";3875;3415;118;3297;831;2466
"69045";824;711;50;661;237;424
"69046";3436;3036;132;2904;1069;1835
"69047";729;612;38;574;230;344
"69048";878;788;56;732;329;403
"69049";2089;1788;102;1686;558;1128
"69050";1515;1320;67;1253;526;727
"69051";778;707;37;670;300;370
"69052";3100;2653;147;2506;994;1512
"69053";385;325;17;308;116;192
"69054";276;235;14;221;61;160
"69055";955;820;53;767;241;526
"69056";1184;995;53;942;397;545
"69057";401;370;21;349;139;210
"69058";326;266;14;252;102;150
"69059";1032;884;32;852;304;548
"69060";478;404;30;374;118;256
"69061";834;712;30;682;216;466
"69062";577;499;27;472;143;329
"69063";2950;2553;102;2451;720;1731
"69064";2612;2136;89;2047;1042;1005
"69065";621;518;31;487;153;334
"69066";2825;2346;186;2160;948;1212
"69067";833;730;41;689;247;442
"69068";1719;1432;53;1379;634;745
"69069";6988;5907;284;5623;2312;3311
"69070";889;745;50;695;264;431
"69071";764;650;34;616;232;384
"69072";6366;5317;167;5150;1779;3371
"69073";368;333;20;313;93;220
"69074";1049;940;42;898;327;571
"69075";118;103;7;96;28;68
"69076";2078;1854;73;1781;501;1280
"69077";667;543;34;509;141;368
"69078";540;473;31;442;135;307
"69080";1109;971;90;881;364;517
"69081";12057;9862;363;9499;3059;6440
"69082";181;165;12;153;36;117
"69083";810;735;37;698;300;398
"69084";987;846;64;782;228;554
"69085";975;867;31;836;286;550
"69086";1755;1509;90;1419;604;815
"69087";2110;1856;60;1796;711;1085
"69088";4297;3564;146;3418;1456;1962
"69089";8851;7604;325;7279;3325;3954
"69090";591;513;22;491;190;301
"69091";10858;8043;418;7625;5141;2484
"69092";5343;4278;252;4026;1804;2222
"69093";818;666;27;639;252;387
"69094";3630;3109;147;2962;1164;1798
"69095";595;526;54;472;174;298
"69096";5803;4416;253;4163;2564;1599
"69097";590;504;37;467;227;240
"69098";321;266;16;250;95;155
"69099";954;815;55;760;307;453
"69100";5948;5039;286;4753;2382;2371
"69101";475;411;17;394;172;222
"69102";498;416;34;382;167;215
"69103";706;626;43;583;215;368
"69104";322;258;20;238;86;152
"69105";709;616;27;589;199;390
"69106";690;627;28;599;184;415
"69107";740;606;28;578;247;331
"69108";574;489;37;452;179;273
"69109";602;537;38;499;173;326
"69110";1396;1207;72;1135;345;790
"69111";428;378;24;354;163;191
"69112";4100;3436;120;3316;1243;2073
"69113";559;483;27;456;193;263
"69114";1327;1151;69;1082;345;737
"69115";3151;2663;143;2520;978;1542
"69116";2311;2081;74;2007;541;1466
"69117";2437;2133;77;2056;612;1444
"69118";1741;1480;85;1395;563;832
"69119";727;598;58;540;221;319
"69120";454;398;27;371;128;243
"69121";1719;1471;95;1376;512;864
"69122";1268;1111;44;1067;321;746
"69123";292719;231344;9034;222310;118089;104221
"69124";366;306;23;283;111;172
"69125";689;619;29;590;182;408
"69126";534;476;20;456;132;324
"69127";2220;1933;76;1857;748;1109
"69128";415;360;21;339;136;203
"69129";467;397;35;362;115;247
"69130";187;156;12;144;56;88
"69131";2362;2084;105;1979;738;1241
"69132";588;513;30;483;149;334
"69133";2816;2499;125;2374;987;1387
"69134";161;149;8;141;64;77
"69135";601;486;31;455;212;243
"69136";1749;1537;86;1451;538;913
"69137";253;222;7;215;100;115
"69138";318;281;16;265;113;152
"69139";1088;902;79;823;347;476
"69140";1508;1300;65;1235;417;818
"69141";3962;3506;192;3314;1519;1795
"69142";4101;3206;143;3063;1542;1521
"69143";4540;3585;156;3429;1712;1717
"69144";505;451;31;420;162;258
"69145";578;494;30;464;154;310
"69146";526;456;20;436;152;284
"69147";663;541;35;506;210;296
"69148";1590;1409;73;1336;559;777
"69149";16803;13473;677;12796;7044;5752
"69150";267;227;16;211;73;138
"69151";976;837;60;777;271;506
"69152";6197;4584;247;4337;2736;1601
"69153";723;648;38;610;229;381
"69154";1262;1100;50;1050;357;693
"69155";799;715;43;672;257;415
"69156";1729;1540;62;1478;498;980
"69157";1903;1540;99;1441;581;860
"69158";325;280;19;261;103;158
"69159";637;564;37;527;187;340
"69160";809;668;50;618;212;406
"69161";396;317;31;286;83;203
"69162";967;838;53;785;245;540
"69163";2213;1895;112;1783;678;1105
"69164";283;226;14;212;88;124
"69165";837;734;52;682;229;453
"69166";195;166;10;156;87;69
"69167";411;360;14;346;125;221
"69168";880;764;45;719;270;449
"69169";504;436;30;406;123;283
"69170";833;718;47;671;219;452
"69171";1601;1297;73;1224;643;581
"69172";559;499;30;469;167;302
"69173";675;585;49;536;173;363
"69174";436;368;23;345;122;223
"69175";1459;1275;68;1207;443;764
"69176";2840;2422;113;2309;952;1357
"69177";1524;1277;76;1201;565;636
"69178";508;450;39;411;178;233
"69179";1110;985;46;939;467;472
"69180";206;169;11;158;54;104
"69181";133;112;9;103;52;51
"69182";333;262;18;244;50;194
"69183";257;213;11;202;54;148
"69184";661;570;30;540;210;330
"69185";193;157;7;150;51;99
"69186";200;155;5;150;51;99
"69187";434;384;25;359;148;211
"69188";455;408;20;388;144;244
"69189";1334;1078;66;1012;454;558
"69190";1512;1295;56;1239;485;754
"69191";4251;3686;127;3559;939;2620
"69192";97;88;7;81;38;43
"69193";947;841;51;790;317;473
"69194";5081;4489;131;4358;1071;3287
"69195";899;808;42;766;283;483
"69196";421;362;20;342;114;228
"69197";1415;1180;68;1112;344;768
"69198";538;478;25;453;134;319
"69199";7862;5801;269;5532;3760;1772
"69200";1168;1012;57;955;278;677
"69201";876;724;42;682;296;386
"69202";15295;13048;513;12535;5016;7519
"69203";750;642;48;594;277;317
"69204";15222;11906;520;11386;5195;6191
"69205";3720;3121;142;2979;1345;1634
"69206";3151;2414;126;2288;707;1581
"69207";1935;1618;82;1536;771;765
"69208";1043;935;66;869;361;508
"69209";498;386;34;352;118;234
"69210";95;79;7;72;18;54
"69211";2227;1786;101;1685;716;969
"69212";326;282;15;267;97;170
"69213";567;502;39;463;225;238
"69214";782;655;48;607;199;408
"69215";645;550;37;513;178;335
"69216";426;367;21;346;109;237
"69217";641;533;32;501;172;329
"69218";712;599;33;566;156;410
"69219";1643;1442;84;1358;585;773
"69220";1306;1117;68;1049;355;694
"69221";174;156;4;152;67;85
"69222";671;581;40;541;253;288
"69223";808;724;41;683;222;461
"69224";56;51;4;47;16;31
"69225";422;378;34;344;131;213
"69227";2953;2510;92;2418;711;1707
"69228";1636;1422;96;1326;574;752
"69229";562;488;33;455;138;317
"69230";242;211;13;198;60;138
"69231";1813;1522;93;1429;712;717
"69233";848;727;32;695;286;409
"69234";1100;952;51;901;319;582
"69235";1182;1025;61;964;433;531
"69236";371;308;17;291;139;152
"69237";482;450;28;422;163;259
"69238";2552;2104;125;1979;841;1138
"69239";864;752;27;725;236;489
"69240";539;434;18;416;146;270
"69241";1603;1403;63;1340;525;815
"69242";576;508;30;478;150;328
"69243";6641;5162;307;4855;2510;2345
"69244";12531;10704;434;10270;3660;6610
"69245";568;492;20;472;173;299
"69246";925;791;37;754;283;471
"69247";242;217;8;209;30;179
"69248";1527;1207;75;1132;502;630
"69249";2029;1780;82;1698;566;1132
"69250";2823;2531;90;2441;799;1642
"69251";101;87;9;78;27;51
"69252";546;447;27;420;200;220
"69253";492;433;21;412;152;260
"69254";579;464;29;435;182;253
"69255";3483;3058;121;2937;1169;1768
"69256";20881;14752;570;14182;10193;3989
"69257";748;655;28;627;225;402
"69258";273;220;11;209;59;150
"69259";29473;22152;1158;20994;14448;6546
"69260";2978;2474;95;2379;1065;1314
"69261";57;52;0;52;17;35
"69263";614;539;28;511;158;353
"69264";18436;14384;665;13719;6686;7033
"69265";605;512;25;487;170;317
"69266";78330;61815;2664;59151;34315;24836
"69267";1628;1298;99;1199;423;776
"69268";2428;2124;89;2035;712;1323
"69269";724;618;29;589;240;349
"69270";2875;2514;133;2381;846;1535
"69271";7436;6239;299;5940;2370;3570
"69272";3125;2677;148;2529;1188;1341
"69273";6889;5875;365;5510;2594;2916
"69275";16855;12726;674;12052;6003;6049
"69276";5692;4638;240;4398;2499;1899
"69277";9243;7978;368;7610;2914;4696
"69278";3615;3058;164;2894;1178;1716
"69279";4265;3584;190;3394;1362;2032
"69280";872;739;45;694;264;430
"69281";1180;1006;60;946;354;592
"69282";19894;16279;786;15493;7734;7759
"69283";8264;6958;369;6589;3040;3549
"69284";2218;1948;99;1849;769;1080
"69285";2567;2025;101;1924;671;1253
"69286";16846;13374;575;12799;6777;6022
"69287";4980;4247;209;4038;1510;2528
"69288";3962;3324;176;3148;1077;2071
"69289";3338;2873;167;2706;1027;1679
"69290";25697;20371;1092;19279;10335;8944
"69291";3588;2978;153;2825;1253;1572
"69292";2941;2244;109;2135;1057;1078
"69293";1680;1507;77;1430;492;938
"69294";1861;1549;75;1474;678;796
"69295";1184;1016;63;953;377;576
"69296";1998;1759;88;1671;653;1018
"69297";3516;2972;131;2841;1264;1577
"69298";1751;1556;109;1447;557;890
"69299";1705;1435;106;1329;427;902
"70001";269;218;15;203;96;107
"70002";189;166;16;150;68;82
"70003";61;47;5;42;14;28
"70004";230;205;30;175;101;74
"70005";100;82;9;73;40;33
"70006";1304;1019;96;923;479;444
"70007";244;199;21;178;69;109
"70008";158;139;9;130;67;63
"70009";87;80;7;73;27;46
"70010";82;74;9;65;28;37
"70011";290;274;29;245;146;99
"70012";535;437;38;399;239;160
"70013";84;69;13;56;34;22
"70014";276;257;25;232;122;110
"70015";262;216;16;200;107;93
"70016";177;150;22;128;58;70
"70017";202;169;15;154;63;91
"70018";368;311;27;284;125;159
"70019";117;106;12;94;46;48
"70020";163;147;11;136;67;69
"70021";138;123;12;111;57;54
"70022";119;98;5;93;51;42
"70023";147;124;8;116;60;56
"70024";353;298;12;286;142;144
"70025";191;165;14;151;65;86
"70026";1936;1576;109;1467;814;653
"70027";73;62;5;57;12;45
"70028";147;134;7;127;57;70
"70029";180;156;7;149;60;89
"70030";42;35;3;32;11;21
"70031";513;428;41;387;169;218
"70032";32;29;1;28;9;19
"70035";121;104;4;100;38;62
"70036";130;109;7;102;41;61
"70037";251;216;17;199;82;117
"70038";232;208;14;194;86;108
"70039";248;211;14;197;97;100
"70040";178;159;14;145;59;86
"70041";361;283;17;266;95;171
"70042";69;62;7;55;32;23
"70043";223;187;11;176;105;71
"70044";359;312;38;274;116;158
"70045";330;283;22;261;122;139
"70046";271;241;18;223;109;114
"70047";74;65;2;63;33;30
"70048";120;109;4;105;43;62
"70049";78;67;1;66;20;46
"70050";73;65;3;62;21;41
"70051";47;41;6;35;16;19
"70052";128;108;7;101;66;35
"70053";74;67;4;63;32;31
"70054";192;177;13;164;79;85
"70055";427;362;42;320;155;165
"70056";271;213;21;192;120;72
"70057";82;74;6;68;21;47
"70058";661;576;49;527;226;301
"70059";373;312;19;293;121;172
"70060";231;207;26;181;91;90
"70061";91;78;7;71;39;32
"70062";111;95;6;89;49;40
"70063";183;151;9;142;77;65
"70064";122;100;13;87;54;33
"70065";63;50;4;46;23;23
"70066";111;99;16;83;41;42
"70067";70;66;7;59;37;22
"70069";51;46;6;40;13;27
"70070";43;33;3;30;17;13
"70071";64;51;8;43;12;31
"70072";70;60;2;58;22;36
"70074";213;179;15;164;95;69
"70075";135;109;5;104;38;66
"70076";230;209;18;191;88;103
"70077";202;179;14;165;81;84
"70078";71;65;2;63;31;32
"70079";360;312;12;300;136;164
"70080";209;189;11;178;74;104
"70081";220;190;17;173;80;93
"70082";101;93;4;89;54;35
"70083";368;307;24;283;116;167
"70084";430;390;16;374;136;238
"70085";364;326;33;293;126;167
"70086";73;61;4;57;32;25
"70087";98;87;11;76;29;47
"70088";98;88;14;74;41;33
"70089";52;38;0;38;15;23
"70090";60;49;5;44;34;10
"70091";46;42;2;40;12;28
"70092";130;116;17;99;32;67
"70093";600;484;27;457;207;250
"70094";256;210;24;186;108;78
"70095";453;373;36;337;173;164
"70096";476;404;27;377;195;182
"70097";220;183;16;167;74;93
"70098";184;144;31;113;56;57
"70099";62;58;4;54;26;28
"70100";89;64;11;53;23;30
"70101";385;337;35;302;119;183
"70102";212;181;15;166;69;97
"70103";168;148;12;136;82;54
"70104";504;413;23;390;178;212
"70105";102;85;12;73;28;45
"70106";91;81;14;67;34;33
"70107";278;231;15;216;112;104
"70109";243;210;6;204;94;110
"70111";187;178;12;166;85;81
"70112";174;155;15;140;70;70
"70113";104;96;8;88;26;62
"70114";193;176;17;159;98;61
"70115";165;140;11;129;50;79
"70116";581;476;52;424;237;187
"70117";979;839;52;787;323;464
"70118";136;124;8;116;49;67
"70119";274;239;15;224;123;101
"70120";2876;2237;230;2007;1113;894
"70121";637;551;51;500;265;235
"70122";1449;1244;86;1158;481;677
"70124";65;55;4;51;30;21
"70125";171;146;13;133;53;80
"70126";133;118;9;109;46;63
"70127";94;76;8;68;31;37
"70128";355;263;23;240;103;137
"70129";114;93;4;89;40;49
"70130";241;209;22;187;73;114
"70132";474;421;33;388;177;211
"70133";201;165;23;142;67;75
"70134";173;157;13;144;75;69
"70135";42;37;3;34;14;20
"70136";353;324;41;283;136;147
"70137";172;149;17;132;78;54
"70138";102;82;15;67;33;34
"70140";39;35;7;28;18;10
"70141";111;99;15;84;56;28
"70142";131;118;18;100;38;62
"70143";102;74;7;67;27;40
"70144";45;39;7;32;17;15
"70145";307;274;22;252;157;95
"70146";121;103;10;93;42;51
"70147";177;146;12;134;58;76
"70148";78;72;6;66;15;51
"70149";618;511;41;470;271;199
"70150";188;169;16;153;71;82
"70151";45;41;4;37;18;19
"70152";301;262;26;236;124;112
"70153";107;92;9;83;22;61
"70154";220;200;24;176;81;95
"70155";657;556;60;496;241;255
"70156";81;76;13;63;26;37
"70157";359;300;33;267;172;95
"70158";108;90;9;81;30;51
"70159";90;84;8;76;29;47
"70160";241;217;21;196;109;87
"70162";385;360;44;316;150;166
"70163";323;298;28;270;93;177
"70164";55;48;2;46;17;29
"70165";423;368;21;347;175;172
"70166";148;134;13;121;69;52
"70167";337;277;21;256;162;94
"70168";515;449;40;409;179;230
"70169";184;162;17;145;76;69
"70170";81;73;5;68;40;28
"70171";1008;834;58;776;304;472
"70172";80;69;7;62;32;30
"70174";109;90;2;88;40;48
"70175";119;102;6;96;47;49
"70176";201;170;11;159;85;74
"70177";512;416;39;377;154;223
"70178";451;360;34;326;162;164
"70179";184;150;21;129;71;58
"70180";365;317;33;284;139;145
"70181";94;83;6;77;48;29
"70182";82;73;11;62;33;29
"70183";73;61;13;48;20;28
"70184";573;493;49;444;244;200
"70185";158;136;13;123;44;79
"70186";57;54;6;48;20;28
"70187";202;178;15;163;71;92
"70188";52;44;2;42;16;26
"70189";174;155;7;148;70;78
"70190";113;100;5;95;43;52
"70192";148;124;14;110;25;85
"70193";168;147;10;137;82;55
"70194";130;110;9;101;54;47
"70195";223;179;24;155;84;71
"70196";219;182;16;166;70;96
"70197";618;518;45;473;212;261
"70198";839;722;45;677;254;423
"70199";93;85;9;76;31;45
"70200";43;32;1;31;17;14
"70201";144;121;4;117;32;85
"70202";301;247;26;221;140;81
"70203";98;86;7;79;32;47
"70204";130;122;6;116;34;82
"70205";192;154;8;146;64;82
"70206";391;323;32;291;173;118
"70207";2316;1940;136;1804;928;876
"70208";246;212;20;192;116;76
"70210";145;121;17;104;54;50
"70211";75;48;1;47;10;37
"70213";209;187;20;167;59;108
"70214";114;97;4;93;58;35
"70215";230;188;9;179;74;105
"70216";398;351;32;319;172;147
"70217";117;97;6;91;37;54
"70218";90;85;10;75;27;48
"70219";531;463;40;423;220;203
"70220";308;262;28;234;127;107
"70221";241;193;24;169;91;78
"70222";65;54;5;49;36;13
"70224";466;410;24;386;178;208
"70225";104;98;9;89;39;50
"70226";269;237;23;214;115;99
"70227";471;413;34;379;220;159
"70228";697;600;42;558;294;264
"70229";221;197;10;187;108;79
"70230";99;88;3;85;29;56
"70231";44;41;3;38;10;28
"70232";126;106;3;103;41;62
"70233";104;94;9;85;49;36
"70234";193;169;12;157;72;85
"70235";141;115;8;107;51;56
"70236";347;281;21;260;130;130
"70237";104;91;15;76;17;59
"70238";124;98;10;88;22;66
"70239";135;119;4;115;49;66
"70240";1127;934;94;840;431;409
"70242";125;100;8;92;40;52
"70243";226;203;10;193;116;77
"70244";103;90;9;81;41;40
"70245";2864;2399;212;2187;1021;1166
"70247";245;202;16;186;80;106
"70248";1073;897;114;783;374;409
"70249";115;98;6;92;39;53
"70250";339;283;29;254;121;133
"70251";85;74;4;70;28;42
"70252";152;130;9;121;31;90
"70253";200;165;22;143;68;75
"70254";190;172;11;161;92;69
"70255";436;360;25;335;149;186
"70256";614;489;39;450;252;198
"70257";481;404;38;366;186;180
"70258";1784;1419;117;1302;605;697
"70259";310;275;28;247;117;130
"70260";548;483;37;446;232;214
"70261";1080;898;51;847;438;409
"70262";135;127;7;120;64;56
"70263";221;191;32;159;78;81
"70264";60;55;6;49;30;19
"70265";137;120;8;112;27;85
"70267";372;325;14;311;138;173
"70268";154;128;1;127;58;69
"70269";38;31;8;23;11;12
"70271";315;269;40;229;119;110
"70272";184;151;11;140;72;68
"70273";53;50;4;46;12;34
"70274";29;24;2;22;11;11
"70275";262;213;18;195;78;117
"70276";164;129;13;116;53;63
"70277";297;268;26;242;139;103
"70278";172;154;21;133;80;53
"70279";3470;2592;153;2439;1272;1167
"70280";750;633;35;598;321;277
"70281";58;51;3;48;12;36
"70282";715;608;55;553;248;305
"70283";440;336;47;289;148;141
"70284";215;169;17;152;79;73
"70285";7147;5760;468;5292;3110;2182
"70286";90;87;13;74;37;37
"70287";52;47;2;45;27;18
"70288";71;69;2;67;30;37
"70289";148;136;12;124;48;76
"70290";183;165;17;148;82;66
"70291";128;105;7;98;41;57
"70292";1222;1002;59;943;451;492
"70293";62;57;1;56;14;42
"70294";288;248;12;236;95;141
"70295";158;130;5;125;65;60
"70296";193;136;15;121;60;61
"70297";47;40;4;36;8;28
"70298";107;95;15;80;46;34
"70299";233;211;14;197;106;91
"70301";44;41;6;35;11;24
"70302";53;44;3;41;17;24
"70303";103;99;10;89;47;42
"70304";125;103;5;98;63;35
"70305";83;71;0;71;31;40
"70306";312;278;23;255;134;121
"70307";107;98;15;83;43;40
"70308";228;176;20;156;86;70
"70309";327;281;14;267;135;132
"70310";5169;3985;312;3673;2096;1577
"70311";4858;3684;252;3432;1667;1765
"70312";628;542;49;493;249;244
"70313";276;239;29;210;105;105
"70314";153;123;14;109;53;56
"70315";389;328;33;295;141;154
"70316";80;78;10;68;37;31
"70317";123;107;12;95;44;51
"70318";366;306;33;273;180;93
"70319";85;68;7;61;26;35
"70320";109;97;11;86;47;39
"70321";981;890;68;822;443;379
"70322";238;211;16;195;107;88
"70323";174;133;23;110;37;73
"70324";496;457;35;422;211;211
"70325";236;210;15;195;70;125
"70326";208;193;19;174;88;86
"70327";127;111;4;107;43;64
"70328";291;245;23;222;122;100
"70329";78;64;6;58;25;33
"70330";183;166;11;155;64;91
"70331";444;390;20;370;174;196
"70332";37;34;3;31;20;11
"70334";1047;877;60;817;347;470
"70335";70;60;8;52;34;18
"70336";124;107;15;92;36;56
"70337";57;50;1;49;22;27
"70338";201;175;12;163;53;110
"70339";1442;1166;87;1079;615;464
"70340";185;160;5;155;67;88
"70341";213;182;10;172;94;78
"70342";114;98;12;86;25;61
"70343";237;212;19;193;104;89
"70344";266;215;16;199;99;100
"70345";79;72;3;69;20;49
"70347";306;260;33;227;119;108
"70348";505;439;41;398;230;168
"70349";159;137;10;127;86;41
"70350";58;51;6;45;22;23
"70351";215;186;19;167;80;87
"70352";33;28;4;24;10;14
"70353";321;266;26;240;118;122
"70355";176;159;22;137;70;67
"70356";195;167;16;151;68;83
"70357";383;330;28;302;156;146
"70358";182;168;21;147;71;76
"70359";59;48;5;43;18;25
"70360";66;58;3;55;21;34
"70361";141;129;10;119;64;55
"70362";157;139;12;127;75;52
"70363";506;444;32;412;178;234
"70364";110;97;11;86;29;57
"70366";96;80;3;77;28;49
"70367";130;120;13;107;44;63
"70368";94;78;7;71;41;30
"70369";53;41;4;37;14;23
"70371";168;143;18;125;46;79
"70372";121;106;3;103;52;51
"70373";246;201;26;175;88;87
"70374";96;85;9;76;27;49
"70375";25;18;0;18;15;3
"70376";392;340;27;313;140;173
"70378";1386;1147;80;1067;570;497
"70380";146;134;13;121;70;51
"70381";134;123;16;107;51;56
"70383";238;204;18;186;83;103
"70384";221;175;9;166;66;100
"70385";278;239;41;198;108;90
"70386";144;137;21;116;51;65
"70387";511;430;45;385;174;211
"70388";1495;1264;86;1178;653;525
"70389";50;38;4;34;17;17
"70390";427;368;42;326;175;151
"70392";46;40;4;36;15;21
"70393";337;305;28;277;145;132
"70394";65;62;3;59;20;39
"70395";59;54;8;46;20;26
"70396";32;30;1;29;17;12
"70397";54;50;5;45;17;28
"70398";67;63;1;62;29;33
"70399";168;152;9;143;64;79
"70400";117;89;2;87;41;46
"70401";111;100;4;96;38;58
"70402";295;247;26;221;93;128
"70403";171;140;9;131;60;71
"70404";568;461;53;408;234;174
"70405";150;122;14;108;54;54
"70406";90;71;4;67;30;37
"70407";173;156;9;147;71;76
"70408";813;697;54;643;262;381
"70409";105;89;13;76;32;44
"70410";471;387;30;357;151;206
"70411";35;32;1;31;8;23
"70412";50;40;3;37;24;13
"70413";1591;1301;113;1188;685;503
"70414";789;621;67;554;340;214
"70415";458;411;36;375;185;190
"70416";147;129;10;119;56;63
"70417";258;220;22;198;99;99
"70418";147;137;13;124;73;51
"70419";89;71;6;65;26;39
"70420";44;37;0;37;21;16
"70421";2192;1760;131;1629;816;813
"70422";124;101;1;100;36;64
"70423";102;88;9;79;32;47
"70425";133;117;12;105;53;52
"70426";222;198;31;167;71;96
"70427";322;280;34;246;160;86
"70428";1016;923;70;853;385;468
"70429";409;373;31;342;152;190
"70430";59;50;2;48;16;32
"70431";175;157;11;146;63;83
"70432";288;255;19;236;108;128
"70433";1083;954;74;880;447;433
"70435";743;663;54;609;263;346
"70436";107;84;13;71;38;33
"70437";15;12;0;12;5;7
"70438";166;156;15;141;55;86
"70439";290;260;16;244;100;144
"70440";31;26;7;19;13;6
"70441";180;157;9;148;78;70
"70442";97;89;10;79;23;56
"70443";81;67;1;66;29;37
"70444";117;106;10;96;48;48
"70445";97;80;4;76;28;48
"70446";521;467;44;423;215;208
"70447";1218;1055;70;985;483;502
"70448";149;125;7;118;36;82
"70449";65;55;1;54;17;37
"70450";45;41;2;39;6;33
"70451";2211;1677;132;1545;983;562
"70452";226;194;23;171;82;89
"70453";96;83;5;78;32;46
"70454";69;61;7;54;27;27
"70455";943;803;88;715;373;342
"70456";119;109;10;99;55;44
"70457";122;93;13;80;33;47
"70459";943;762;91;671;402;269
"70460";394;330;22;308;107;201
"70461";109;99;4;95;45;50
"70462";68;54;3;51;16;35
"70463";89;84;5;79;32;47
"70464";1024;856;84;772;442;330
"70466";105;88;7;81;35;46
"70467";2314;1694;124;1570;846;724
"70468";100;79;3;76;31;45
"70469";200;169;12;157;72;85
"70470";137;117;10;107;33;74
"70471";29;27;2;25;9;16
"70472";232;181;16;165;97;68
"70473";1361;1115;108;1007;465;542
"70474";114;95;4;91;42;49
"70475";196;170;20;150;94;56
"70476";64;56;11;45;18;27
"70477";573;481;27;454;211;243
"70478";544;472;33;439;193;246
"70479";95;89;6;83;36;47
"70480";142;123;11;112;56;56
"70481";161;138;13;125;50;75
"70482";1129;959;63;896;427;469
"70483";111;101;11;90;28;62
"70484";120;106;8;98;60;38
"70485";223;179;18;161;96;65
"70486";104;91;7;84;39;45
"70487";260;200;19;181;95;86
"70488";185;163;20;143;67;76
"70489";754;625;51;574;218;356
"70490";101;82;2;80;45;35
"70491";366;323;23;300;123;177
"70492";402;341;30;311;109;202
"70493";307;279;19;260;113;147
"70494";234;205;13;192;100;92
"70496";39;33;7;26;7;19
"70497";343;280;24;256;108;148
"70498";425;363;38;325;138;187
"70499";84;75;9;66;24;42
"70500";166;132;8;124;63;61
"70501";76;65;5;60;22;38
"70502";82;74;8;66;18;48
"70503";138;111;3;108;44;64
"70504";315;270;16;254;140;114
"70505";124;117;11;106;40;66
"70506";299;258;22;236;101;135
"70507";155;129;9;120;55;65
"70509";88;80;4;76;16;60
"70510";112;88;9;79;34;45
"70511";167;144;13;131;46;85
"70512";210;171;14;157;93;64
"70513";1968;1688;143;1545;847;698
"70514";443;337;29;308;126;182
"70515";59;55;2;53;31;22
"70516";222;200;16;184;96;88
"70517";257;238;17;221;107;114
"70518";89;78;5;73;45;28
"70519";82;72;8;64;29;35
"70520";86;73;5;68;31;37
"70521";146;122;10;112;55;57
"70522";112;106;8;98;32;66
"70523";166;143;8;135;43;92
"70524";100;88;5;83;39;44
"70525";177;155;11;144;69;75
"70526";536;446;32;414;187;227
"70527";60;39;5;34;20;14
"70528";401;352;20;332;147;185
"70529";375;304;21;283;119;164
"70530";136;121;12;109;46;63
"70531";74;68;5;63;25;38
"70532";375;348;34;314;131;183
"70533";86;78;8;70;39;31
"70534";97;89;7;82;42;40
"70535";138;117;11;106;56;50
"70536";125;103;15;88;49;39
"70537";235;192;15;177;98;79
"70538";75;66;7;59;33;26
"70539";360;316;28;288;112;176
"70540";60;52;3;49;17;32
"70541";164;130;14;116;45;71
"70542";142;110;7;103;36;67
"70544";84;79;13;66;24;42
"70545";122;105;11;94;47;47
"70546";191;165;21;144;71;73
"70547";132;122;16;106;56;50
"70548";171;135;11;124;59;65
"70549";79;63;10;53;38;15
"70550";9603;7553;497;7056;3893;3163
"70551";124;99;12;87;22;65
"70552";161;127;8;119;57;62
"70553";94;81;9;72;42;30
"70554";154;135;9;126;76;50
"70555";146;125;28;97;57;40
"70557";101;95;8;87;23;64
"70558";125;102;10;92;42;50
"70559";170;150;12;138;79;59
"70560";125;106;11;95;45;50
"70561";885;753;46;707;313;394
"70562";111;104;6;98;29;69
"70563";489;450;28;422;203;219
"70564";242;202;29;173;73;100
"70565";32;21;4;17;9;8
"70566";172;137;10;127;54;73
"70567";116;104;7;97;35;62
"70568";58;50;3;47;21;26
"70569";80;70;8;62;34;28
"70571";35;31;4;27;7;20
"70572";243;200;18;182;62;120
"70573";113;92;13;79;30;49
"70574";74;67;3;64;31;33
"70575";589;523;39;484;214;270
"70576";160;129;21;108;66;42
"70577";313;267;30;237;151;86
"70578";155;127;6;121;56;65
"70579";376;330;28;302;152;150
"70580";141;110;5;105;43;62
"70581";517;428;42;386;204;182
"70582";79;60;7;53;18;35
"70583";77;68;15;53;22;31
"71001";585;472;27;445;254;191
"71002";866;725;67;658;362;296
"71003";580;511;36;475;203;272
"71004";761;659;35;624;293;331
"71005";186;161;11;150;66;84
"71006";176;152;5;147;65;82
"71007";120;103;10;93;49;44
"71008";135;107;18;89;43;46
"71009";631;527;29;498;292;206
"71010";644;546;48;498;278;220
"71011";392;348;22;326;126;200
"71012";280;247;28;219;89;130
"71013";186;152;14;138;66;72
"71014";9851;8019;545;7474;3688;3786
"71015";814;703;62;641;346;295
"71016";760;624;52;572;272;300
"71017";80;67;4;63;22;41
"71018";402;334;30;304;143;161
"71019";122;107;21;86;42;44
"71020";101;76;5;71;41;30
"71021";197;172;13;159;65;94
"71022";539;454;28;426;161;265
"71023";678;575;45;530;265;265
"71024";404;361;29;332;168;164
"71025";306;255;10;245;109;136
"71026";253;226;16;210;96;114
"71027";455;372;25;347;183;164
"71028";72;66;5;61;27;34
"71029";243;213;9;204;107;97
"71030";158;134;15;119;67;52
"71031";63;59;6;53;17;36
"71032";458;397;19;378;192;186
"71033";555;482;34;448;240;208
"71034";295;258;20;238;137;101
"71035";172;146;4;142;80;62
"71036";63;53;1;52;31;21
"71037";78;65;4;61;35;26
"71038";373;316;23;293;157;136
"71039";144;125;13;112;77;35
"71040";5095;4102;292;3810;2250;1560
"71041";80;70;5;65;27;38
"71042";216;174;14;160;103;57
"71043";87;70;2;68;37;31
"71044";238;204;18;186;77;109
"71045";138;115;8;107;43;64
"71046";78;61;4;57;23;34
"71047";4010;3245;213;3032;1767;1265
"71048";167;140;8;132;76;56
"71050";259;213;15;198;94;104
"71051";122;104;7;97;47;50
"71052";536;445;33;412;175;237
"71054";495;427;23;404;154;250
"71055";238;191;20;171;58;113
"71056";1658;1438;113;1325;620;705
"71057";129;119;9;110;62;48
"71058";161;139;11;128;51;77
"71059";2967;2490;171;2319;1373;946
"71060";200;174;11;163;68;95
"71061";330;274;21;253;140;113
"71062";315;265;12;253;91;162
"71063";602;522;34;488;306;182
"71064";746;640;48;592;310;282
"71065";210;169;18;151;67;84
"71066";91;86;3;83;44;39
"71067";117;109;5;104;55;49
"71068";76;65;5;60;23;37
"71069";501;436;28;408;197;211
"71070";1503;1295;79;1216;645;571
"71071";238;196;16;180;103;77
"71072";105;88;12;76;34;42
"71073";3951;3006;207;2799;1542;1257
"71074";475;402;24;378;137;241
"71075";566;497;36;461;229;232
"71076";27128;20722;1285;19437;10946;8491
"71077";376;322;19;303;145;158
"71078";114;104;12;92;48;44
"71079";385;329;30;299;159;140
"71080";76;71;2;69;33;36
"71081";1699;1361;110;1251;730;521
"71082";193;171;4;167;61;106
"71084";450;388;24;364;149;215
"71085";172;152;10;142;65;77
"71086";375;324;33;291;98;193
"71087";138;130;3;127;58;69
"71088";214;184;11;173;93;80
"71089";191;159;12;147;74;73
"71090";2585;2079;113;1966;792;1174
"71091";160;132;8;124;56;68
"71092";368;303;23;280;127;153
"71093";529;420;31;389;177;212
"71094";117;102;15;87;57;30
"71095";350;295;19;276;135;141
"71096";164;142;11;131;82;49
"71097";433;318;36;282;146;136
"71098";203;180;19;161;59;102
"71099";299;257;15;242;107;135
"71100";162;144;3;141;72;69
"71101";300;252;16;236;98;138
"71102";534;483;34;449;255;194
"71103";240;201;20;181;60;121
"71104";143;125;10;115;46;69
"71105";5204;4322;242;4080;1788;2292
"71106";1987;1594;90;1504;681;823
"71107";235;208;17;191;92;99
"71108";121;109;9;100;47;53
"71109";272;238;23;215;105;110
"71110";474;397;31;366;118;248
"71111";260;233;13;220;120;100
"71112";209;185;14;171;104;67
"71113";80;70;5;65;22;43
"71115";83;68;1;67;31;36
"71116";149;120;10;110;39;71
"71117";763;657;63;594;312;282
"71118";4737;3755;312;3443;1785;1658
"71119";754;653;67;586;309;277
"71120";3036;2433;199;2234;952;1282
"71121";228;175;15;160;86;74
"71122";395;344;15;329;171;158
"71123";318;261;17;244;106;138
"71124";179;168;5;163;97;66
"71125";26;23;4;19;2;17
"71126";485;426;19;407;164;243
"71127";82;69;5;64;39;25
"71128";71;65;4;61;30;31
"71129";254;210;22;188;75;113
"71130";220;186;12;174;108;66
"71131";562;479;27;452;177;275
"71132";1784;1437;92;1345;793;552
"71133";1357;1043;69;974;392;582
"71134";176;153;9;144;48;96
"71135";698;586;42;544;261;283
"71136";240;218;14;204;116;88
"71137";2976;2497;151;2346;1228;1118
"71138";90;80;3;77;37;40
"71139";124;105;12;93;52;41
"71140";43;31;2;29;12;17
"71141";239;211;12;199;85;114
"71142";160;138;8;130;52;78
"71143";319;268;23;245;126;119
"71144";147;128;22;106;36;70
"71145";384;320;28;292;173;119
"71146";189;166;12;154;85;69
"71147";222;185;13;172;93;79
"71148";681;576;48;528;223;305
"71149";1015;831;63;768;394;374
"71150";2187;1795;114;1681;674;1007
"71151";57;48;2;46;29;17
"71152";162;144;12;132;56;76
"71153";15023;11311;717;10594;6588;4006
"71154";1780;1521;104;1417;742;675
"71155";454;389;26;363;209;154
"71156";217;168;7;161;82;79
"71157";1354;1112;69;1043;567;476
"71158";1147;894;64;830;417;413
"71159";172;145;12;133;82;51
"71160";297;263;20;243;76;167
"71161";269;222;16;206;123;83
"71162";913;814;58;756;377;379
"71163";65;49;2;47;25;22
"71164";129;110;9;101;53;48
"71165";335;278;21;257;145;112
"71166";108;91;4;87;23;64
"71167";397;335;24;311;193;118
"71168";124;103;10;93;61;32
"71169";595;502;33;469;189;280
"71170";1269;1081;76;1005;526;479
"71171";244;199;17;182;119;63
"71172";97;84;6;78;38;40
"71173";197;168;8;160;76;84
"71174";163;143;8;135;50;85
"71175";221;177;19;158;68;90
"71176";5599;4396;265;4131;2525;1606
"71177";547;450;28;422;232;190
"71178";733;606;42;564;227;337
"71179";63;59;5;54;7;47
"71180";170;150;5;145;96;49
"71181";126;108;2;106;58;48
"71182";1109;949;59;890;300;590
"71183";139;125;3;122;61;61
"71184";506;433;39;394;184;210
"71185";258;225;26;199;55;144
"71186";175;146;15;131;74;57
"71187";1333;1044;74;970;576;394
"71188";54;39;3;36;22;14
"71189";1277;1041;81;960;487;473
"71190";1804;1474;91;1383;819;564
"71191";363;325;20;305;187;118
"71192";1467;1228;107;1121;617;504
"71193";372;328;20;308;164;144
"71194";553;503;46;457;240;217
"71195";185;154;11;143;44;99
"71196";497;424;42;382;190;192
"71198";279;230;12;218;110;108
"71199";159;141;12;129;69;60
"71200";469;413;40;373;166;207
"71201";235;159;4;155;55;100
"71202";1542;1276;96;1180;592;588
"71203";36;29;2;27;4;23
"71204";758;672;48;624;292;332
"71205";462;389;32;357;220;137
"71206";191;150;5;145;80;65
"71207";219;191;9;182;65;117
"71208";181;154;13;141;60;81
"71209";477;394;49;345;183;162
"71210";301;266;11;255;62;193
"71212";1219;994;57;937;553;384
"71213";447;345;30;315;159;156
"71214";328;270;25;245;115;130
"71215";1908;1639;151;1488;764;724
"71216";155;139;17;122;60;62
"71217";104;89;8;81;31;50
"71218";521;421;32;389;139;250
"71219";428;360;29;331;192;139
"71220";408;328;25;303;185;118
"71221";3072;2641;162;2479;1075;1404
"71222";763;627;37;590;227;363
"71223";497;445;40;405;206;199
"71224";85;76;5;71;29;42
"71225";371;323;20;303;145;158
"71226";42;38;3;35;13;22
"71227";468;399;20;379;204;175
"71228";138;124;18;106;70;36
"71229";226;182;19;163;87;76
"71230";5885;4821;305;4516;3042;1474
"71231";434;323;27;296;148;148
"71232";171;150;14;136;54;82
"71233";267;216;19;197;88;109
"71234";263;208;20;188;93;95
"71235";1280;1135;63;1072;479;593
"71236";654;547;36;511;236;275
"71237";447;358;30;328;187;141
"71238";799;648;33;615;305;310
"71239";597;487;38;449;202;247
"71240";267;241;17;224;141;83
"71241";412;345;31;314;158;156
"71242";361;312;35;277;132;145
"71243";321;255;19;236;158;78
"71244";331;264;19;245;120;125
"71245";236;196;13;183;103;80
"71246";194;155;18;137;75;62
"71247";261;232;14;218;133;85
"71248";540;462;37;425;201;224
"71249";843;714;46;668;334;334
"71250";786;684;52;632;295;337
"71251";551;479;37;442;204;238
"71252";287;258;19;239;140;99
"71253";794;643;49;594;333;261
"71254";127;115;6;109;43;66
"71255";162;134;11;123;84;39
"71256";368;322;39;283;148;135
"71257";509;422;37;385;214;171
"71258";398;345;23;322;154;168
"71259";304;265;20;245;107;138
"71261";496;398;32;366;176;190
"71262";146;125;10;115;50;65
"71263";4783;3767;247;3520;1640;1880
"71264";284;245;21;224;139;85
"71265";349;302;25;277;129;148
"71266";316;255;22;233;96;137
"71267";711;588;35;553;261;292
"71268";277;240;8;232;85;147
"71269";1265;1053;64;989;534;455
"71270";21149;15631;824;14807;8444;6363
"71271";161;135;3;132;75;57
"71272";215;175;11;164;108;56
"71273";253;203;13;190;121;69
"71274";318;265;14;251;141;110
"71275";1416;1111;66;1045;512;533
"71276";116;106;10;96;47;49
"71277";517;435;27;408;211;197
"71278";139;120;4;116;51;65
"71279";356;297;19;278;113;165
"71280";77;72;3;69;21;48
"71281";320;261;22;239;104;135
"71282";970;812;74;738;425;313
"71283";397;358;28;330;137;193
"71284";125;93;7;86;34;52
"71285";337;287;21;266;100;166
"71286";209;173;22;151;80;71
"71287";284;247;17;230;137;93
"71288";47;35;3;32;13;19
"71289";915;712;51;661;313;348
"71290";284;235;14;221;85;136
"71291";719;606;42;564;228;336
"71292";1017;857;52;805;381;424
"71293";277;219;18;201;110;91
"71294";928;793;47;746;300;446
"71295";1033;879;67;812;425;387
"71296";542;459;37;422;240;182
"71297";652;541;38;503;262;241
"71299";290;246;12;234;128;106
"71300";444;364;32;332;183;149
"71301";170;143;21;122;71;51
"71302";200;178;18;160;80;80
"71303";334;295;28;267;154;113
"71304";82;73;4;69;38;31
"71305";606;518;33;485;202;283
"71306";14867;9813;661;9152;5489;3663
"71307";224;199;14;185;83;102
"71308";45;41;7;34;29;5
"71309";1748;1450;105;1345;631;714
"71310";3837;3048;205;2843;1797;1046
"71311";205;178;17;161;67;94
"71312";191;161;16;145;79;66
"71313";271;247;22;225;102;123
"71314";152;122;9;113;60;53
"71315";114;101;9;92;50;42
"71316";277;232;15;217;75;142
"71317";147;129;7;122;41;81
"71318";833;681;34;647;287;360
"71319";527;444;25;419;258;161
"71320";239;223;19;204;94;110
"71321";168;140;17;123;68;55
"71322";71;59;3;56;23;33
"71323";130;104;4;100;63;37
"71324";496;436;29;407;195;212
"71325";857;715;64;651;397;254
"71326";327;261;20;241;112;129
"71327";270;233;17;216;80;136
"71328";448;375;33;342;201;141
"71329";320;253;31;222;93;129
"71330";610;526;37;489;249;240
"71331";88;72;3;69;32;37
"71332";366;318;21;297;141;156
"71333";977;843;81;762;429;333
"71334";320;269;30;239;148;91
"71335";53;47;5;42;19;23
"71336";2152;1830;133;1697;842;855
"71337";238;212;15;197;82;115
"71338";194;171;13;158;92;66
"71339";385;329;23;306;126;180
"71340";1109;962;76;886;516;370
"71341";126;104;3;101;37;64
"71342";7234;5494;326;5168;2514;2654
"71343";197;178;16;162;69;93
"71344";52;44;4;40;20;20
"71345";433;370;21;349;166;183
"71346";1269;1078;66;1012;657;355
"71347";384;323;27;296;179;117
"71348";117;96;8;88;35;53
"71349";53;46;0;46;14;32
"71350";647;562;36;526;229;297
"71351";1449;1217;91;1126;465;661
"71352";72;64;4;60;38;22
"71353";408;321;24;297;162;135
"71354";461;397;25;372;174;198
"71355";191;166;8;158;87;71
"71356";723;628;53;575;334;241
"71357";162;139;12;127;60;67
"71358";81;74;3;71;41;30
"71359";480;422;32;390;221;169
"71360";1269;1097;49;1048;459;589
"71361";60;53;5;48;23;25
"71362";227;185;16;169;74;95
"71363";89;72;8;64;22;42
"71364";102;95;17;78;27;51
"71365";408;309;18;291;129;162
"71366";314;273;17;256;110;146
"71367";322;280;21;259;143;116
"71368";272;230;18;212;95;117
"71369";341;291;25;266;135;131
"71370";541;457;23;434;229;205
"71371";1218;1012;48;964;450;514
"71372";1290;1048;76;972;361;611
"71373";1276;1003;81;922;387;535
"71374";167;142;11;131;78;53
"71375";216;168;6;162;79;83
"71376";258;202;16;186;109;77
"71377";122;103;5;98;55;43
"71378";1350;1089;75;1014;490;524
"71379";993;817;73;744;382;362
"71380";566;511;43;468;223;245
"71381";67;49;6;43;15;28
"71382";561;466;33;433;256;177
"71383";344;287;15;272;131;141
"71384";349;308;14;294;150;144
"71385";440;375;11;364;122;242
"71386";78;61;5;56;27;29
"71387";208;169;12;157;65;92
"71388";334;290;24;266;102;164
"71389";243;207;14;193;101;92
"71390";795;675;50;625;293;332
"71391";375;320;27;293;167;126
"71392";392;334;25;309;171;138
"71393";372;320;15;305;126;179
"71394";738;590;33;557;201;356
"71395";159;133;11;122;62;60
"71396";351;258;14;244;120;124
"71397";193;178;14;164;71;93
"71398";783;627;38;589;303;286
"71399";449;374;16;358;130;228
"71400";140;122;4;118;61;57
"71401";476;388;35;353;141;212
"71402";536;474;33;441;231;210
"71403";235;203;20;183;76;107
"71404";704;601;48;553;230;323
"71405";146;114;7;107;37;70
"71406";125;114;12;102;43;59
"71407";204;171;8;163;72;91
"71408";307;259;20;239;121;118
"71409";258;193;15;178;70;108
"71410";592;497;52;445;238;207
"71411";150;122;13;109;48;61
"71412";895;774;54;720;366;354
"71413";676;569;43;526;283;243
"71414";375;337;29;308;175;133
"71415";113;88;7;81;40;41
"71416";493;408;24;384;200;184
"71417";800;637;52;585;325;260
"71419";1434;1208;79;1129;560;569
"71420";1626;1411;112;1299;599;700
"71421";156;123;12;111;39;72
"71422";209;187;17;170;83;87
"71423";314;269;14;255;105;150
"71424";188;164;17;147;54;93
"71425";253;194;16;178;89;89
"71426";328;278;19;259;143;116
"71427";54;43;4;39;21;18
"71428";498;431;29;402;197;205
"71430";284;247;23;224;118;106
"71431";236;196;15;181;86;95
"71433";458;400;41;359;131;228
"71434";277;237;9;228;117;111
"71435";194;158;12;146;69;77
"71436";809;712;61;651;404;247
"71437";335;290;24;266;105;161
"71438";463;372;33;339;159;180
"71439";514;448;35;413;195;218
"71440";338;274;18;256;162;94
"71441";227;187;10;177;66;111
"71442";1152;932;69;863;416;447
"71443";1106;962;70;892;425;467
"71444";830;735;64;671;332;339
"71445";4249;3530;277;3253;1836;1417
"71446";157;139;9;130;76;54
"71447";226;193;18;175;69;106
"71448";938;802;67;735;326;409
"71449";75;67;4;63;40;23
"71450";97;78;6;72;24;48
"71451";89;68;3;65;34;31
"71452";97;86;4;82;47;35
"71453";224;190;14;176;78;98
"71454";137;121;13;108;61;47
"71455";160;132;10;122;69;53
"71456";1459;1202;115;1087;589;498
"71457";106;79;6;73;24;49
"71458";61;40;5;35;20;15
"71459";302;255;16;239;100;139
"71460";310;252;12;240;109;131
"71461";70;51;5;46;29;17
"71462";397;332;27;305;155;150
"71463";425;347;33;314;149;165
"71464";153;134;11;123;47;76
"71465";207;171;6;165;60;105
"71466";87;77;8;69;32;37
"71468";692;598;36;562;317;245
"71469";320;271;13;258;107;151
"71470";286;242;7;235;128;107
"71471";74;56;7;49;29;20
"71472";194;165;8;157;88;69
"71473";162;135;13;122;45;77
"71474";156;125;10;115;47;68
"71475";4771;3911;284;3627;2011;1616
"71477";417;356;29;327;169;158
"71478";79;66;3;63;19;44
"71479";1487;1237;91;1146;756;390
"71480";500;419;34;385;181;204
"71481";778;622;40;582;241;341
"71482";647;558;35;523;265;258
"71483";356;310;23;287;100;187
"71484";927;793;60;733;360;373
"71485";224;189;7;182;90;92
"71486";7009;5528;414;5114;3127;1987
"71487";172;128;12;116;49;67
"71488";86;82;5;77;45;32
"71489";395;334;36;298;136;162
"71490";756;668;50;618;275;343
"71491";974;802;65;737;321;416
"71492";120;100;4;96;59;37
"71493";270;211;9;202;108;94
"71494";390;339;25;314;161;153
"71495";581;494;23;471;257;214
"71496";126;105;12;93;48;45
"71497";1504;1323;88;1235;568;667
"71498";119;107;4;103;41;62
"71499";3387;2605;210;2395;1399;996
"71500";121;109;3;106;28;78
"71501";127;109;8;101;63;38
"71502";1215;1057;82;975;515;460
"71503";111;95;6;89;42;47
"71504";82;65;3;62;25;37
"71505";88;75;3;72;21;51
"71506";854;717;59;658;308;350
"71507";158;131;10;121;53;68
"71508";299;259;20;239;156;83
"71509";399;335;34;301;156;145
"71510";478;404;23;381;195;186
"71512";2060;1715;134;1581;744;837
"71513";849;737;66;671;296;375
"71514";263;229;17;212;103;109
"71515";97;92;5;87;42;45
"71516";402;330;36;294;136;158
"71517";188;153;12;141;58;83
"71518";251;220;14;206;92;114
"71519";129;89;7;82;31;51
"71520";746;646;40;606;364;242
"71521";84;74;4;70;29;41
"71522";1170;957;73;884;449;435
"71523";767;643;57;586;309;277
"71524";148;113;8;105;56;49
"71525";425;362;21;341;188;153
"71526";333;302;18;284;97;187
"71527";174;150;12;138;76;62
"71528";1622;1313;85;1228;585;643
"71529";278;230;15;215;109;106
"71530";485;393;36;357;163;194
"71531";220;187;17;170;81;89
"71532";85;73;3;70;51;19
"71533";458;384;24;360;146;214
"71534";85;72;5;67;34;33
"71535";431;388;36;352;155;197
"71537";130;115;10;105;56;49
"71538";318;269;26;243;103;140
"71539";79;68;6;62;21;41
"71540";2377;1729;120;1609;1096;513
"71541";262;216;18;198;108;90
"71542";1276;1053;72;981;552;429
"71543";4323;3180;199;2981;1486;1495
"71544";148;126;21;105;44;61
"71545";727;624;41;583;232;351
"71546";328;273;9;264;116;148
"71547";223;185;8;177;52;125
"71548";198;170;14;156;83;73
"71549";162;143;10;133;72;61
"71550";599;529;24;505;272;233
"71551";91;82;8;74;36;38
"71552";438;379;33;346;245;101
"71553";194;165;11;154;76;78
"71554";117;84;6;78;28;50
"71555";1345;1157;109;1048;487;561
"71556";372;297;13;284;132;152
"71557";493;423;37;386;186;200
"71558";839;720;54;666;220;446
"71559";528;463;41;422;125;297
"71561";208;187;15;172;68;104
"71562";196;166;8;158;51;107
"71563";92;79;2;77;48;29
"71564";627;539;52;487;205;282
"71565";505;437;42;395;243;152
"71566";705;552;44;508;196;312
"71567";207;178;10;168;53;115
"71568";45;42;5;37;6;31
"71570";412;347;27;320;165;155
"71571";349;297;32;265;111;154
"71572";173;135;10;125;66;59
"71573";179;152;12;140;53;87
"71574";555;482;24;458;223;235
"71576";214;185;7;178;77;101
"71577";139;124;16;108;47;61
"71578";175;154;13;141;67;74
"71579";135;114;13;101;51;50
"71580";317;277;28;249;122;127
"71581";187;172;13;159;61;98
"71582";244;208;9;199;112;87
"71583";612;538;30;508;236;272
"71584";859;675;59;616;261;355
"71585";1024;871;73;798;417;381
"71586";198;174;10;164;63;101
"71587";58;53;1;52;22;30
"71588";882;773;60;713;380;333
"71589";339;278;19;259;150;109
"71590";504;440;41;399;166;233
"71591";363;299;18;281;133;148
"72001";1209;1074;62;1012;584;428
"72002";219;191;4;187;85;102
"72003";7415;5605;371;5234;3467;1767
"72004";371;331;18;313;155;158
"72005";685;578;32;546;260;286
"72006";1363;1184;67;1117;503;614
"72007";333;292;12;280;159;121
"72008";4349;3571;241;3330;2042;1288
"72009";255;206;17;189;94;95
"72010";304;261;24;237;130;107
"72011";694;572;41;531;236;295
"72012";366;318;16;302;142;160
"72013";1739;1345;115;1230;649;581
"72015";109;90;7;83;48;35
"72016";1157;914;55;859;336;523
"72017";179;157;7;150;61;89
"72018";98;75;3;72;35;37
"72019";286;226;26;200;78;122
"72020";560;484;42;442;176;266
"72021";412;360;23;337;153;184
"72022";807;691;65;626;287;339
"72023";955;794;65;729;384;345
"72024";2715;2339;121;2218;1135;1083
"72025";906;771;50;721;287;434
"72026";1115;930;71;859;421;438
"72027";283;240;15;225;99;126
"72028";417;348;38;310;165;145
"72029";1358;1132;42;1090;464;626
"72031";340;290;16;274;158;116
"72032";286;249;20;229;120;109
"72033";291;249;15;234;117;117
"72034";371;325;19;306;142;164
"72035";1777;1434;113;1321;743;578
"72036";218;183;12;171;89;82
"72037";74;59;2;57;21;36
"72038";408;337;23;314;167;147
"72039";2952;2349;193;2156;1058;1098
"72040";95;75;8;67;39;28
"72041";206;183;20;163;75;88
"72042";1651;1306;78;1228;661;567
"72043";225;201;14;187;95;92
"72044";320;263;22;241;128;113
"72045";468;400;21;379;214;165
"72046";994;846;61;785;405;380
"72047";1417;1198;114;1084;603;481
"72048";448;351;22;329;153;176
"72049";205;165;16;149;75;74
"72050";1122;958;69;889;351;538
"72051";2327;1906;143;1763;951;812
"72052";626;549;49;500;256;244
"72053";908;757;65;692;336;356
"72054";2377;2025;136;1889;1057;832
"72056";941;833;58;775;382;393
"72057";75;62;6;56;19;37
"72058";4847;4203;254;3949;2065;1884
"72059";619;530;30;500;180;320
"72060";239;195;11;184;92;92
"72061";1143;942;70;872;360;512
"72062";626;522;38;484;228;256
"72063";246;198;21;177;97;80
"72064";442;369;30;339;181;158
"72065";1781;1585;100;1485;772;713
"72066";323;287;21;266;128;138
"72067";703;561;63;498;237;261
"72068";1081;907;46;861;374;487
"72069";133;122;10;112;42;70
"72070";191;166;11;155;76;79
"72071";3404;2587;156;2431;1232;1199
"72072";173;139;8;131;81;50
"72073";780;686;43;643;340;303
"72074";179;156;18;138;80;58
"72075";719;612;54;558;282;276
"72076";155;135;13;122;56;66
"72077";361;300;18;282;105;177
"72078";275;219;12;207;99;108
"72079";263;217;13;204;93;111
"72080";1291;1130;90;1040;437;603
"72081";717;630;53;577;268;309
"72082";496;409;43;366;186;180
"72083";285;245;26;219;110;109
"72084";867;745;51;694;378;316
"72085";172;149;13;136;58;78
"72086";125;109;13;96;33;63
"72087";433;356;25;331;145;186
"72088";253;221;20;201;93;108
"72089";1393;1182;75;1107;467;640
"72090";2051;1752;112;1640;887;753
"72091";130;116;8;108;49;59
"72093";763;635;44;591;266;325
"72094";462;388;25;363;180;183
"72095";4905;3963;232;3731;2293;1438
"72096";1036;932;61;871;452;419
"72097";340;272;16;256;113;143
"72098";435;369;22;347;214;133
"72099";433;362;39;323;143;180
"72100";283;242;14;228;118;110
"72101";466;402;35;367;191;176
"72102";75;68;4;64;27;37
"72103";493;415;30;385;209;176
"72104";434;358;34;324;144;180
"72105";390;333;25;308;128;180
"72106";624;542;60;482;234;248
"72107";253;223;20;203;98;105
"72108";561;463;37;426;172;254
"72109";411;343;30;313;113;200
"72110";663;574;44;530;254;276
"72111";403;352;16;336;162;174
"72112";411;322;18;304;144;160
"72113";576;520;31;489;252;237
"72114";211;179;14;165;58;107
"72115";723;615;41;574;219;355
"72116";103;83;13;70;36;34
"72117";472;385;28;357;144;213
"72118";1042;863;57;806;382;424
"72119";768;680;41;639;325;314
"72120";155;130;9;121;65;56
"72121";251;212;22;190;70;120
"72122";759;649;45;604;307;297
"72123";56;52;5;47;12;35
"72124";3347;2633;182;2451;1256;1195
"72125";256;219;15;204;93;111
"72126";243;212;16;196;92;104
"72127";1667;1426;82;1344;798;546
"72128";295;241;16;225;102;123
"72129";588;492;18;474;196;278
"72130";470;413;28;385;198;187
"72131";400;342;24;318;205;113
"72132";6116;4799;298;4501;2178;2323
"72133";1091;947;66;881;486;395
"72134";442;388;23;365;178;187
"72135";424;367;35;332;187;145
"72136";266;204;10;194;61;133
"72137";692;585;31;554;225;329
"72138";1687;1315;80;1235;595;640
"72139";731;613;50;563;250;313
"72141";685;568;56;512;235;277
"72142";138;117;9;108;49;59
"72143";1398;1145;91;1054;498;556
"72144";321;266;10;256;111;145
"72145";324;256;18;238;116;122
"72146";2125;1823;121;1702;960;742
"72147";843;687;51;636;351;285
"72148";88;64;0;64;38;26
"72149";428;358;24;334;135;199
"72150";976;817;71;746;411;335
"72151";877;756;69;687;265;422
"72152";369;322;25;297;118;179
"72153";503;418;20;398;199;199
"72154";10896;8711;547;8164;4240;3924
"72155";1720;1470;102;1368;729;639
"72156";677;576;49;527;244;283
"72157";554;492;26;466;214;252
"72158";593;490;40;450;233;217
"72159";307;256;20;236;123;113
"72160";465;383;36;347;172;175
"72161";736;619;44;575;326;249
"72162";290;240;14;226;98;128
"72163";316;275;31;244;114;130
"72164";64;58;3;55;24;31
"72165";1516;1287;103;1184;664;520
"72166";258;222;8;214;117;97
"72167";455;376;34;342;156;186
"72168";1483;1266;73;1193;472;721
"72169";1117;953;85;868;451;417
"72170";133;113;5;108;41;67
"72171";110;101;8;93;47;46
"72172";1039;888;72;816;385;431
"72173";955;832;68;764;381;383
"72174";91;69;4;65;31;34
"72175";1328;1073;65;1008;476;532
"72176";2969;2496;207;2289;1084;1205
"72177";259;224;18;206;109;97
"72178";141;114;7;107;39;68
"72179";1452;1164;88;1076;567;509
"72180";3964;3016;181;2835;1388;1447
"72181";95474;72839;4617;68222;41124;27098
"72182";1217;944;63;881;445;436
"72183";811;691;44;647;225;422
"72184";264;235;13;222;72;150
"72185";436;379;23;356;175;181
"72186";634;518;39;479;232;247
"72187";1170;982;62;920;520;400
"72188";114;100;8;92;56;36
"72189";1598;1305;97;1208;542;666
"72190";236;205;16;189;102;87
"72191";2349;1980;149;1831;912;919
"72192";102;83;6;77;29;48
"72193";387;302;25;277;84;193
"72194";207;179;9;170;103;67
"72195";1263;1052;96;956;542;414
"72196";465;399;38;361;192;169
"72197";437;376;20;356;186;170
"72198";1890;1617;105;1512;764;748
"72199";177;153;15;138;71;67
"72200";2459;2092;134;1958;1114;844
"72201";199;170;12;158;76;82
"72202";190;165;15;150;65;85
"72203";598;510;37;473;256;217
"72204";449;360;31;329;144;185
"72205";1226;1010;80;930;543;387
"72207";37;37;1;36;11;25
"72208";344;274;19;255;95;160
"72209";241;208;18;190;81;109
"72210";207;166;14;152;81;71
"72211";565;457;37;420;157;263
"72212";574;491;40;451;239;212
"72213";3685;3055;211;2844;1723;1121
"72214";16;14;1;13;3;10
"72215";644;558;46;512;240;272
"72216";433;372;17;355;153;202
"72217";1839;1668;89;1579;781;798
"72218";222;181;14;167;73;94
"72219";284;245;20;225;105;120
"72220";693;542;35;507;242;265
"72221";331;270;15;255;121;134
"72222";221;174;8;166;82;84
"72223";1881;1541;97;1444;662;782
"72224";366;316;28;288;174;114
"72225";445;365;27;338;160;178
"72226";779;675;56;619;377;242
"72227";35;33;5;28;12;16
"72228";1572;1301;88;1213;575;638
"72229";349;267;20;247;113;134
"72230";743;649;62;587;330;257
"72231";3574;3020;243;2777;1337;1440
"72232";366;310;28;282;140;142
"72233";60;56;4;52;23;29
"72234";304;233;20;213;103;110
"72235";253;221;10;211;94;117
"72236";149;139;3;136;45;91
"72237";343;291;20;271;159;112
"72238";81;67;3;64;15;49
"72239";453;384;28;356;163;193
"72240";338;288;22;266;126;140
"72241";2111;1779;123;1656;928;728
"72243";1129;955;79;876;484;392
"72244";2018;1701;116;1585;572;1013
"72245";479;416;36;380;201;179
"72246";162;133;7;126;68;58
"72247";966;847;52;795;452;343
"72248";592;524;43;481;251;230
"72249";564;467;34;433;217;216
"72250";171;148;6;142;44;98
"72251";264;214;18;196;90;106
"72252";883;772;62;710;421;289
"72253";1948;1621;118;1503;869;634
"72254";168;143;10;133;50;83
"72255";643;468;32;436;207;229
"72256";573;484;47;437;168;269
"72257";1722;1504;92;1412;760;652
"72258";202;171;10;161;72;89
"72259";234;213;9;204;91;113
"72260";2581;2212;177;2035;1109;926
"72261";245;218;20;198;75;123
"72262";966;852;49;803;358;445
"72264";8268;6286;349;5937;2797;3140
"72265";198;165;14;151;79;72
"72266";535;443;29;414;207;207
"72267";703;588;47;541;270;271
"72268";440;383;35;348;185;163
"72269";2304;1844;113;1731;903;828
"72270";154;133;7;126;43;83
"72271";495;416;47;369;187;182
"72272";281;242;18;224;95;129
"72273";174;160;11;149;76;73
"72274";144;132;17;115;30;85
"72275";829;712;44;668;305;363
"72276";1608;1321;113;1208;637;571
"72277";102;93;9;84;40;44
"72278";624;518;36;482;153;329
"72279";144;123;9;114;74;40
"72280";1584;1329;84;1245;749;496
"72281";321;276;24;252;131;121
"72282";396;320;24;296;124;172
"72283";294;247;22;225;96;129
"72284";404;333;30;303;151;152
"72286";331;282;14;268;131;137
"72287";1649;1409;96;1313;759;554
"72288";107;93;10;83;30;53
"72289";1463;1258;88;1170;707;463
"72290";1029;883;72;811;390;421
"72291";704;589;44;545;280;265
"72292";195;162;12;150;45;105
"72293";415;338;33;305;181;124
"72294";396;330;28;302;128;174
"72295";482;415;32;383;192;191
"72296";610;516;50;466;193;273
"72297";405;358;20;338;192;146
"72298";398;349;30;319;167;152
"72299";1670;1402;107;1295;644;651
"72300";1853;1517;115;1402;776;626
"72301";607;521;45;476;249;227
"72302";156;131;14;117;58;59
"72303";570;463;31;432;245;187
"72304";159;133;11;122;72;50
"72305";688;599;42;557;278;279
"72306";903;755;75;680;379;301
"72307";151;131;12;119;56;63
"72308";1178;1013;68;945;497;448
"72309";232;191;14;177;89;88
"72310";1604;1406;52;1354;647;707
"72311";288;238;24;214;91;123
"72312";151;126;5;121;33;88
"72313";190;161;9;152;76;76
"72314";287;237;20;217;115;102
"72315";643;539;41;498;227;271
"72316";569;490;51;439;214;225
"72317";439;368;28;340;147;193
"72318";339;290;19;271;129;142
"72319";504;445;23;422;228;194
"72320";1710;1499;89;1410;743;667
"72321";409;353;35;318;119;199
"72322";198;166;8;158;52;106
"72323";273;231;23;208;87;121
"72324";387;319;25;294;109;185
"72325";656;565;51;514;254;260
"72326";166;147;11;136;63;73
"72327";253;211;18;193;92;101
"72328";3127;2639;136;2503;1266;1237
"72329";3410;2837;172;2665;1278;1387
"72330";350;285;22;263;110;153
"72331";402;335;19;316;159;157
"72332";487;388;34;354;181;173
"72333";365;304;26;278;118;160
"72334";1691;1309;87;1222;501;721
"72335";831;720;48;672;292;380
"72336";1114;985;50;935;283;652
"72337";643;544;35;509;234;275
"72338";464;409;36;373;203;170
"72339";526;450;22;428;241;187
"72340";856;756;55;701;404;297
"72341";459;407;27;380;191;189
"72342";164;139;10;129;76;53
"72343";462;398;23;375;157;218
"72344";2334;1929;149;1780;963;817
"72345";252;223;11;212;136;76
"72346";3207;2655;197;2458;1430;1028
"72347";214;188;15;173;66;107
"72348";105;92;3;89;40;49
"72349";397;324;23;301;169;132
"72350";2241;1924;140;1784;947;837
"72351";743;624;58;566;228;338
"72352";103;81;6;75;35;40
"72353";187;164;15;149;61;88
"72354";134;110;10;100;39;61
"72355";76;61;4;57;20;37
"72356";326;266;26;240;117;123
"72357";537;437;45;392;218;174
"72358";1135;965;72;893;437;456
"72359";950;781;76;705;359;346
"72360";987;861;58;803;471;332
"72361";372;318;17;301;147;154
"72362";105;96;4;92;46;46
"72363";1252;983;67;916;422;494
"72364";1229;1015;68;947;412;535
"72366";301;246;13;233;88;145
"72367";532;425;21;404;174;230
"72368";273;229;18;211;90;121
"72369";455;385;30;355;182;173
"72370";238;203;9;194;95;99
"72372";59;54;8;46;21;25
"72373";1921;1660;134;1526;689;837
"72374";150;128;10;118;47;71
"72375";406;358;24;334;144;190
"72376";502;441;42;399;178;221
"72377";735;630;56;574;276;298
"72378";983;840;59;781;346;435
"72379";155;123;13;110;49;61
"72380";705;617;43;574;288;286
"72381";840;724;51;673;392;281
"72382";624;502;45;457;218;239
"72383";86;77;8;69;36;33
"72384";627;526;37;489;250;239
"72385";1428;1173;83;1090;670;420
"72386";3502;2994;141;2853;1536;1317
"73001";232;208;8;200;79;121
"73002";666;519;39;480;243;237
"73003";2426;2024;130;1894;903;991
"73004";374;308;26;282;141;141
"73005";167;139;9;130;90;40
"73006";3038;2498;173;2325;977;1348
"73007";794;667;74;593;267;326
"73008";20535;15941;911;15030;6372;8658
"73010";2460;2063;123;1940;756;1184
"73011";11186;8413;521;7892;4000;3892
"73012";136;107;1;106;65;41
"73013";477;393;29;364;179;185
"73014";179;151;8;143;62;81
"73015";1407;1130;56;1074;258;816
"73017";812;721;46;675;248;427
"73018";580;523;30;493;232;261
"73019";708;586;61;525;343;182
"73020";337;288;18;270;112;158
"73021";667;534;30;504;276;228
"73022";469;386;28;358;164;194
"73023";564;480;26;454;235;219
"73024";663;569;41;528;168;360
"73025";362;311;15;296;125;171
"73026";304;261;24;237;140;97
"73027";248;223;13;210;91;119
"73028";246;212;16;196;78;118
"73029";3438;2914;160;2754;1278;1476
"73030";1958;1637;88;1549;861;688
"73031";2759;2271;140;2131;943;1188
"73032";1636;1312;97;1215;685;530
"73033";290;245;13;232;116;116
"73034";1740;1519;82;1437;598;839
"73036";550;464;46;418;211;207
"73038";841;718;29;689;279;410
"73039";436;372;23;349;174;175
"73040";386;323;28;295;132;163
"73041";227;195;18;177;76;101
"73042";235;207;19;188;88;100
"73043";1659;1409;122;1287;648;639
"73045";275;233;18;215;124;91
"73046";128;103;10;93;44;49
"73047";223;176;16;160;50;110
"73048";246;204;15;189;109;80
"73049";133;108;6;102;68;34
"73050";413;366;22;344;119;225
"73051";2937;2502;111;2391;1055;1336
"73052";129;122;7;115;41;74
"73053";456;388;25;363;179;184
"73054";5010;3901;194;3707;1504;2203
"73055";1552;1236;60;1176;537;639
"73056";449;366;29;337;139;198
"73057";416;351;21;330;105;225
"73058";887;719;51;668;368;300
"73059";1790;1529;71;1458;589;869
"73061";291;255;21;234;115;119
"73062";323;275;19;256;103;153
"73063";552;455;27;428;245;183
"73064";3760;3194;181;3013;1228;1785
"73065";32629;26279;1356;24923;14164;10759
"73067";829;674;39;635;300;335
"73068";406;350;34;316;147;169
"73069";656;544;40;504;286;218
"73070";431;365;22;343;156;187
"73071";612;520;18;502;206;296
"73072";55;49;1;48;12;36
"73073";402;338;16;322;162;160
"73074";280;240;18;222;136;86
"73075";441;400;24;376;194;182
"73076";178;151;9;142;92;50
"73077";446;351;25;326;146;180
"73078";113;99;5;94;49;45
"73079";614;528;38;490;270;220
"73080";169;146;13;133;56;77
"73081";450;381;24;357;165;192
"73082";454;391;29;362;177;185
"73083";192;164;16;148;53;95
"73084";692;576;35;541;205;336
"73085";1005;857;56;801;361;440
"73086";354;297;33;264;110;154
"73087";4242;3478;202;3276;1786;1490
"73088";166;142;8;134;39;95
"73089";952;818;64;754;387;367
"73090";217;178;11;167;64;103
"73091";171;144;1;143;63;80
"73092";131;106;8;98;51;47
"73093";638;532;27;505;239;266
"73094";371;317;10;307;70;237
"73095";229;205;16;189;100;89
"73096";839;719;44;675;364;311
"73097";561;486;24;462;272;190
"73098";683;575;36;539;280;259
"73099";303;246;18;228;109;119
"73100";1398;1184;80;1104;468;636
"73101";95;82;2;80;38;42
"73103";1888;1630;95;1535;728;807
"73104";294;258;22;236;109;127
"73105";831;680;56;624;282;342
"73106";238;204;11;193;80;113
"73107";568;473;17;456;221;235
"73108";309;263;14;249;127;122
"73109";587;462;38;424;235;189
"73110";591;463;30;433;234;199
"73111";262;223;17;206;105;101
"73112";452;373;19;354;213;141
"73113";131;117;2;115;65;50
"73114";612;508;29;479;124;355
"73115";124;109;9;100;53;47
"73116";607;502;15;487;152;335
"73117";550;444;27;417;244;173
"73118";627;545;24;521;263;258
"73119";93;76;11;65;41;24
"73120";380;313;19;294;118;176
"73121";1067;911;64;847;443;404
"73122";337;269;12;257;129;128
"73123";374;320;22;298;84;214
"73124";2276;1944;123;1821;851;970
"73126";317;263;17;246;131;115
"73127";261;222;18;204;97;107
"73128";2947;2514;178;2336;1037;1299
"73129";854;718;61;657;318;339
"73130";1462;1228;76;1152;613;539
"73131";246;210;7;203;100;103
"73132";763;607;47;560;200;360
"73133";261;246;22;224;130;94
"73135";451;394;29;365;153;212
"73137";2274;1870;94;1776;897;879
"73138";438;381;26;355;162;193
"73139";261;220;14;206;119;87
"73140";210;183;10;173;66;107
"73141";489;392;29;363;163;200
"73142";563;463;36;427;224;203
"73143";513;450;15;435;129;306
"73144";392;332;16;316;97;219
"73145";364;317;25;292;129;163
"73146";495;426;31;395;220;175
"73147";167;138;12;126;62;64
"73149";247;215;17;198;104;94
"73150";1681;1354;57;1297;450;847
"73151";1773;1487;96;1391;657;734
"73152";159;132;5;127;55;72
"73153";1142;949;74;875;454;421
"73154";2270;1957;126;1831;872;959
"73155";1160;1024;65;959;415;544
"73156";267;226;11;215;75;140
"73157";2113;1646;127;1519;768;751
"73158";348;286;26;260;111;149
"73159";533;435;29;406;226;180
"73160";697;626;39;587;227;360
"73161";527;446;18;428;151;277
"73162";497;418;29;389;196;193
"73163";184;147;13;134;53;81
"73164";696;612;32;580;240;340
"73166";49;38;3;35;20;15
"73167";143;107;4;103;41;62
"73168";111;89;7;82;48;34
"73169";394;332;33;299;132;167
"73170";413;323;21;302;163;139
"73171";2325;1893;115;1778;1045;733
"73173";473;402;23;379;212;167
"73175";155;123;9;114;59;55
"73176";578;480;18;462;116;346
"73177";208;184;15;169;111;58
"73178";347;294;18;276;177;99
"73179";8291;7157;401;6756;2913;3843
"73180";336;292;22;270;129;141
"73181";1921;1443;104;1339;631;708
"73182";1667;1469;105;1364;576;788
"73183";861;773;50;723;311;412
"73184";374;336;18;318;149;169
"73186";467;395;9;386;85;301
"73187";1612;1317;97;1220;663;557
"73188";701;584;42;542;262;280
"73189";133;113;7;106;47;59
"73190";270;212;15;197;75;122
"73191";1417;1217;66;1151;506;645
"73192";168;142;14;128;79;49
"73193";77;63;8;55;25;30
"73194";354;284;32;252;147;105
"73196";579;497;48;449;193;256
"73197";522;432;25;407;162;245
"73198";308;242;13;229;94;135
"73200";395;347;36;311;162;149
"73201";345;260;21;239;115;124
"73202";305;271;16;255;135;120
"73203";375;306;20;286;157;129
"73204";1209;945;67;878;425;453
"73205";139;123;10;113;58;55
"73206";609;516;15;501;161;340
"73207";365;306;40;266;132;134
"73208";689;609;28;581;246;335
"73210";312;276;24;252;108;144
"73211";682;576;47;529;285;244
"73212";614;507;50;457;251;206
"73213";5513;4708;304;4404;2107;2297
"73214";177;155;9;146;41;105
"73215";2374;1886;135;1751;864;887
"73216";290;238;34;204;113;91
"73217";212;183;16;167;106;61
"73218";657;551;47;504;242;262
"73219";467;410;30;380;193;187
"73220";324;282;13;269;158;111
"73221";163;143;14;129;70;59
"73222";4373;3638;242;3396;1617;1779
"73223";420;354;19;335;177;158
"73224";543;450;32;418;186;232
"73225";2197;1912;121;1791;869;922
"73226";1211;992;74;918;462;456
"73227";1524;1244;46;1198;234;964
"73228";596;506;36;470;213;257
"73229";361;307;29;278;130;148
"73230";308;245;18;227;105;122
"73231";942;762;59;703;357;346
"73232";645;513;40;473;181;292
"73233";142;120;10;110;61;49
"73234";150;125;4;121;60;61
"73235";204;159;7;152;45;107
"73236";1527;1251;87;1164;487;677
"73237";275;224;18;206;143;63
"73238";326;275;14;261;122;139
"73239";486;410;32;378;136;242
"73240";585;494;41;453;246;207
"73241";838;687;46;641;283;358
"73242";262;213;10;203;79;124
"73243";1235;1029;46;983;552;431
"73244";439;366;26;340;156;184
"73245";571;495;25;470;201;269
"73246";175;158;17;141;78;63
"73247";701;612;29;583;336;247
"73248";5038;3975;249;3726;1843;1883
"73249";852;744;52;692;290;402
"73250";1249;1075;80;995;615;380
"73252";204;177;13;164;86;78
"73253";462;372;26;346;206;140
"73254";118;106;7;99;44;55
"73255";630;528;35;493;244;249
"73256";266;200;24;176;103;73
"73257";2106;1772;58;1714;508;1206
"73258";560;488;37;451;298;153
"73259";384;324;34;290;145;145
"73260";164;148;9;139;77;62
"73261";1934;1514;119;1395;731;664
"73262";381;321;23;298;79;219
"73263";507;403;24;379;160;219
"73264";233;203;17;186;74;112
"73265";433;365;18;347;179;168
"73266";168;138;13;125;58;67
"73267";280;235;14;221;91;130
"73268";368;283;35;248;148;100
"73269";495;427;35;392;176;216
"73270";2620;2216;163;2053;1066;987
"73271";206;182;14;168;88;80
"73272";151;136;8;128;75;53
"73273";268;238;20;218;110;108
"73274";327;290;16;274;143;131
"73275";261;229;12;217;90;127
"73276";331;274;20;254;118;136
"73277";133;111;7;104;43;61
"73278";1006;840;71;769;338;431
"73280";375;293;11;282;111;171
"73281";619;529;39;490;227;263
"73282";729;604;42;562;246;316
"73283";526;456;39;417;216;201
"73284";573;478;19;459;157;302
"73285";1666;1384;88;1296;540;756
"73286";794;642;48;594;263;331
"73287";204;173;10;163;61;102
"73288";1140;991;67;924;419;505
"73289";317;280;25;255;129;126
"73290";331;269;31;238;77;161
"73292";222;186;15;171;104;67
"73293";392;346;13;333;174;159
"73294";261;223;12;211;115;96
"73296";1424;1069;58;1011;330;681
"73297";438;375;29;346;191;155
"73298";662;556;53;503;258;245
"73299";252;215;12;203;85;118
"73300";2634;2021;116;1905;642;1263
"73301";534;455;33;422;176;246
"73302";227;191;13;178;84;94
"73303";4923;3901;330;3571;1787;1784
"73304";1331;1070;41;1029;216;813
"73305";177;144;4;140;70;70
"73306";1107;884;38;846;263;583
"73307";351;281;19;262;158;104
"73308";469;405;21;384;190;194
"73309";215;185;17;168;66;102
"73310";391;345;18;327;148;179
"73311";70;63;4;59;35;24
"73312";633;551;42;509;248;261
"73313";163;140;10;130;46;84
"73314";205;185;6;179;102;77
"73315";359;317;24;293;136;157
"73316";208;177;28;149;71;78
"73317";547;456;35;421;227;194
"73318";271;195;12;183;58;125
"73320";711;608;49;559;279;280
"73321";306;252;17;235;116;119
"73322";417;348;21;327;131;196
"73323";391;305;27;278;99;179
"73324";199;178;13;165;78;87
"73326";1504;1310;65;1245;544;701
"73327";291;227;19;208;119;89
"73328";1516;1270;54;1216;496;720
"73329";1250;1071;59;1012;448;564
"73330";2135;1761;114;1647;719;928
"74001";1113;916;52;864;191;673
"74002";1323;1148;84;1064;518;546
"74003";778;665;55;610;256;354
"74004";264;209;18;191;75;116
"74005";3128;2577;152;2425;975;1450
"74006";1092;943;58;885;351;534
"74007";1554;1347;85;1262;450;812
"74008";3936;2699;129;2570;1065;1505
"74009";551;453;21;432;133;299
"74010";32425;25520;1325;24195;11590;12605
"74011";15428;12461;618;11843;4613;7230
"74012";16369;11827;577;11250;5824;5426
"74013";1496;1286;64;1222;408;814
"74014";1436;1133;47;1086;401;685
"74015";740;603;41;562;211;351
"74016";1320;1072;56;1016;338;678
"74018";1080;935;64;871;276;595
"74019";1631;1418;75;1343;536;807
"74020";923;818;43;775;284;491
"74021";1022;864;44;820;225;595
"74022";549;492;32;460;215;245
"74024";1620;1368;101;1267;440;827
"74025";919;752;43;709;234;475
"74026";3364;2778;174;2604;1110;1494
"74027";275;252;11;241;57;184
"74029";339;299;21;278;121;157
"74030";197;164;21;143;38;105
"74031";1240;1025;56;969;331;638
"74032";1166;966;72;894;260;634
"74033";960;838;54;784;271;513
"74034";351;295;20;275;118;157
"74035";428;364;16;348;103;245
"74036";282;244;8;236;61;175
"74037";1206;1016;54;962;387;575
"74038";790;672;48;624;213;411
"74040";1906;1626;69;1557;606;951
"74041";236;180;8;172;59;113
"74042";7161;5487;306;5181;2484;2697
"74043";3330;2777;153;2624;957;1667
"74044";433;349;33;316;92;224
"74045";181;156;10;146;47;99
"74046";389;341;26;315;122;193
"74048";715;576;36;540;179;361
"74049";360;314;21;293;87;206
"74050";508;425;41;384;167;217
"74051";403;338;15;323;141;182
"74052";665;559;32;527;174;353
"74053";717;615;26;589;281;308
"74054";490;415;26;389;173;216
"74055";372;306;35;271;123;148
"74056";7044;5565;253;5312;1888;3424
"74057";726;643;46;597;262;335
"74058";642;526;14;512;96;416
"74059";177;151;13;138;50;88
"74060";113;104;12;92;50;42
"74061";575;512;24;488;187;301
"74062";872;753;47;706;280;426
"74063";960;833;22;811;112;699
"74064";936;806;52;754;244;510
"74065";341;293;15;278;115;163
"74066";134;114;4;110;49;61
"74067";1760;1538;90;1448;507;941
"74068";301;268;16;252;74;178
"74069";422;350;22;328;97;231
"74070";1038;848;38;810;318;492
"74071";145;124;8;116;47;69
"74072";139;118;9;109;47;62
"74073";442;375;51;324;120;204
"74074";266;230;13;217;80;137
"74075";880;752;51;701;243;458
"74076";1267;1050;67;983;395;588
"74077";590;511;26;485;174;311
"74078";297;260;18;242;92;150
"74079";449;403;23;380;87;293
"74080";1482;1279;42;1237;188;1049
"74081";9341;7181;392;6789;2911;3878
"74082";2065;1648;62;1586;585;1001
"74083";1636;1401;44;1357;279;1078
"74084";264;235;5;230;97;133
"74085";1057;885;46;839;247;592
"74086";457;367;16;351;114;237
"74087";1151;947;59;888;326;562
"74088";617;540;19;521;221;300
"74089";826;676;27;649;134;515
"74090";820;696;41;655;230;425
"74091";178;159;4;155;46;109
"74093";9922;7699;445;7254;3916;3338
"74094";4141;3478;197;3281;1093;2188
"74095";188;163;8;155;47;108
"74096";2712;2324;155;2169;775;1394
"74097";1321;1098;60;1038;504;534
"74098";812;719;44;675;241;434
"74099";704;596;20;576;61;515
"74100";552;478;31;447;147;300
"74101";395;347;28;319;137;182
"74102";964;846;52;794;372;422
"74103";1536;1287;84;1203;353;850
"74104";2393;2033;127;1906;766;1140
"74105";2974;2383;124;2259;806;1453
"74106";584;469;21;448;169;279
"74107";91;78;7;71;29;42
"74108";716;628;36;592;245;347
"74109";568;504;30;474;215;259
"74110";525;449;20;429;155;274
"74111";189;159;12;147;50;97
"74112";2617;2296;153;2143;880;1263
"74114";341;278;7;271;68;203
"74116";1351;1176;61;1115;387;728
"74117";543;464;29;435;182;253
"74118";991;776;37;739;302;437
"74119";5612;4407;239;4168;1766;2402
"74120";1021;853;48;805;333;472
"74121";695;589;26;563;164;399
"74122";399;349;23;326;137;189
"74123";4625;3795;295;3500;1605;1895
"74124";966;857;53;804;291;513
"74126";655;545;41;504;152;352
"74127";1042;869;68;801;333;468
"74128";2470;2115;123;1992;674;1318
"74129";176;153;14;139;25;114
"74130";314;263;20;243;107;136
"74131";1304;1062;51;1011;331;680
"74133";5787;4208;184;4024;1854;2170
"74134";1167;980;21;959;164;795
"74135";420;361;17;344;136;208
"74136";1887;1669;60;1609;247;1362
"74137";2344;2015;131;1884;764;1120
"74138";1063;915;74;841;389;452
"74139";681;527;37;490;233;257
"74140";932;791;45;746;317;429
"74141";676;568;36;532;210;322
"74142";690;580;30;550;240;310
"74143";2111;1716;79;1637;616;1021
"74144";501;415;21;394;180;214
"74145";475;392;21;371;109;262
"74146";893;778;55;723;268;455
"74147";747;641;61;580;215;365
"74148";226;199;10;189;81;108
"74150";1020;821;38;783;267;516
"74151";363;298;18;280;120;160
"74152";809;733;30;703;269;434
"74153";1203;955;48;907;325;582
"74154";1689;1374;82;1292;490;802
"74155";651;527;36;491;181;310
"74156";538;436;20;416;158;258
"74157";1133;988;64;924;372;552
"74158";624;504;29;475;165;310
"74159";2191;1729;96;1633;459;1174
"74160";791;729;33;696;189;507
"74161";1384;1190;79;1111;425;686
"74162";587;502;25;477;158;319
"74163";1421;1230;57;1173;486;687
"74164";4134;3374;200;3174;1131;2043
"74165";491;440;28;412;138;274
"74166";1334;1102;61;1041;466;575
"74167";692;599;52;547;252;295
"74168";502;409;37;372;156;216
"74169";3036;2377;136;2241;773;1468
"74170";604;528;39;489;184;305
"74171";1034;845;51;794;313;481
"74172";1062;876;66;810;325;485
"74173";3396;2783;102;2681;382;2299
"74174";391;308;22;286;110;176
"74175";223;159;11;148;52;96
"74176";1477;1298;54;1244;331;913
"74177";581;516;44;472;202;270
"74178";434;365;20;345;141;204
"74179";562;480;34;446;165;281
"74180";1174;921;42;879;337;542
"74181";1869;1650;92;1558;647;911
"74182";5506;4357;262;4095;2032;2063
"74183";1700;1433;99;1334;515;819
"74184";521;459;24;435;178;257
"74185";1446;1140;61;1079;534;545
"74186";450;396;26;370;153;217
"74187";269;233;9;224;88;136
"74188";603;512;12;500;143;357
"74189";1212;1015;76;939;405;534
"74190";550;464;23;441;171;270
"74191";2213;1905;70;1835;360;1475
"74192";762;660;48;612;243;369
"74193";620;517;28;489;194;295
"74194";564;495;22;473;189;284
"74195";248;211;11;200;67;133
"74196";393;323;33;290;111;179
"74197";846;702;39;663;234;429
"74198";812;705;32;673;303;370
"74199";384;293;14;279;106;173
"74200";1942;1634;99;1535;566;969
"74201";1038;869;44;825;233;592
"74202";398;340;24;316;125;191
"74203";84;56;3;53;23;30
"74204";717;600;35;565;201;364
"74205";916;763;49;714;268;446
"74206";717;622;50;572;201;371
"74208";7745;6171;413;5758;2731;3027
"74209";1010;882;44;838;313;525
"74210";1200;969;66;903;313;590
"74211";1966;1658;105;1553;626;927
"74212";870;706;45;661;195;466
"74213";4641;4110;204;3906;1600;2306
"74215";1002;826;25;801;182;619
"74216";524;438;24;414;114;300
"74217";2797;2434;116;2318;846;1472
"74218";4660;3784;216;3568;1417;2151
"74219";872;778;30;748;244;504
"74220";4585;3874;262;3612;1425;2187
"74221";382;333;21;312;83;229
"74222";397;313;23;290;86;204
"74223";353;289;21;268;96;172
"74224";6346;5244;319;4925;2333;2592
"74225";8332;6583;492;6091;2837;3254
"74226";503;428;27;401;153;248
"74228";216;185;11;174;48;126
"74229";2250;1738;85;1653;518;1135
"74231";380;337;18;319;104;215
"74232";389;354;27;327;110;217
"74233";1478;1200;75;1125;449;676
"74234";671;579;36;543;224;319
"74235";323;265;22;243;115;128
"74236";4543;3574;239;3335;1177;2158
"74237";613;451;23;428;178;250
"74238";800;625;41;584;211;373
"74239";966;847;45;802;239;563
"74240";650;526;34;492;218;274
"74241";2163;1762;137;1625;695;930
"74242";4807;4036;191;3845;1459;2386
"74243";6611;5042;246;4796;2031;2765
"74244";613;535;34;501;215;286
"74245";1768;1547;74;1473;528;945
"74249";1721;1405;87;1318;510;808
"74250";3835;3220;232;2988;1131;1857
"74252";500;424;25;399;177;222
"74253";674;584;43;541;226;315
"74254";497;406;20;386;132;254
"74255";1356;1133;89;1044;391;653
"74256";11156;8874;455;8419;3231;5188
"74257";430;382;20;362;134;228
"74258";2039;1709;103;1606;580;1026
"74259";308;252;16;236;87;149
"74260";491;429;28;401;138;263
"74261";280;244;13;231;94;137
"74262";683;575;30;545;165;380
"74263";3881;2966;147;2819;1131;1688
"74264";4078;3106;187;2919;1071;1848
"74265";458;407;15;392;141;251
"74266";761;624;48;576;270;306
"74267";3095;2709;106;2603;939;1664
"74268";12808;10493;579;9914;4757;5157
"74269";1415;1176;61;1115;490;625
"74270";474;388;30;358;168;190
"74271";333;271;16;255;94;161
"74272";2744;2440;139;2301;872;1429
"74273";630;548;31;517;132;385
"74274";382;325;22;303;116;187
"74275";1623;1339;43;1296;397;899
"74276";2468;2042;99;1943;838;1105
"74278";3699;3013;184;2829;1075;1754
"74279";584;504;33;471;138;333
"74280";4259;3577;200;3377;1145;2232
"74281";21744;16427;782;15645;7232;8413
"74282";2166;1896;148;1748;831;917
"74283";771;659;39;620;275;345
"74284";700;585;41;544;238;306
"74285";297;242;15;227;76;151
"74286";588;497;45;452;156;296
"74287";621;497;36;461;163;298
"74288";1962;1533;97;1436;457;979
"74289";1070;942;69;873;341;532
"74290";341;294;33;261;137;124
"74291";220;183;16;167;51;116
"74292";693;579;48;531;164;367
"74293";1939;1427;46;1381;422;959
"74294";507;448;19;429;173;256
"74295";221;186;19;167;81;86
"74296";455;402;23;379;133;246
"74297";394;355;18;337;118;219
"74298";4429;3552;130;3422;1203;2219
"74299";1958;1619;51;1568;361;1207
"74301";549;486;17;469;171;298
"74302";798;665;52;613;208;405
"74303";2124;1860;113;1747;699;1048
"74304";528;447;30;417;172;245
"74305";4791;3798;196;3602;1629;1973
"74306";411;362;22;340;148;192
"74307";526;468;33;435;173;262
"74308";673;558;35;523;237;286
"74309";2415;1858;104;1754;624;1130
"74310";1035;878;64;814;333;481
"74311";2969;2549;148;2401;980;1421
"74312";984;786;53;733;262;471
"74313";299;253;16;237;78;159
"74314";744;632;31;601;184;417
"74315";652;528;45;483;213;270
"75056";1253919;1041049;33088;1007961;560461;447500
"76001";936;832;55;777;391;386
"76002";387;341;30;311;157;154
"76004";380;323;17;306;158;148
"76005";2205;1651;98;1553;981;572
"76006";111;91;4;87;35;52
"76007";558;483;29;454;226;228
"76008";540;476;29;447;224;223
"76009";182;166;9;157;83;74
"76010";305;262;21;241;86;155
"76011";157;128;11;117;57;60
"76012";153;131;7;124;63;61
"76013";708;604;24;580;322;258
"76014";1101;931;64;867;409;458
"76015";496;412;20;392;202;190
"76016";106;95;5;90;40;50
"76017";407;360;25;335;162;173
"76018";985;871;76;795;416;379
"76019";324;293;20;273;148;125
"76020";926;789;62;727;387;340
"76021";338;283;14;269;137;132
"76022";253;217;15;202;123;79
"76023";209;196;15;181;97;84
"76024";149;127;13;114;70;44
"76025";242;208;14;194;82;112
"76026";1939;1609;84;1525;911;614
"76027";271;243;15;228;119;109
"76028";143;116;13;103;42;61
"76029";185;152;16;136;64;72
"76030";384;322;31;291;157;134
"76031";481;428;38;390;197;193
"76032";106;89;7;82;33;49
"76033";308;271;21;250;126;124
"76034";1344;1172;82;1090;570;520
"76035";1677;1375;87;1288;486;802
"76036";509;440;36;404;205;199
"76037";210;181;13;168;92;76
"76038";335;297;12;285;148;137
"76039";916;824;43;781;351;430
"76040";175;151;7;144;89;55
"76041";571;523;25;498;288;210
"76042";87;72;12;60;22;38
"76043";667;600;34;566;311;255
"76044";207;192;16;176;79;97
"76045";303;261;13;248;132;116
"76046";488;447;24;423;226;197
"76047";129;118;12;106;40;66
"76048";256;212;19;193;68;125
"76049";227;181;15;166;76;90
"76050";786;686;40;646;363;283
"76051";1341;1095;60;1035;520;515
"76052";159;139;8;131;41;90
"76053";115;98;4;94;37;57
"76054";402;325;29;296;155;141
"76055";300;270;18;252;105;147
"76056";492;447;33;414;256;158
"76057";8690;6990;434;6556;4099;2457
"76058";209;190;9;181;85;96
"76059";296;260;24;236;133;103
"76060";373;302;19;283;134;149
"76062";186;138;6;132;58;74
"76063";372;297;16;281;145;136
"76064";360;313;18;295;138;157
"76065";318;263;18;245;108;137
"76066";116;105;4;101;38;63
"76067";463;384;29;355;163;192
"76068";536;459;25;434;206;228
"76069";1742;1520;73;1447;708;739
"76070";443;378;20;358;194;164
"76071";394;322;13;309;132;177
"76072";494;412;37;375;181;194
"76073";539;447;40;407;206;201
"76074";54;39;3;36;7;29
"76075";417;355;22;333;192;141
"76076";171;142;13;129;70;59
"76077";148;122;3;119;62;57
"76078";119;111;0;111;61;50
"76079";138;125;2;123;71;52
"76080";323;288;21;267;124;143
"76081";1017;839;40;799;403;396
"76082";498;428;38;390;190;200
"76083";74;67;3;64;36;28
"76084";89;76;6;70;38;32
"76085";283;244;6;238;94;144
"76086";163;145;18;127;49;78
"76087";410;347;22;325;177;148
"76088";382;329;24;305;163;142
"76089";396;360;19;341;188;153
"76090";869;741;37;704;314;390
"76091";154;126;7;119;58;61
"76092";515;446;32;414;260;154
"76093";274;224;17;207;90;117
"76094";211;162;16;146;66;80
"76096";494;437;32;405;219;186
"76097";84;75;5;70;26;44
"76098";556;493;36;457;263;194
"76099";469;402;30;372;172;200
"76100";912;789;47;742;342;400
"76101";2265;1818;93;1725;1095;630
"76103";5191;4267;220;4047;1895;2152
"76104";257;226;8;218;114;104
"76105";602;482;39;443;200;243
"76106";458;402;27;375;180;195
"76107";187;168;7;161;58;103
"76108";17052;13902;577;13325;5836;7489
"76109";146;127;12;115;52;63
"76110";295;244;17;227;141;86
"76111";340;303;17;286;115;171
"76112";283;237;6;231;95;136
"76113";264;229;12;217;105;112
"76114";7741;5864;392;5472;3438;2034
"76115";461;405;16;389;162;227
"76116";2598;2244;154;2090;971;1119
"76117";442;385;23;362;166;196
"76118";174;154;7;147;74;73
"76119";155;131;4;127;47;80
"76120";310;268;13;255;87;168
"76121";244;219;13;206;81;125
"76122";331;282;22;260;127;133
"76123";730;656;20;636;286;350
"76124";311;270;20;250;100;150
"76125";1118;938;69;869;364;505
"76126";211;181;18;163;82;81
"76127";520;450;26;424;177;247
"76128";381;329;19;310;176;134
"76129";148;129;3;126;65;61
"76130";198;175;10;165;78;87
"76131";533;467;26;441;210;231
"76132";339;300;14;286;128;158
"76133";367;318;15;303;120;183
"76134";226;198;5;193;108;85
"76135";775;667;34;633;295;338
"76136";560;462;18;444;273;171
"76137";736;651;40;611;323;288
"76138";276;230;19;211;88;123
"76139";157;131;9;122;57;65
"76140";132;108;4;104;67;37
"76141";918;799;53;746;365;381
"76142";369;289;29;260;103;157
"76143";949;794;61;733;342;391
"76144";139;125;1;124;53;71
"76145";168;132;4;128;62;66
"76146";1021;828;48;780;255;525
"76147";691;586;47;539;242;297
"76148";212;168;13;155;55;100
"76149";250;221;12;209;96;113
"76151";206;174;8;166;82;84
"76152";587;493;29;464;201;263
"76153";250;214;9;205;115;90
"76154";403;326;21;305;194;111
"76155";259;220;10;210;110;100
"76156";206;172;11;161;79;82
"76157";9057;7285;456;6829;4634;2195
"76158";243;213;10;203;130;73
"76159";2310;1934;98;1836;1072;764
"76160";264;215;14;201;109;92
"76161";91;73;3;70;31;39
"76162";181;169;13;156;74;82
"76163";551;489;48;441;212;229
"76164";1544;1283;73;1210;737;473
"76165";6591;4865;316;4549;2770;1779
"76166";352;310;22;288;89;199
"76167";1055;949;74;875;378;497
"76168";43;38;0;38;21;17
"76169";994;815;52;763;390;373
"76170";115;93;12;81;35;46
"76171";78;64;8;56;16;40
"76172";181;146;3;143;62;81
"76173";356;315;17;298;139;159
"76174";235;215;19;196;94;102
"76175";192;171;5;166;60;106
"76176";214;183;14;169;94;75
"76177";206;177;10;167;58;109
"76178";3216;2555;162;2393;1716;677
"76179";1025;861;51;810;410;400
"76180";106;99;5;94;42;52
"76181";133;122;5;117;52;65
"76182";212;190;9;181;63;118
"76183";600;513;30;483;239;244
"76184";119;103;7;96;47;49
"76185";138;114;9;105;57;48
"76186";393;313;23;290;100;190
"76187";178;145;6;139;67;72
"76188";310;265;19;246;98;148
"76189";124;110;11;99;53;46
"76190";197;170;8;162;90;72
"76191";200;175;13;162;86;76
"76192";2187;1770;96;1674;818;856
"76193";269;225;17;208;86;122
"76194";306;257;15;242;138;104
"76195";123;103;12;91;43;48
"76196";1679;1454;85;1369;550;819
"76197";164;143;8;135;57;78
"76198";569;477;38;439;220;219
"76199";516;431;31;400;134;266
"76200";385;327;16;311;151;160
"76201";431;361;26;335;183;152
"76202";185;161;11;150;62;88
"76203";548;472;35;437;233;204
"76204";180;165;9;156;89;67
"76205";198;176;13;163;79;84
"76206";275;236;12;224;101;123
"76207";164;137;10;127;64;63
"76208";475;424;46;378;150;228
"76209";361;307;17;290;111;179
"76210";409;339;19;320;167;153
"76211";191;156;11;145;67;78
"76212";5761;4498;304;4194;2582;1612
"76213";283;243;21;222;106;116
"76214";203;178;10;168;85;83
"76215";442;370;41;329;173;156
"76216";7079;5342;345;4997;3085;1912
"76217";22267;17384;1065;16319;9569;6750
"76218";68;58;8;50;20;30
"76219";1944;1567;90;1477;757;720
"76220";385;316;25;291;146;145
"76221";172;157;3;154;71;83
"76222";3074;2579;145;2434;1298;1136
"76223";434;367;33;334;171;163
"76224";802;706;35;671;308;363
"76225";319;272;15;257;141;116
"76226";116;98;4;94;48;46
"76227";427;377;21;356;189;167
"76228";304;249;19;230;120;110
"76229";320;270;21;249;98;151
"76230";307;260;14;246;118;128
"76231";9453;7014;394;6620;4344;2276
"76232";460;390;24;366;203;163
"76233";136;112;1;111;40;71
"76234";454;391;34;357;179;178
"76235";1466;1242;85;1157;521;636
"76236";268;239;24;215;123;92
"76237";369;299;10;289;148;141
"76238";2348;1958;136;1822;975;847
"76239";541;455;31;424;208;216
"76240";737;637;47;590;220;370
"76241";128;115;1;114;69;45
"76242";178;148;10;138;48;90
"76243";184;162;9;153;53;100
"76244";291;254;24;230;86;144
"76245";1075;956;69;887;493;394
"76247";379;317;18;299;101;198
"76248";330;281;16;265;110;155
"76249";555;492;38;454;220;234
"76250";785;688;39;649;317;332
"76251";326;295;21;274;159;115
"76252";831;741;48;693;339;354
"76253";530;467;24;443;232;211
"76254";1333;1121;61;1060;445;615
"76255";5935;4762;301;4461;2309;2152
"76257";118;98;7;91;52;39
"76258";1524;1305;77;1228;659;569
"76259";14396;10950;609;10341;6240;4101
"76260";1327;1053;81;972;421;551
"76261";341;285;20;265;99;166
"76262";99;88;3;85;30;55
"76263";912;769;38;731;307;424
"76264";328;285;18;267;138;129
"76265";151;126;7;119;39;80
"76266";522;450;29;421;254;167
"76267";66;61;4;57;13;44
"76268";146;133;9;124;59;65
"76269";140;130;12;118;53;65
"76270";2287;1991;85;1906;797;1109
"76271";1053;892;46;846;410;436
"76272";671;569;18;551;335;216
"76273";430;375;23;352;160;192
"76274";38;34;3;31;9;22
"76275";888;773;45;728;353;375
"76276";2767;2084;109;1975;779;1196
"76277";361;312;27;285;102;183
"76278";623;473;16;457;253;204
"76279";263;237;25;212;97;115
"76280";115;100;7;93;32;61
"76281";1583;1269;83;1186;630;556
"76282";742;639;43;596;366;230
"76283";161;142;6;136;54;82
"76284";254;230;14;216;91;125
"76285";451;398;20;378;165;213
"76286";528;457;45;412;188;224
"76287";845;731;36;695;342;353
"76288";282;236;15;221;119;102
"76289";652;555;32;523;294;229
"76290";344;304;10;294;146;148
"76291";796;690;49;641;297;344
"76292";127;106;9;97;36;61
"76293";160;139;12;127;74;53
"76294";325;287;16;271;131;140
"76295";964;724;71;653;310;343
"76296";1966;1619;90;1529;907;622
"76297";186;161;11;150;59;91
"76298";414;363;13;350;198;152
"76299";297;250;14;236;107;129
"76300";308;244;18;226;121;105
"76301";153;142;5;137;70;67
"76302";2065;1702;109;1593;750;843
"76303";522;454;38;416;198;218
"76304";238;218;18;200;92;108
"76305";6316;4994;287;4707;3414;1293
"76306";127;106;4;102;45;57
"76307";970;807;36;771;350;421
"76308";326;273;22;251;101;150
"76309";97;76;3;73;29;44
"76310";165;147;8;139;53;86
"76311";331;280;18;262;133;129
"76312";4351;3374;272;3102;1429;1673
"76313";662;554;46;508;264;244
"76314";420;379;26;353;212;141
"76315";724;651;44;607;289;318
"76316";361;328;19;309;161;148
"76317";320;285;13;272;133;139
"76318";520;438;32;406;213;193
"76319";6862;5204;356;4848;3190;1658
"76320";284;245;25;220;101;119
"76321";1352;1105;64;1041;495;546
"76322";18700;15744;1057;14687;9918;4769
"76323";98;85;6;79;41;38
"76324";670;558;30;528;234;294
"76325";258;223;7;216;92;124
"76326";100;86;4;82;36;46
"76327";275;240;8;232;146;86
"76328";268;223;15;208;86;122
"76329";2084;1698;129;1569;871;698
"76330";604;499;30;469;247;222
"76331";466;373;37;336;168;168
"76332";353;292;22;270;100;170
"76333";338;295;30;265;142;123
"76334";399;331;17;314;191;123
"76335";67;55;2;53;22;31
"76336";298;258;14;244;127;117
"76337";213;176;15;161;53;108
"76338";128;111;11;100;63;37
"76339";189;163;13;150;60;90
"76340";351;308;14;294;133;161
"76341";5496;4341;282;4059;2694;1365
"76342";446;389;22;367;168;199
"76343";184;158;14;144;62;82
"76344";375;320;22;298;99;199
"76345";223;184;15;169;64;105
"76346";227;196;11;185;92;93
"76347";250;221;14;207;84;123
"76348";471;406;22;384;174;210
"76349";1724;1425;81;1344;687;657
"76350";299;266;14;252;147;105
"76351";112765;83604;5677;77927;45689;32238
"76352";275;226;11;215;105;110
"76353";88;69;4;65;42;23
"76354";1021;902;50;852;398;454
"76355";590;519;24;495;234;261
"76356";108;93;6;87;45;42
"76357";279;249;6;243;115;128
"76358";210;175;15;160;74;86
"76359";102;87;10;77;36;41
"76360";455;400;23;377;175;202
"76361";448;389;29;360;170;190
"76362";281;254;17;237;130;107
"76363";364;312;27;285;184;101
"76364";229;201;22;179;47;132
"76365";118;102;4;98;65;33
"76366";3053;2421;170;2251;1375;876
"76367";1970;1831;101;1730;913;817
"76368";238;208;16;192;89;103
"76369";408;330;20;310;120;190
"76370";311;279;23;256;117;139
"76371";41;36;9;27;13;14
"76372";275;225;23;202;59;143
"76373";221;187;15;172;84;88
"76374";1053;803;47;756;513;243
"76375";262;225;12;213;108;105
"76376";207;169;16;153;78;75
"76377";2178;1933;97;1836;822;1014
"76378";1450;1179;84;1095;574;521
"76379";140;109;2;107;49;58
"76380";278;241;10;231;103;128
"76381";120;96;9;87;41;46
"76382";813;672;53;619;322;297
"76383";77;67;4;63;28;35
"76384";6627;4787;351;4436;2743;1693
"76385";1091;927;72;855;458;397
"76386";240;209;15;194;99;95
"76387";262;250;15;235;111;124
"76388";366;300;25;275;157;118
"76389";156;140;9;131;66;65
"76390";882;714;42;672;335;337
"76391";1812;1603;84;1519;836;683
"76392";913;758;44;714;260;454
"76393";42;36;0;36;13;23
"76394";525;481;43;438;270;168
"76395";521;431;20;411;183;228
"76396";244;200;11;189;70;119
"76397";670;575;36;539;277;262
"76398";543;470;36;434;230;204
"76399";149;119;5;114;40;74
"76400";1735;1451;80;1371;740;631
"76401";1496;1265;71;1194;667;527
"76402";4618;3615;257;3358;2048;1310
"76403";152;123;5;118;52;66
"76404";920;821;55;766;382;384
"76405";150;135;6;129;62;67
"76406";258;231;17;214;111;103
"76407";238;211;18;193;96;97
"76408";706;598;40;558;279;279
"76409";609;525;38;487;251;236
"76410";7334;5694;366;5328;3270;2058
"76411";176;147;13;134;40;94
"76412";554;468;35;433;207;226
"76413";352;323;28;295;153;142
"76414";1227;1036;68;968;489;479
"76415";246;207;7;200;65;135
"76416";175;158;8;150;62;88
"76417";292;255;27;228;89;139
"76418";777;650;50;600;374;226
"76419";120;104;6;98;37;61
"76420";247;213;11;202;77;125
"76421";579;505;47;458;236;222
"76422";212;189;5;184;101;83
"76423";160;147;7;140;37;103
"76424";172;151;8;143;64;79
"76425";183;162;19;143;78;65
"76426";140;98;11;87;28;59
"76427";634;556;55;501;261;240
"76428";32;30;3;27;10;17
"76429";5919;4998;198;4800;1985;2815
"76430";103;90;9;81;45;36
"76431";86;73;11;62;24;38
"76432";179;164;11;153;67;86
"76433";477;406;26;380;175;205
"76434";642;565;34;531;244;287
"76435";460;396;26;370;192;178
"76436";495;411;28;383;197;186
"76437";414;327;24;303;167;136
"76438";212;187;8;179;94;85
"76439";240;216;12;204;70;134
"76440";126;108;3;105;53;52
"76441";541;463;30;433;272;161
"76442";431;373;27;346;185;161
"76443";507;415;18;397;200;197
"76444";81;70;3;67;33;34
"76445";404;319;25;294;143;151
"76446";952;835;47;788;292;496
"76447";12324;9899;584;9315;5291;4024
"76448";1039;898;45;853;380;473
"76449";351;290;20;270;127;143
"76450";226;195;17;178;76;102
"76451";12837;10659;411;10248;4867;5381
"76452";3749;3019;222;2797;1334;1463
"76453";801;669;41;628;324;304
"76454";81;68;12;56;23;33
"76455";190;161;19;142;66;76
"76456";539;473;30;443;222;221
"76457";677;531;46;485;305;180
"76458";109;97;9;88;51;37
"76459";251;228;10;218;86;132
"76460";423;366;25;341;185;156
"76461";291;239;17;222;86;136
"76462";3384;2661;176;2485;1057;1428
"76463";524;409;31;378;154;224
"76464";1679;1465;89;1376;649;727
"76465";424;362;25;337;137;200
"76467";954;747;41;706;426;280
"76468";924;788;62;726;396;330
"76469";290;236;11;225;88;137
"76470";499;441;26;415;230;185
"76471";749;628;50;578;289;289
"76472";482;402;37;365;156;209
"76473";588;462;30;432;241;191
"76474";5237;4132;256;3876;2358;1518
"76475";4714;4052;195;3857;1710;2147
"76476";6086;4798;284;4514;2602;1912
"76477";322;276;17;259;138;121
"76478";149;123;6;117;60;57
"76479";98;73;6;67;23;44
"76480";354;288;21;267;138;129
"76481";4561;3883;209;3674;1479;2195
"76482";2660;2241;105;2136;1089;1047
"76483";183;161;7;154;73;81
"76484";7148;5788;344;5444;3609;1835
"76485";195;167;8;159;83;76
"76486";732;566;47;519;307;212
"76487";266;224;17;207;78;129
"76488";440;346;21;325;167;158
"76489";309;272;14;258;105;153
"76490";788;658;45;613;304;309
"76491";526;446;25;421;241;180
"76492";436;381;16;365;153;212
"76493";341;281;20;261;119;142
"76494";409;353;21;332;149;183
"76495";4724;3747;225;3522;2121;1401
"76496";307;248;28;220;113;107
"76497";6235;5123;332;4791;3172;1619
"76498";12597;9910;620;9290;6248;3042
"76499";834;703;47;656;362;294
"76500";367;306;25;281;154;127
"76501";98;91;9;82;28;54
"76502";335;296;17;279;123;156
"76503";994;900;43;857;391;466
"76504";132;113;8;105;43;62
"76505";84;72;3;69;38;31
"76506";292;249;15;234;111;123
"76507";664;529;39;490;298;192
"76508";294;262;25;237;106;131
"76509";1320;1167;63;1104;498;606
"76510";155;125;8;117;62;55
"76511";101;84;10;74;30;44
"76512";29;23;0;23;10;13
"76513";486;434;29;405;178;227
"76514";797;690;47;643;386;257
"76515";445;396;14;382;144;238
"76516";387;350;12;338;138;200
"76517";2485;2177;115;2062;812;1250
"76518";394;337;35;302;163;139
"76519";67;57;4;53;19;34
"76520";506;424;36;388;209;179
"76521";113;106;9;97;38;59
"76522";1003;860;55;805;362;443
"76523";163;139;4;135;79;56
"76524";100;90;5;85;35;50
"76525";258;233;11;222;136;86
"76526";111;91;9;82;44;38
"76527";342;302;20;282;113;169
"76528";469;405;41;364;211;153
"76529";230;208;9;199;98;101
"76530";133;117;6;111;43;68
"76531";245;219;21;198;98;100
"76532";591;517;35;482;229;253
"76533";969;800;57;743;394;349
"76534";805;709;36;673;331;342
"76535";350;299;30;269;107;162
"76536";871;795;58;737;399;338
"76537";129;115;10;105;35;70
"76538";205;184;18;166;79;87
"76540";57622;46010;2131;43879;26071;17808
"76541";972;853;43;810;324;486
"76542";191;156;6;150;71;79
"76543";468;384;27;357;150;207
"76544";181;162;12;150;44;106
"76545";1570;1324;85;1239;738;501
"76546";187;172;13;159;77;82
"76547";441;388;24;364;156;208
"76548";533;471;23;448;188;260
"76549";125;106;2;104;68;36
"76550";993;902;40;862;425;437
"76551";719;617;32;585;238;347
"76552";5787;4889;180;4709;1700;3009
"76553";253;188;17;171;72;99
"76554";240;204;23;181;85;96
"76555";687;591;35;556;264;292
"76556";790;688;50;638;334;304
"76557";919;791;50;741;454;287
"76558";699;621;38;583;315;268
"76559";435;367;27;340;195;145
"76560";773;686;46;640;325;315
"76561";5706;4521;319;4202;2425;1777
"76562";754;645;40;605;301;304
"76563";978;824;45;779;330;449
"76564";204;188;13;175;69;106
"76565";840;721;43;678;334;344
"76566";454;378;16;362;202;160
"76567";155;137;7;130;50;80
"76568";515;455;32;423;204;219
"76569";173;145;5;140;63;77
"76570";179;152;5;147;85;62
"76571";497;436;29;407;166;241
"76572";117;105;8;97;56;41
"76573";383;336;20;316;129;187
"76574";399;341;42;299;150;149
"76575";16571;13220;747;12473;8787;3686
"76576";815;692;49;643;361;282
"76577";397;344;24;320;174;146
"76578";217;185;13;172;63;109
"76580";704;609;18;591;271;320
"76581";308;280;20;260;104;156
"76582";252;212;12;200;108;92
"76583";223;189;8;181;77;104
"76584";178;151;17;134;81;53
"76585";290;252;24;228;106;122
"76586";470;412;28;384;190;194
"76587";573;487;35;452;206;246
"76588";373;320;14;306;131;175
"76589";160;128;14;114;47;67
"76590";280;241;19;222;99;123
"76591";2168;1868;122;1746;816;930
"76592";629;542;34;508;228;280
"76593";454;398;28;370;163;207
"76594";1089;944;44;900;433;467
"76595";1378;1151;69;1082;508;574
"76596";1081;942;55;887;496;391
"76597";561;464;24;440;240;200
"76598";378;311;15;296;116;180
"76599";2496;2103;124;1979;1147;832
"76600";1336;1145;65;1080;504;576
"76602";453;384;34;350;163;187
"76603";356;286;19;267;122;145
"76604";169;142;14;128;53;75
"76605";434;358;16;342;124;218
"76606";141;123;5;118;27;91
"76607";212;173;5;168;80;88
"76608";1358;1197;86;1111;632;479
"76609";244;211;17;194;76;118
"76610";1307;1131;52;1079;586;493
"76611";245;222;10;212;108;104
"76612";157;119;6;113;68;45
"76613";550;460;31;429;185;244
"76614";1215;1079;54;1025;401;624
"76615";522;415;22;393;202;191
"76616";1198;1037;64;973;421;552
"76617";1456;1307;50;1257;384;873
"76618";945;784;58;726;344;382
"76619";235;217;8;209;77;132
"76620";205;185;11;174;76;98
"76621";791;660;43;617;264;353
"76622";247;204;14;190;79;111
"76623";98;75;5;70;27;43
"76624";2825;2337;154;2183;1120;1063
"76625";437;379;23;356;203;153
"76626";319;279;22;257;138;119
"76627";1047;878;54;824;421;403
"76628";578;507;26;481;242;239
"76629";190;172;15;157;92;65
"76630";182;158;10;148;76;72
"76631";1043;886;42;844;477;367
"76632";245;207;12;195;111;84
"76634";612;535;31;504;221;283
"76635";76;68;3;65;13;52
"76636";1826;1573;78;1495;887;608
"76637";737;609;31;578;300;278
"76638";885;772;51;721;382;339
"76639";160;149;15;134;69;65
"76640";6414;4998;339;4659;2788;1871
"76641";168;150;8;142;52;90
"76642";209;179;14;165;86;79
"76643";75;67;1;66;21;45
"76644";597;536;38;498;263;235
"76645";105;84;7;77;34;43
"76646";446;399;22;377;201;176
"76647";2932;2339;149;2190;1014;1176
"76648";1675;1470;90;1380;718;662
"76649";442;394;24;370;150;220
"76650";881;725;54;671;290;381
"76651";157;144;5;139;58;81
"76652";467;377;17;360;202;158
"76653";281;235;16;219;106;113
"76654";337;296;21;275;148;127
"76655";3531;2762;146;2616;1402;1214
"76656";451;397;28;369;182;187
"76657";785;695;50;645;340;305
"76658";479;392;18;374;168;206
"76659";939;803;42;761;437;324
"76660";588;515;37;478;249;229
"76662";88;76;6;70;45;25
"76663";811;682;29;653;281;372
"76664";199;164;5;159;103;56
"76665";347;305;16;289;130;159
"76666";311;260;22;238;66;172
"76667";279;252;12;240;118;122
"76668";248;225;17;208;90;118
"76669";312;271;32;239;110;129
"76670";647;555;21;534;259;275
"76671";132;118;14;104;57;47
"76672";765;618;58;560;274;286
"76673";845;701;49;652;337;315
"76674";235;208;12;196;108;88
"76675";733;652;28;624;297;327
"76676";560;471;33;438;163;275
"76677";261;217;17;200;83;117
"76678";565;469;37;432;169;263
"76679";65;62;1;61;17;44
"76680";133;113;8;105;53;52
"76681";20092;16304;979;15325;10028;5297
"76682";537;466;34;432;235;197
"76683";314;294;15;279;121;158
"76684";935;780;44;736;453;283
"76685";417;355;33;322;124;198
"76686";344;294;17;277;134;143
"76688";283;237;15;222;111;111
"76689";285;254;13;241;108;133
"76690";453;372;21;351;182;169
"76691";184;164;10;154;58;96
"76692";205;175;16;159;85;74
"76693";501;453;42;411;182;229
"76694";105;99;2;97;41;56
"76695";203;175;21;154;67;87
"76696";170;144;9;135;68;67
"76697";558;459;38;421;220;201
"76698";372;303;21;282;152;130
"76699";273;238;25;213;104;109
"76700";1050;824;42;782;387;395
"76701";311;266;16;250;160;90
"76702";641;573;42;531;294;237
"76703";173;143;7;136;61;75
"76704";418;360;19;341;175;166
"76705";1815;1509;83;1426;904;522
"76706";453;390;26;364;173;191
"76707";969;817;48;769;394;375
"76708";581;504;37;467;244;223
"76709";4068;3052;220;2832;1945;887
"76710";90;81;6;75;40;35
"76711";4203;3105;198;2907;1876;1031
"76712";584;491;34;457;261;196
"76713";308;254;19;235;124;111
"76714";595;520;27;493;191;302
"76715";495;442;38;404;170;234
"76716";1149;1003;78;925;483;442
"76717";556;462;29;433;232;201
"76718";1027;881;50;831;349;482
"76719";714;620;41;579;260;319
"76720";1039;875;34;841;349;492
"76721";228;194;15;179;85;94
"76723";303;262;19;243;132;111
"76724";88;79;7;72;42;30
"76725";405;339;17;322;155;167
"76726";233;204;4;200;104;96
"76727";884;758;62;696;369;327
"76728";791;690;30;660;295;365
"76729";601;515;19;496;241;255
"76730";111;96;8;88;29;59
"76731";138;116;6;110;56;54
"76732";214;193;8;185;105;80
"76733";177;153;14;139;64;75
"76734";297;268;15;253;107;146
"76735";566;483;24;459;197;262
"76736";310;260;14;246;86;160
"76737";480;422;21;401;191;210
"76738";535;454;18;436;221;215
"76739";458;391;32;359;180;179
"76740";355;320;18;302;120;182
"76741";221;199;11;188;73;115
"76742";607;484;24;460;242;218
"76743";1370;1174;77;1097;629;468
"76744";178;143;3;140;67;73
"76745";156;127;3;124;43;81
"76746";177;152;12;140;63;77
"76747";233;212;14;198;112;86
"76748";497;437;26;411;202;209
"76749";251;206;9;197;72;125
"76750";868;730;45;685;491;194
"76751";960;819;60;759;417;342
"76752";1804;1541;101;1440;702;738
"76753";946;793;39;754;442;312
"76754";703;593;33;560;334;226
"76755";397;323;27;296;158;138
"76756";186;156;11;145;63;82
"76757";518;435;30;405;245;160
"76758";8287;6649;374;6275;3532;2743
"76759";369;299;20;279;161;118
"77001";906;808;37;771;278;493
"77002";553;460;38;422;167;255
"77003";277;239;16;223;90;133
"77004";266;231;12;219;86;133
"77005";2058;1785;108;1677;663;1014
"77006";663;543;30;513;211;302
"77007";273;253;15;238;97;141
"77008";767;557;28;529;168;361
"77009";117;94;3;91;31;60
"77010";626;532;33;499;213;286
"77011";365;295;18;277;112;165
"77012";274;227;14;213;87;126
"77013";310;253;12;241;75;166
"77014";8845;7079;309;6770;3513;3257
"77015";69;61;3;58;14;44
"77016";1042;866;57;809;431;378
"77018";3477;2938;138;2800;1258;1542
"77019";248;206;17;189;76;113
"77020";439;374;21;353;127;226
"77021";133;118;2;116;43;73
"77022";1208;1014;26;988;251;737
"77023";179;151;15;136;42;94
"77024";253;209;13;196;64;132
"77025";632;533;46;487;197;290
"77026";254;219;14;205;83;122
"77027";690;574;30;544;248;296
"77028";488;402;26;376;130;246
"77029";160;141;5;136;46;90
"77030";537;440;36;404;174;230
"77031";623;537;23;514;181;333
"77032";523;413;14;399;148;251
"77033";147;122;7;115;49;66
"77034";554;491;38;453;180;273
"77035";440;375;35;340;159;181
"77036";94;83;7;76;27;49
"77037";4656;3807;177;3630;1654;1976
"77038";344;304;18;286;106;180
"77039";724;598;31;567;198;369
"77040";2757;2355;129;2226;876;1350
"77041";260;218;12;206;79;127
"77042";2315;1911;112;1799;736;1063
"77043";254;209;13;196;72;124
"77044";656;565;44;521;251;270
"77045";554;436;37;399;155;244
"77046";301;243;17;226;80;146
"77047";1006;832;50;782;290;492
"77048";2070;1745;64;1681;656;1025
"77049";681;591;27;564;190;374
"77050";369;322;15;307;126;181
"77051";1579;1125;85;1040;522;518
"77052";273;229;12;217;109;108
"77053";9970;7734;408;7326;3383;3943
"77054";519;422;29;393;202;191
"77055";2868;2199;156;2043;1181;862
"77056";117;94;6;88;29;59
"77057";291;237;16;221;101;120
"77058";13033;10527;459;10068;4840;5228
"77059";563;472;31;441;171;270
"77060";554;467;23;444;190;254
"77061";1582;1319;99;1220;593;627
"77062";289;247;19;228;100;128
"77063";880;736;33;703;287;416
"77065";899;764;42;722;268;454
"77066";243;205;21;184;64;120
"77067";6466;5537;314;5223;2736;2487
"77068";178;155;18;137;33;104
"77069";1494;1232;63;1169;444;725
"77070";929;748;49;699;301;398
"77071";705;602;49;553;252;301
"77072";456;373;26;347;134;213
"77073";419;354;29;325;139;186
"77075";880;709;37;672;308;364
"77076";550;453;29;424;242;182
"77077";690;568;32;536;211;325
"77078";860;698;57;641;302;339
"77079";3734;2992;187;2805;1619;1186
"77080";115;104;2;102;35;67
"77081";415;361;36;325;150;175
"77082";567;501;31;470;209;261
"77083";14335;11332;574;10758;6522;4236
"77084";838;670;30;640;280;360
"77085";1561;1265;74;1191;587;604
"77086";877;751;56;695;327;368
"77087";124;106;7;99;25;74
"77088";1706;1354;91;1263;548;715
"77089";600;516;44;472;217;255
"77090";129;112;13;99;53;46
"77091";296;254;21;233;88;145
"77093";302;238;12;226;97;129
"77094";184;160;7;153;55;98
"77095";817;717;58;659;269;390
"77096";1927;1685;75;1610;756;854
"77097";206;173;12;161;58;103
"77098";269;215;28;187;97;90
"77099";2135;1639;121;1518;666;852
"77100";3086;2612;176;2436;1112;1324
"77101";700;574;38;536;201;335
"77102";109;89;8;81;47;34
"77103";167;143;18;125;58;67
"77104";475;422;22;400;160;240
"77106";751;594;66;528;258;270
"77107";1986;1591;111;1480;588;892
"77108";30968;24416;1206;23210;12689;10521
"77109";912;754;55;699;305;394
"77110";239;203;12;191;63;128
"77111";2515;2048;126;1922;854;1068
"77112";187;152;14;138;52;86
"77113";680;551;45;506;244;262
"77114";2702;2183;113;2070;867;1203
"77115";383;327;23;304;149;155
"77116";958;821;47;774;241;533
"77117";562;469;36;433;196;237
"77118";7297;6101;365;5736;2322;3414
"77119";210;178;12;166;70;96
"77120";392;323;22;301;108;193
"77121";2275;1949;117;1832;1012;820
"77122";15063;11611;579;11032;6321;4711
"77123";529;438;32;406;195;211
"77124";1249;1087;45;1042;474;568
"77125";1010;876;32;844;349;495
"77126";1098;937;59;878;412;466
"77127";956;766;47;719;310;409
"77128";1331;1148;58;1090;370;720
"77129";458;379;30;349;136;213
"77130";297;254;22;232;72;160
"77131";9092;6835;457;6378;3153;3225
"77132";2036;1768;110;1658;720;938
"77133";179;169;16;153;46;107
"77134";104;97;2;95;24;71
"77135";982;781;73;708;291;417
"77136";147;124;15;109;36;73
"77137";166;139;11;128;41;87
"77138";424;356;27;329;159;170
"77139";4459;3628;204;3424;1553;1871
"77140";203;177;11;166;72;94
"77141";581;499;31;468;213;255
"77142";2873;2382;134;2248;868;1380
"77143";2875;2392;117;2275;1237;1038
"77144";218;201;12;189;70;119
"77145";473;385;23;362;144;218
"77146";1607;1377;96;1281;575;706
"77147";493;405;31;374;148;226
"77148";1132;968;50;918;419;499
"77149";166;146;9;137;49;88
"77150";280;240;18;222;62;160
"77151";241;216;17;199;77;122
"77152";12162;8948;469;8479;5022;3457
"77153";5405;4441;249;4192;1899;2293
"77154";595;526;29;497;219;278
"77155";2171;1758;114;1644;778;866
"77156";600;507;28;479;203;276
"77157";220;179;10;169;45;124
"77158";178;145;9;136;53;83
"77159";1877;1554;98;1456;689;767
"77161";612;521;23;498;229;269
"77162";740;589;37;552;231;321
"77163";187;159;7;152;69;83
"77164";388;344;20;324;136;188
"77165";513;444;21;423;158;265
"77166";1748;1468;108;1360;767;593
"77167";215;167;21;146;54;92
"77168";1553;1225;105;1120;447;673
"77169";4791;3957;210;3747;2136;1611
"77170";403;328;26;302;132;170
"77171";3758;3136;174;2962;1382;1580
"77172";671;586;35;551;220;331
"77173";600;481;27;454;171;283
"77174";409;345;16;329;149;180
"77175";1829;1547;80;1467;623;844
"77176";1756;1379;95;1284;554;730
"77177";761;647;30;617;256;361
"77178";333;295;17;278;135;143
"77179";464;407;27;380;174;206
"77180";868;699;22;677;210;467
"77181";1386;1222;78;1144;541;603
"77182";2400;1879;152;1727;749;978
"77183";5934;4311;243;4068;1939;2129
"77184";490;428;20;408;202;206
"77185";446;410;22;388;109;279
"77186";9780;7628;279;7349;2836;4513
"77187";436;354;21;333;129;204
"77188";734;630;28;602;269;333
"77190";203;178;18;160;59;101
"77191";786;651;40;611;295;316
"77192";3485;2734;166;2568;1135;1433
"77193";178;155;9;146;42;104
"77194";262;225;10;215;106;109
"77195";427;364;24;340;135;205
"77196";418;354;23;331;138;193
"77197";103;86;12;74;31;43
"77198";157;136;5;131;34;97
"77199";801;651;38;613;259;354
"77200";82;68;2;66;19;47
"77201";534;423;31;392;138;254
"77202";448;358;19;339;149;190
"77203";1096;919;44;875;304;571
"77204";137;120;5;115;34;81
"77205";111;99;15;84;25;59
"77206";110;99;4;95;19;76
"77207";120;95;6;89;34;55
"77208";990;769;60;709;343;366
"77209";900;773;29;744;284;460
"77210";1798;1474;98;1376;695;681
"77211";655;558;39;519;227;292
"77212";146;132;8;124;47;77
"77214";744;628;22;606;185;421
"77215";4847;3917;235;3682;1860;1822
"77216";928;797;51;746;346;400
"77217";1593;1277;64;1213;442;771
"77218";100;77;1;76;21;55
"77219";1609;1380;104;1276;531;745
"77220";216;200;13;187;72;115
"77221";964;829;39;790;359;431
"77222";1986;1573;95;1478;670;808
"77223";361;319;25;294;138;156
"77224";124;106;4;102;37;65
"77225";201;168;12;156;66;90
"77226";1936;1638;101;1537;708;829
"77227";415;361;28;333;132;201
"77228";190;162;9;153;58;95
"77229";1106;926;79;847;345;502
"77230";148;126;12;114;40;74
"77231";481;419;33;386;169;217
"77232";577;500;30;470;185;285
"77233";344;305;21;284;107;177
"77234";429;371;23;348;148;200
"77235";221;181;7;174;80;94
"77236";282;228;14;214;58;156
"77237";426;355;10;345;142;203
"77238";2427;1949;111;1838;816;1022
"77239";958;781;44;737;255;482
"77240";1541;1197;80;1117;449;668
"77241";1220;1026;56;970;442;528
"77242";373;314;32;282;143;139
"77243";12395;10002;515;9487;4731;4756
"77244";596;505;28;477;206;271
"77245";352;291;19;272;92;180
"77246";388;321;22;299;112;187
"77247";362;284;34;250;107;143
"77248";463;405;14;391;173;218
"77249";5567;4565;194;4371;1538;2833
"77250";135;115;4;111;39;72
"77251";5810;4608;290;4318;2657;1661
"77252";303;262;20;242;89;153
"77253";135;124;6;118;42;76
"77254";799;767;30;737;293;444
"77255";1480;1232;75;1157;510;647
"77256";118;99;10;89;36;53
"77257";2133;1404;94;1310;642;668
"77258";8257;6316;235;6081;3798;2283
"77259";1354;1138;61;1077;535;542
"77260";1120;885;62;823;467;356
"77261";900;741;34;707;316;391
"77262";388;324;19;305;131;174
"77263";180;149;14;135;40;95
"77264";1086;927;57;870;377;493
"77265";719;585;49;536;235;301
"77266";541;421;17;404;169;235
"77267";261;214;16;198;117;81
"77268";3439;2971;134;2837;1135;1702
"77269";1311;1112;63;1049;479;570
"77270";584;485;30;455;167;288
"77271";93;78;8;70;27;43
"77272";538;466;35;431;173;258
"77273";303;241;22;219;78;141
"77274";286;226;15;211;80;131
"77275";115;90;5;85;43;42
"77276";1399;1205;65;1140;498;642
"77277";985;849;42;807;309;498
"77278";322;269;22;247;85;162
"77279";1063;927;60;867;358;509
"77280";829;714;48;666;293;373
"77281";368;284;24;260;101;159
"77282";182;168;9;159;48;111
"77283";557;462;26;436;213;223
"77284";25574;20073;1017;19056;10290;8766
"77285";11303;8632;477;8155;4883;3272
"77286";173;152;9;143;50;93
"77287";409;317;39;278;138;140
"77288";18464;13943;756;13187;7411;5776
"77289";306;253;23;230;82;148
"77290";435;349;17;332;157;175
"77291";441;338;24;314;111;203
"77292";684;573;26;547;238;309
"77293";648;561;50;511;211;300
"77294";11259;8828;544;8284;4729;3555
"77295";969;835;61;774;333;441
"77296";10163;7849;553;7296;4679;2617
"77297";294;252;27;225;79;146
"77298";365;316;23;293;138;155
"77299";199;181;8;173;100;73
"77300";466;384;19;365;150;215
"77301";238;207;15;192;79;113
"77302";1637;1370;94;1276;611;665
"77303";171;141;9;132;42;90
"77304";37;30;1;29;7;22
"77305";8900;6618;435;6183;3904;2279
"77306";392;325;21;304;123;181
"77307";4471;3760;185;3575;1600;1975
"77308";530;431;22;409;200;209
"77309";1058;893;70;823;343;480
"77310";243;202;18;184;84;100
"77311";903;790;68;722;323;399
"77312";2200;1838;87;1751;722;1029
"77313";202;181;8;173;74;99
"77314";189;140;11;129;66;63
"77315";2303;1912;122;1790;794;996
"77316";3151;2602;141;2461;1192;1269
"77317";2739;2223;154;2069;1071;998
"77318";893;767;53;714;253;461
"77319";118;102;4;98;39;59
"77320";3651;2852;168;2684;1166;1518
"77321";545;458;29;429;194;235
"77322";1978;1609;125;1484;604;880
"77323";669;565;38;527;253;274
"77325";299;239;23;216;71;145
"77326";3993;3150;184;2966;1887;1079
"77327";5109;3832;230;3602;1848;1754
"77328";349;296;20;276;88;188
"77329";412;359;23;336;127;209
"77330";3914;3034;205;2829;1345;1484
"77331";304;263;10;253;141;112
"77332";186;142;5;137;53;84
"77333";6983;5260;325;4935;2657;2278
"77335";1410;1228;60;1168;551;617
"77336";661;541;37;504;189;315
"77337";8839;6702;276;6426;4387;2039
"77338";422;362;24;338;147;191
"77339";1547;1320;69;1251;399;852
"77340";475;419;23;396;174;222
"77341";301;246;24;222;112;110
"77342";87;70;10;60;19;41
"77343";246;206;12;194;87;107
"77344";1323;1134;95;1039;484;555
"77345";447;371;39;332;142;190
"77347";655;528;35;493;254;239
"77348";195;174;18;156;69;87
"77349";4594;3792;253;3539;1868;1671
"77350";13759;10795;508;10287;4601;5686
"77352";1239;994;72;922;416;506
"77353";369;311;27;284;95;189
"77354";611;521;27;494;208;286
"77355";160;146;6;140;67;73
"77356";58;53;8;45;13;32
"77357";520;449;23;426;183;243
"77358";674;572;35;537;216;321
"77359";1512;1293;54;1239;453;786
"77360";265;225;20;205;79;126
"77361";308;257;17;240;76;164
"77363";995;837;46;791;309;482
"77364";145;129;14;115;34;81
"77365";384;340;17;323;132;191
"77366";188;172;11;161;51;110
"77367";201;167;9;158;83;75
"77368";338;290;25;265;120;145
"77369";534;480;30;450;149;301
"77370";646;538;34;504;240;264
"77371";1957;1534;130;1404;632;772
"77372";2265;1849;89;1760;803;957
"77373";21019;16912;825;16087;8466;7621
"77374";1399;1155;56;1099;504;595
"77376";505;405;41;364;115;249
"77377";1441;1217;72;1145;515;630
"77378";1858;1556;88;1468;677;791
"77379";6758;5008;291;4717;2231;2486
"77380";216;187;13;174;64;110
"77381";437;370;26;344;135;209
"77382";3661;2985;164;2821;1304;1517
"77383";568;492;25;467;194;273
"77384";649;531;31;500;235;265
"77385";1341;1079;93;986;377;609
"77386";554;469;16;453;185;268
"77387";334;291;8;283;116;167
"77388";541;448;34;414;196;218
"77389";2114;1784;101;1683;702;981
"77390";12996;10613;551;10062;5950;4112
"77391";353;267;21;246;119;127
"77392";410;350;23;327;136;191
"77393";1827;1482;84;1398;609;789
"77394";1347;1187;60;1127;432;695
"77395";98;86;8;78;24;54
"77396";73;63;7;56;18;38
"77397";1204;988;61;927;426;501
"77398";506;391;28;363;162;201
"77399";176;151;12;139;59;80
"77400";1305;1099;80;1019;401;618
"77401";490;416;39;377;151;226
"77402";264;218;15;203;71;132
"77403";552;459;28;431;156;275
"77404";1265;1037;90;947;480;467
"77405";1351;1093;68;1025;458;567
"77406";663;571;36;535;219;316
"77407";8368;6781;395;6386;2788;3598
"77408";274;238;15;223;101;122
"77409";1928;1577;106;1471;808;663
"77410";428;373;20;353;125;228
"77411";326;263;12;251;93;158
"77412";290;256;7;249;89;160
"77413";2374;1928;102;1826;821;1005
"77414";356;290;31;259;112;147
"77415";825;679;52;627;247;380
"77416";175;145;26;119;53;66
"77417";149;127;16;111;52;59
"77418";619;535;34;501;274;227
"77419";2310;1838;124;1714;895;819
"77420";2750;2214;136;2078;945;1133
"77421";227;171;11;160;45;115
"77423";515;411;41;370;153;217
"77424";188;157;19;138;65;73
"77425";621;549;20;529;181;348
"77426";284;242;21;221;89;132
"77427";360;316;27;289;121;168
"77428";680;560;46;514;237;277
"77429";408;353;21;332;141;191
"77430";3977;3222;194;3028;1504;1524
"77431";4011;3265;204;3061;1542;1519
"77432";756;620;45;575;221;354
"77433";960;784;42;742;314;428
"77434";271;234;12;222;83;139
"77435";835;728;34;694;256;438
"77436";628;513;26;487;233;254
"77437";2126;1746;122;1624;668;956
"77438";4260;3433;152;3281;1665;1616
"77439";763;618;47;571;267;304
"77440";702;591;44;547;240;307
"77441";1600;1364;54;1310;624;686
"77442";1773;1506;76;1430;698;732
"77443";277;231;18;213;76;137
"77444";249;210;12;198;78;120
"77445";16182;12577;805;11772;7646;4126
"77446";408;356;36;320;145;175
"77447";1514;1288;67;1221;509;712
"77448";314;257;25;232;102;130
"77449";4050;3197;163;3034;1583;1451
"77450";2352;1959;99;1860;775;1085
"77451";435;365;34;331;154;177
"77452";59;53;3;50;12;38
"77453";783;692;38;654;302;352
"77454";305;263;28;235;87;148
"77455";1460;1213;86;1127;516;611
"77456";577;470;27;443;201;242
"77457";882;722;39;683;319;364
"77458";3505;2649;174;2475;1340;1135
"77459";819;686;63;623;260;363
"77460";243;221;10;211;94;117
"77461";233;191;14;177;62;115
"77462";382;307;22;285;107;178
"77463";2525;2123;99;2024;1015;1009
"77464";6010;4869;231;4638;2358;2280
"77465";487;427;27;400;186;214
"77466";256;222;17;205;85;120
"77467";188;151;11;140;66;74
"77468";12238;9484;414;9070;5823;3247
"77469";789;642;40;602;243;359
"77470";5592;4339;261;4078;1939;2139
"77471";299;245;20;225;97;128
"77472";289;247;17;230;103;127
"77473";373;311;25;286;112;174
"77474";391;315;23;292;107;185
"77475";3527;2898;171;2727;1329;1398
"77476";197;170;12;158;68;90
"77477";619;544;24;520;179;341
"77478";703;543;28;515;217;298
"77479";8336;6877;353;6524;3331;3193
"77480";483;405;23;382;166;216
"77481";155;124;17;107;53;54
"77482";2198;1835;141;1694;978;716
"77483";1148;1021;73;948;355;593
"77484";172;144;11;133;48;85
"77485";638;545;22;523;211;312
"77486";558;455;29;426;164;262
"77487";8042;6662;410;6252;3228;3024
"77489";133;112;8;104;47;57
"77490";500;392;33;359;169;190
"77491";3698;3080;171;2909;1482;1427
"77492";540;434;36;398;184;214
"77493";2159;1703;135;1568;788;780
"77494";2050;1615;116;1499;741;758
"77495";5329;4416;262;4154;2313;1841
"77496";154;131;3;128;73;55
"77498";177;155;10;145;49;96
"77500";392;330;26;304;152;152
"77501";636;512;31;481;197;284
"77504";619;547;33;514;221;293
"77505";283;248;17;231;87;144
"77506";505;417;41;376;156;220
"77507";348;300;19;281;104;177
"77508";1239;1010;64;946;415;531
"77509";407;343;27;316;139;177
"77510";438;394;24;370;171;199
"77511";328;269;12;257;105;152
"77512";846;677;46;631;281;350
"77513";2573;2053;148;1905;996;909
"77514";13948;10530;536;9994;5572;4422
"77515";435;376;31;345;121;224
"77516";577;470;34;436;215;221
"77517";1293;1030;52;978;350;628
"77518";173;150;4;146;48;98
"77519";733;616;49;567;236;331
"77520";599;523;38;485;230;255
"77521";1194;989;51;938;395;543
"77522";246;214;14;200;72;128
"77523";208;169;15;154;82;72
"77524";377;319;32;287;107;180
"77525";232;194;14;180;71;109
"77526";178;139;15;124;55;69
"77527";365;320;17;303;93;210
"77528";829;710;38;672;275;397
"77529";1090;917;46;871;276;595
"77530";255;225;12;213;58;155
"77531";1236;971;60;911;405;506
"77532";52;46;3;43;14;29
"77533";1846;1562;77;1485;641;844
"77534";429;360;22;338;142;196
"78003";2068;1824;107;1717;875;842
"78005";13074;9927;503;9424;5573;3851
"78006";630;538;33;505;186;319
"78007";756;647;14;633;166;467
"78009";232;193;14;179;84;95
"78010";883;799;27;772;253;519
"78013";305;267;19;248;106;142
"78015";9055;7389;346;7043;3337;3706
"78020";648;566;27;539;155;384
"78029";7115;5583;295;5288;2675;2613
"78030";1627;1392;50;1342;605;737
"78031";462;410;19;391;154;237
"78033";799;675;45;630;267;363
"78034";685;624;20;604;232;372
"78036";367;329;12;317;136;181
"78043";3195;2658;74;2584;654;1930
"78048";1078;920;40;880;345;535
"78049";1255;1070;35;1035;381;654
"78050";436;407;11;396;133;263
"78053";403;340;21;319;106;213
"78057";1334;1107;83;1024;496;528
"78062";5749;4929;251;4678;2252;2426
"78068";742;637;34;603;228;375
"78070";248;218;17;201;57;144
"78071";434;384;25;359;166;193
"78072";221;192;11;181;64;117
"78073";8465;7144;377;6767;3194;3573
"78076";231;196;6;190;61;129
"78077";524;467;19;448;215;233
"78082";418;379;21;358;162;196
"78084";398;354;14;340;150;190
"78087";1483;1293;66;1227;671;556
"78089";2659;2124;161;1963;917;1046
"78090";1507;1207;66;1141;442;699
"78092";5619;4601;154;4447;1647;2800
"78096";450;390;28;362;115;247
"78104";471;429;21;408;134;274
"78107";1330;1168;77;1091;463;628
"78108";836;729;37;692;295;397
"78113";444;390;16;374;101;273
"78117";4232;3545;150;3395;1435;1960
"78118";1792;1505;78;1427;720;707
"78120";1325;1202;47;1155;524;631
"78123";8148;6152;242;5910;3287;2623
"78124";9026;7509;319;7190;3395;3795
"78125";733;653;43;610;257;353
"78126";14500;11755;427;11328;4578;6750
"78128";1138;1013;25;988;451;537
"78133";4114;3404;148;3256;1057;2199
"78138";4945;3786;161;3625;2284;1341
"78140";891;757;45;712;262;450
"78143";1123;957;35;922;450;472
"78146";19798;16257;644;15613;6200;9413
"78147";284;262;11;251;94;157
"78152";1347;1187;34;1153;275;878
"78158";20269;17350;524;16826;4965;11861
"78160";4027;3394;140;3254;1363;1891
"78162";433;373;12;361;135;226
"78163";288;257;15;242;88;154
"78164";583;516;19;497;167;330
"78165";11745;9336;433;8903;4896;4007
"78168";2550;1985;97;1888;1103;785
"78171";828;727;30;697;291;406
"78172";23786;19354;989;18365;10272;8093
"78185";339;296;20;276;105;171
"78188";306;255;18;237;99;138
"78189";1239;1025;31;994;289;705
"78190";7060;6054;214;5840;1825;4015
"78192";792;670;32;638;275;363
"78193";757;675;19;656;266;390
"78194";193;166;13;153;67;86
"78196";229;200;7;193;38;155
"78202";372;321;14;307;110;197
"78206";2634;2135;119;2016;937;1079
"78208";16682;13543;644;12899;7219;5680
"78209";638;551;21;530;250;280
"78217";4236;3586;153;3433;1616;1817
"78220";4816;3940;187;3753;1752;2001
"78224";3569;3062;101;2961;984;1977
"78227";584;533;33;500;190;310
"78230";421;370;19;351;141;210
"78231";118;101;9;92;33;59
"78233";2162;1874;67;1807;500;1307
"78234";108;95;5;90;23;67
"78236";494;439;19;420;167;253
"78237";113;99;6;93;41;52
"78238";1594;1344;89;1255;510;745
"78239";1190;1045;76;969;409;560
"78242";8050;6727;284;6443;3278;3165
"78245";320;287;19;268;96;172
"78246";784;685;45;640;274;366
"78251";3061;2626;91;2535;754;1781
"78255";2784;2226;123;2103;935;1168
"78261";525;462;28;434;195;239
"78262";847;723;35;688;250;438
"78263";1924;1622;78;1544;572;972
"78264";67;59;2;57;14;43
"78265";1681;1472;84;1388;608;780
"78267";5020;3924;227;3697;1716;1981
"78269";923;811;44;767;345;422
"78276";469;402;24;378;180;198
"78278";371;322;15;307;93;214
"78281";454;381;29;352;121;231
"78283";211;201;14;187;77;110
"78285";441;398;21;377;132;245
"78289";754;637;23;614;166;448
"78290";662;586;34;552;225;327
"78291";1503;1284;75;1209;466;743
"78296";466;396;30;366;132;234
"78297";17384;14019;635;13384;8188;5196
"78299";1365;1155;59;1096;508;588
"78300";278;232;10;222;84;138
"78302";208;182;5;177;45;132
"78305";217;198;9;189;74;115
"78307";745;655;28;627;234;393
"78310";2171;1822;112;1710;710;1000
"78311";20690;16824;728;16096;8392;7704
"78314";2725;2279;128;2151;1079;1072
"78317";558;491;26;465;208;257
"78320";331;284;17;267;79;188
"78321";3782;3252;157;3095;1223;1872
"78322";4824;4208;149;4059;1658;2401
"78324";409;351;21;330;150;180
"78325";465;388;20;368;140;228
"78327";2664;2213;132;2081;830;1251
"78329";664;599;28;571;204;367
"78334";1342;1171;49;1122;441;681
"78335";9795;7735;411;7324;4346;2978
"78337";1484;1213;64;1149;482;667
"78343";1066;911;30;881;318;563
"78344";486;405;9;396;145;251
"78346";1102;939;41;898;334;564
"78349";358;313;10;303;118;185
"78350";5460;4618;161;4457;1353;3104
"78354";3966;3276;191;3085;1664;1421
"78356";6407;5456;247;5209;2820;2389
"78358";16629;13502;518;12984;4838;8146
"78361";20875;15675;683;14992;10052;4940
"78362";11765;8789;480;8309;4771;3538
"78364";502;455;16;439;175;264
"78366";276;247;12;235;84;151
"78367";2572;2246;69;2177;686;1491
"78368";1324;1162;41;1121;360;761
"78372";11983;10168;399;9769;4217;5552
"78380";4220;3463;188;3275;1303;1972
"78381";517;463;31;432;173;259
"78382";2916;2562;153;2409;1189;1220
"78383";13734;11176;544;10632;5547;5085
"78384";996;829;26;803;272;531
"78385";141;126;13;113;46;67
"78389";1383;1234;49;1185;406;779
"78391";272;221;11;210;76;134
"78396";4676;3853;158;3695;1336;2359
"78397";5044;4343;162;4181;1728;2453
"78398";715;625;29;596;217;379
"78401";5432;4045;207;3838;1807;2031
"78402";2598;2100;125;1975;850;1125
"78403";1385;1188;66;1122;492;630
"78404";191;171;9;162;51;111
"78406";275;244;8;236;47;189
"78407";495;436;20;416;168;248
"78410";708;604;33;571;241;330
"78413";285;248;14;234;100;134
"78415";449;379;15;364;127;237
"78416";249;217;7;210;73;137
"78417";230;211;13;198;54;144
"78418";10139;8542;388;8154;3422;4732
"78420";1977;1733;76;1657;539;1118
"78423";24319;19959;959;19000;10385;8615
"78431";1714;1510;64;1446;381;1065
"78437";540;411;32;379;141;238
"78439";84;76;6;70;22;48
"78440";15700;11462;478;10984;7740;3244
"78442";2170;1808;79;1729;720;1009
"78443";597;555;17;538;195;343
"78444";596;508;28;480;188;292
"78451";680;589;35;554;207;347
"78455";5879;5154;149;5005;1285;3720
"78460";862;763;41;722;307;415
"78464";569;519;26;493;190;303
"78465";1791;1569;84;1485;651;834
"78466";4219;3544;131;3413;972;2441
"78470";710;638;34;604;241;363
"78472";232;199;8;191;78;113
"78474";502;446;15;431;166;265
"78475";263;236;15;221;83;138
"78478";140;131;14;117;47;70
"78481";11080;8918;350;8568;3598;4970
"78484";440;385;35;350;128;222
"78486";4867;4132;202;3930;1860;2070
"78490";18612;15243;558;14685;8282;6403
"78497";749;648;30;618;203;415
"78498";22004;17705;809;16896;8681;8215
"78499";399;366;15;351;150;201
"78501";1645;1390;75;1315;585;730
"78502";2829;2279;102;2177;907;1270
"78503";183;154;19;135;56;79
"78505";312;268;16;252;87;165
"78506";665;593;24;569;234;335
"78513";1416;1247;63;1184;473;711
"78516";656;546;14;532;217;315
"78517";18195;15309;748;14561;6601;7960
"78518";103;90;2;88;18;70
"78520";939;812;43;769;305;464
"78522";649;588;27;561;201;360
"78524";2471;2087;54;2033;457;1576
"78528";257;206;15;191;78;113
"78530";292;243;7;236;78;158
"78531";3662;3041;221;2820;1454;1366
"78536";276;230;14;216;66;150
"78537";4458;3788;141;3647;1596;2051
"78545";10905;8533;372;8161;4291;3870
"78548";404;347;12;335;132;203
"78550";1379;1208;60;1148;505;643
"78551";26499;21372;821;20551;7612;12939
"78557";646;590;37;553;253;300
"78558";256;209;11;198;78;120
"78559";314;278;12;266;81;185
"78561";322;295;13;282;85;197
"78562";1117;989;48;941;382;559
"78564";474;424;24;400;182;218
"78565";245;229;10;219;86;133
"78567";643;581;27;554;201;353
"78569";628;534;38;496;253;243
"78571";3607;3200;73;3127;676;2451
"78575";5721;4948;222;4726;2163;2563
"78576";1041;914;38;876;267;609
"78586";28946;22695;1020;21675;12270;9405
"78588";533;465;22;443;177;266
"78590";410;358;18;340;147;193
"78591";1536;1309;61;1248;457;791
"78597";434;367;22;345;148;197
"78601";1230;1037;57;980;410;570
"78605";754;634;40;594;280;314
"78606";37;37;3;34;9;25
"78608";87;84;4;80;17;63
"78609";730;638;23;615;232;383
"78615";592;504;20;484;248;236
"78616";858;740;40;700;278;422
"78618";417;388;17;371;123;248
"78620";700;619;33;586;236;350
"78621";13486;10296;429;9867;7599;2268
"78623";600;540;28;512;191;321
"78624";8091;6714;279;6435;2651;3784
"78638";3052;2573;131;2442;1070;1372
"78640";14176;11749;637;11112;4963;6149
"78642";10613;8745;428;8317;3651;4666
"78643";5757;4893;194;4699;2173;2526
"78644";2974;2186;97;2089;1463;626
"78646";55896;46326;1673;44653;14806;29847
"78647";632;545;33;512;206;306
"78650";11687;9960;286;9674;2769;6905
"78653";203;184;4;180;68;112
"78655";559;500;31;469;208;261
"78668";437;393;16;377;151;226
"78672";3819;3211;96;3115;891;2224
"78674";6950;5694;257;5437;2809;2628
"78677";414;366;20;346;113;233
"78681";470;430;18;412;161;251
"78683";2032;1743;86;1657;786;871
"78686";10904;9298;342;8956;3987;4969
"78688";9354;7891;315;7576;3197;4379
"79001";745;612;25;587;301;286
"79002";226;206;11;195;89;106
"79003";4129;3659;186;3473;2208;1265
"79004";444;382;22;360;242;118
"79005";2351;1978;106;1872;1081;791
"79006";200;165;7;158;84;74
"79007";477;419;40;379;153;226
"79008";574;491;41;450;213;237
"79009";321;280;14;266;159;107
"79010";493;404;27;377;228;149
"79011";133;127;9;118;73;45
"79012";966;827;52;775;458;317
"79013";1174;975;50;925;370;555
"79014";1209;989;83;906;515;391
"79015";161;134;10;124;76;48
"79016";672;584;47;537;226;311
"79018";165;137;11;126;75;51
"79019";136;121;5;116;61;55
"79020";656;566;36;530;321;209
"79022";178;147;9;138;75;63
"79023";69;58;7;51;13;38
"79024";1363;1187;89;1098;665;433
"79025";800;679;40;639;303;336
"79027";74;57;3;54;37;17
"79029";503;433;30;403;240;163
"79030";364;316;11;305;229;76
"79031";1253;1078;44;1034;607;427
"79032";420;353;38;315;192;123
"79033";103;83;7;76;48;28
"79034";1265;1093;69;1024;575;449
"79035";235;209;12;197;113;84
"79038";915;756;49;707;358;349
"79039";47;36;3;33;16;17
"79040";195;165;7;158;73;85
"79042";148;127;14;113;74;39
"79043";757;603;28;575;310;265
"79044";302;247;15;232;114;118
"79045";97;80;3;77;32;45
"79046";403;343;19;324;201;123
"79047";339;287;17;270;115;155
"79048";4313;3665;206;3459;2242;1217
"79049";13570;11350;697;10653;5701;4952
"79050";452;405;26;379;212;167
"79051";354;306;19;287;139;148
"79053";344;298;12;286;126;160
"79054";186;153;9;144;73;71
"79055";53;51;0;51;32;19
"79056";546;449;32;417;238;179
"79057";1086;934;60;874;458;416
"79058";528;435;28;407;263;144
"79059";577;488;40;448;225;223
"79060";128;115;9;106;51;55
"79061";2814;2353;127;2226;1486;740
"79062";3136;2612;163;2449;1467;982
"79063";741;614;44;570;242;328
"79064";387;344;17;327;205;122
"79066";1152;943;63;880;485;395
"79068";257;222;22;200;116;84
"79069";771;627;41;586;309;277
"79070";273;246;11;235;140;95
"79071";383;340;26;314;168;146
"79072";179;140;8;132;55;77
"79074";150;131;6;125;85;40
"79075";273;239;17;222;136;86
"79076";1416;1199;83;1116;514;602
"79077";311;271;31;240;96;144
"79078";467;398;34;364;210;154
"79079";5708;4995;281;4714;2038;2676
"79080";2180;1856;88;1768;939;829
"79081";4690;4014;207;3807;2345;1462
"79083";1590;1334;72;1262;761;501
"79084";389;316;21;295;166;129
"79085";128;113;12;101;51;50
"79086";1271;1068;68;1000;646;354
"79087";436;358;25;333;196;137
"79088";1182;1035;68;967;434;533
"79089";150;132;6;126;90;36
"79090";610;521;23;498;323;175
"79091";688;567;42;525;290;235
"79092";277;228;16;212;139;73
"79094";744;639;48;591;224;367
"79095";417;369;21;348;173;175
"79096";879;788;54;734;352;382
"79098";220;188;12;176;114;62
"79099";173;163;12;151;69;82
"79100";1721;1482;80;1402;836;566
"79101";1652;1393;99;1294;670;624
"79102";320;266;13;253;138;115
"79103";1858;1570;107;1463;836;627
"79104";350;312;20;292;167;125
"79105";130;122;9;113;71;42
"79106";299;251;10;241;123;118
"79107";44;37;4;33;14;19
"79108";188;171;15;156;65;91
"79109";2649;2316;111;2205;1375;830
"79111";246;208;13;195;107;88
"79112";582;496;21;475;315;160
"79113";243;201;13;188;59;129
"79114";1042;918;65;853;431;422
"79115";475;415;28;387;213;174
"79116";728;615;37;578;288;290
"79117";409;361;17;344;177;167
"79118";232;186;12;174;101;73
"79119";561;465;29;436;242;194
"79120";619;531;38;493;228;265
"79121";302;266;14;252;106;146
"79122";456;399;16;383;239;144
"79123";1770;1555;81;1474;731;743
"79124";108;86;2;84;49;35
"79125";1235;1088;52;1036;661;375
"79126";302;263;10;253;157;96
"79127";588;491;36;455;266;189
"79128";750;672;35;637;392;245
"79129";1128;1010;74;936;661;275
"79130";2180;1882;91;1791;1161;630
"79131";257;213;13;200;85;115
"79132";264;210;16;194;83;111
"79133";811;715;43;672;454;218
"79134";442;375;13;362;214;148
"79135";695;612;30;582;282;300
"79136";458;398;23;375;194;181
"79137";721;607;47;560;365;195
"79139";48;44;3;41;19;22
"79140";189;151;8;143;80;63
"79141";164;142;2;140;59;81
"79142";90;78;5;73;43;30
"79144";277;243;18;225;125;100
"79145";278;232;14;218;133;85
"79147";570;480;33;447;193;254
"79148";1612;1312;84;1228;747;481
"79149";106;94;8;86;33;53
"79150";598;489;37;452;282;170
"79152";189;170;12;158;84;74
"79153";131;112;7;105;67;38
"79154";295;222;13;209;118;91
"79156";570;498;39;459;262;197
"79157";911;817;64;753;436;317
"79158";112;100;5;95;54;41
"79159";326;282;18;264;125;139
"79160";143;125;7;118;63;55
"79161";478;405;25;380;223;157
"79162";2441;2105;112;1993;1213;780
"79163";429;365;24;341;214;127
"79164";193;163;14;149;85;64
"79165";129;116;3;113;36;77
"79166";662;575;30;545;319;226
"79167";196;167;10;157;90;67
"79168";431;365;28;337;164;173
"79170";1988;1701;117;1584;975;609
"79171";1831;1488;96;1392;716;676
"79172";756;636;35;601;314;287
"79173";297;250;14;236;142;94
"79174";2483;2025;93;1932;1357;575
"79175";394;328;20;308;167;141
"79176";662;569;42;527;295;232
"79177";137;118;3;115;66;49
"79178";736;640;45;595;313;282
"79179";2357;2028;113;1915;977;938
"79180";231;188;11;177;110;67
"79183";262;230;20;210;133;77
"79184";1237;1041;66;975;620;355
"79185";1531;1294;83;1211;814;397
"79187";458;384;25;359;155;204
"79188";461;411;30;381;192;189
"79189";1194;1034;67;967;535;432
"79190";368;331;23;308;120;188
"79191";39142;31103;1522;29581;19098;10483
"79195";3951;3284;199;3085;1297;1788
"79196";662;539;36;503;260;243
"79197";95;86;3;83;35;48
"79198";178;150;12;138;93;45
"79199";363;305;17;288;181;107
"79200";213;181;9;172;84;88
"79201";1313;1098;59;1039;631;408
"79202";7356;5950;369;5581;3350;2231
"79203";294;237;21;216;98;118
"79204";778;665;44;621;332;289
"79205";40;34;0;34;12;22
"79207";518;433;22;411;191;220
"79208";810;715;41;674;290;384
"79209";201;181;7;174;70;104
"79210";772;643;42;601;296;305
"79211";242;183;18;165;82;83
"79212";155;127;4;123;64;59
"79213";1667;1463;90;1373;779;594
"79214";301;260;19;241;144;97
"79215";271;223;17;206;65;141
"79216";1581;1361;80;1281;761;520
"79217";510;438;26;412;285;127
"79218";165;145;15;130;51;79
"79219";94;84;7;77;31;46
"79220";427;353;29;324;205;119
"79222";167;139;15;124;67;57
"79223";32;31;1;30;17;13
"79225";253;211;7;204;122;82
"79226";219;185;12;173;72;101
"79229";354;302;18;284;171;113
"79230";644;567;31;536;247;289
"79231";512;432;44;388;227;161
"79235";1003;864;51;813;275;538
"79236";510;442;34;408;217;191
"79238";425;391;20;371;160;211
"79239";1392;1189;58;1131;621;510
"79240";491;428;24;404;270;134
"79241";440;386;22;364;196;168
"79242";362;299;17;282;120;162
"79243";173;146;8;138;70;68
"79244";296;223;13;210;100;110
"79246";459;401;25;376;253;123
"79247";106;92;6;86;46;40
"79249";1454;1264;71;1193;737;456
"79250";285;228;12;216;106;110
"79251";274;236;15;221;114;107
"79252";277;238;15;223;117;106
"79253";532;439;26;413;226;187
"79254";311;277;15;262;160;102
"79255";267;223;11;212;122;90
"79256";150;132;8;124;59;65
"79257";1214;1057;92;965;502;463
"79258";365;307;20;287;155;132
"79259";1054;931;65;866;486;380
"79260";454;383;25;358;176;182
"79261";155;142;12;130;76;54
"79263";401;360;30;330;182;148
"79264";859;748;40;708;456;252
"79265";987;848;57;791;465;326
"79267";251;222;17;205;103;102
"79268";716;628;50;578;345;233
"79269";295;252;12;240;117;123
"79270";4045;3266;181;3085;1590;1495
"79271";223;174;15;159;83;76
"79273";624;556;41;515;342;173
"79274";256;222;14;208;110;98
"79276";752;673;36;637;322;315
"79277";680;573;40;533;258;275
"79278";182;160;11;149;60;89
"79279";587;531;28;503;319;184
"79280";384;335;22;313;82;231
"79281";953;837;44;793;493;300
"79282";104;86;9;77;36;41
"79283";943;827;56;771;509;262
"79284";581;494;40;454;280;174
"79285";1179;946;62;884;482;402
"79286";348;302;12;290;99;191
"79289";975;848;34;814;303;511
"79290";712;615;37;578;356;222
"79292";1469;1279;87;1192;748;444
"79293";756;651;46;605;355;250
"79294";141;121;10;111;63;48
"79295";529;448;22;426;287;139
"79297";296;258;21;237;112;125
"79298";1460;1268;75;1193;684;509
"79299";1772;1477;92;1385;770;615
"79300";1072;940;44;896;533;363
"79301";488;435;27;408;280;128
"79302";1067;930;63;867;525;342
"79303";242;199;13;186;116;70
"79304";550;480;17;463;307;156
"79306";144;132;13;119;56;63
"79307";1254;1033;61;972;590;382
"79308";470;421;20;401;230;171
"79309";300;248;11;237;123;114
"79310";391;335;20;315;190;125
"79311";1378;1193;95;1098;468;630
"79312";106;78;6;72;51;21
"79313";467;386;22;364;227;137
"79314";203;183;7;176;96;80
"79316";318;274;33;241;128;113
"79318";211;171;10;161;78;83
"79319";718;601;53;548;356;192
"79320";446;398;22;376;238;138
"79321";644;540;39;501;253;248
"79322";1605;1375;87;1288;741;547
"79325";230;197;12;185;80;105
"79326";1038;883;51;832;407;425
"79327";878;773;40;733;540;193
"79328";69;61;2;59;25;34
"79329";6538;5197;310;4887;3004;1883
"79330";221;191;7;184;81;103
"79331";113;92;5;87;46;41
"79332";99;79;6;73;26;47
"79333";52;51;2;49;16;33
"79334";633;536;38;498;310;188
"79335";583;510;21;489;332;157
"79336";201;180;15;165;80;85
"79337";694;573;20;553;343;210
"79338";160;141;3;138;67;71
"79339";1281;1101;89;1012;489;523
"79340";267;229;16;213;113;100
"79341";99;84;4;80;40;40
"79342";459;386;22;364;160;204
"79343";172;152;5;147;77;70
"79345";710;622;40;582;331;251
"79346";100;89;6;83;59;24
"79347";807;724;38;686;409;277
"79348";165;132;13;119;60;59
"79349";122;95;1;94;48;46
"79350";119;94;11;83;62;21
"79351";1165;989;62;927;572;355
"79352";145;121;6;115;63;52
"79353";452;351;18;333;242;91
"79354";301;260;9;251;132;119
"79355";2556;2193;113;2080;1364;716
"79356";390;334;22;312;142;170
"79357";185;155;6;149;98;51
"80001";18306;13577;861;12716;7235;5481
"80002";194;158;17;141;70;71
"80003";413;362;21;341;179;162
"80004";405;361;29;332;193;139
"80005";83;80;4;76;45;31
"80006";151;128;7;121;41;80
"80008";632;550;33;517;324;193
"80009";762;643;48;595;295;300
"80010";2079;1745;145;1600;874;726
"80011";2433;1962;134;1828;1104;724
"80013";1583;1362;106;1256;729;527
"80014";42;30;2;28;8;20
"80015";62;53;2;51;27;24
"80016";7429;5873;427;5446;3242;2204
"80017";319;270;27;243;110;133
"80018";201;177;20;157;80;77
"80019";653;543;52;491;242;249
"80020";559;486;45;441;210;231
"80021";74978;56953;3132;53821;32211;21610
"80022";185;159;10;149;65;84
"80023";186;165;11;154;60;94
"80024";473;404;27;377;156;221
"80025";186;166;10;156;48;108
"80026";26;24;2;22;11;11
"80027";19;17;0;17;5;12
"80028";142;112;5;107;43;64
"80029";660;569;32;537;328;209
"80030";146;123;6;117;48;69
"80031";557;466;40;426;202;224
"80032";89;80;10;70;32;38
"80033";207;182;11;171;87;84
"80034";455;380;19;361;180;181
"80035";48;42;3;39;15;24
"80036";375;332;30;302;152;150
"80037";81;70;2;68;26;42
"80038";98;90;11;79;33;46
"80039";1377;1157;84;1073;602;471
"80040";171;148;8;140;78;62
"80041";114;89;3;86;36;50
"80042";89;74;3;71;22;49
"80043";218;182;8;174;69;105
"80044";303;263;20;243;136;107
"80045";130;110;8;102;55;47
"80046";54;52;1;51;28;23
"80047";401;352;22;330;173;157
"80048";56;49;1;48;14;34
"80049";154;135;9;126;63;63
"80050";386;346;14;332;158;174
"80051";203;185;12;173;63;110
"80052";186;150;16;134;45;89
"80053";65;53;4;49;19;30
"80054";231;204;19;185;93;92
"80055";142;120;4;116;47;69
"80056";76;71;9;62;30;32
"80057";65;58;10;48;30;18
"80058";274;230;12;218;105;113
"80059";73;68;3;65;22;43
"80060";81;71;5;66;29;37
"80061";187;155;11;144;72;72
"80062";1058;906;60;846;499;347
"80063";741;638;44;594;334;260
"80064";134;118;6;112;41;71
"80065";66;58;8;50;21;29
"80066";202;172;8;164;74;90
"80067";119;99;8;91;39;52
"80068";186;149;9;140;89;51
"80069";184;146;3;143;73;70
"80070";970;828;54;774;405;369
"80071";1478;1295;83;1212;753;459
"80073";133;122;14;108;58;50
"80074";97;81;4;77;50;27
"80076";396;338;27;311;130;181
"80077";279;247;15;232;95;137
"80078";422;378;18;360;179;181
"80079";280;238;18;220;97;123
"80080";140;120;6;114;49;65
"80081";71;68;3;65;27;38
"80082";578;517;22;495;225;270
"80083";129;121;7;114;43;71
"80084";177;163;18;145;74;71
"80085";44;41;2;39;23;16
"80086";794;670;57;613;309;304
"80087";179;153;11;142;72;70
"80088";263;226;15;211;125;86
"80089";219;185;14;171;58;113
"80090";143;118;8;110;59;51
"80092";479;407;25;382;191;191
"80093";859;723;48;675;454;221
"80094";362;325;19;306;168;138
"80095";181;152;6;146;79;67
"80096";770;648;39;609;441;168
"80097";95;84;8;76;37;39
"80098";73;67;3;64;34;30
"80099";191;160;13;147;49;98
"80100";421;358;34;324;195;129
"80101";552;456;57;399;172;227
"80102";356;287;20;267;159;108
"80103";57;45;6;39;13;26
"80104";99;89;6;83;60;23
"80105";130;110;6;104;47;57
"80106";155;135;5;130;67;63
"80107";414;388;10;378;239;139
"80108";62;52;6;46;23;23
"80109";319;275;19;256;134;122
"80110";422;352;18;334;142;192
"80112";203;174;12;162;86;76
"80113";254;222;17;205;114;91
"80114";232;204;17;187;73;114
"80115";249;207;17;190;103;87
"80116";194;167;14;153;72;81
"80117";123;106;9;97;61;36
"80118";97;88;8;80;35;45
"80119";343;299;16;283;105;178
"80120";425;386;23;363;196;167
"80121";107;86;7;79;31;48
"80122";388;326;23;303;147;156
"80123";290;236;23;213;102;111
"80124";558;488;29;459;246;213
"80125";56;45;5;40;15;25
"80126";781;680;47;633;371;262
"80127";660;573;42;531;326;205
"80128";126;103;10;93;43;50
"80129";449;388;30;358;190;168
"80130";320;295;16;279;113;166
"80131";2280;1946;157;1789;901;888
"80132";173;142;11;131;76;55
"80133";210;186;6;180;67;113
"80134";56;47;2;45;9;36
"80135";199;181;26;155;83;72
"80136";954;786;80;706;403;303
"80137";363;331;15;316;125;191
"80138";87;76;14;62;34;28
"80139";71;59;4;55;22;33
"80140";73;67;4;63;35;28
"80141";265;214;13;201;88;113
"80142";143;124;11;113;55;58
"80143";87;76;6;70;32;38
"80144";460;400;32;368;223;145
"80145";110;97;5;92;40;52
"80146";145;126;11;115;56;59
"80147";268;231;14;217;100;117
"80148";331;292;12;280;154;126
"80149";473;391;29;362;156;206
"80150";195;170;9;161;81;80
"80151";243;223;25;198;116;82
"80152";110;100;3;97;55;42
"80153";137;117;2;115;60;55
"80154";174;154;7;147;72;75
"80155";246;226;10;216;99;117
"80156";290;249;11;238;112;126
"80157";77;67;5;62;32;30
"80158";35;27;6;21;6;15
"80159";195;173;20;153;62;91
"80160";1132;959;51;908;460;448
"80161";153;135;12;123;60;63
"80162";485;418;38;380;234;146
"80163";612;539;32;507;264;243
"80164";3296;2876;177;2699;1556;1143
"80165";151;125;8;117;42;75
"80166";480;410;35;375;224;151
"80167";252;214;13;201;109;92
"80168";781;691;53;638;357;281
"80169";78;64;4;60;18;42
"80170";82;78;4;74;41;33
"80171";480;414;29;385;166;219
"80172";385;322;27;295;147;148
"80173";390;354;13;341;162;179
"80174";61;56;2;54;24;30
"80175";74;60;4;56;26;30
"80176";200;173;12;161;108;53
"80177";574;442;34;408;222;186
"80179";167;140;14;126;51;75
"80180";87;79;3;76;31;45
"80181";76;66;1;65;24;41
"80182";2231;1784;113;1671;838;833
"80183";207;167;5;162;93;69
"80184";359;308;26;282;155;127
"80185";207;180;19;161;73;88
"80186";1400;1155;78;1077;611;466
"80187";591;531;31;500;253;247
"80188";500;419;27;392;171;221
"80189";51;50;9;41;20;21
"80190";929;816;63;753;429;324
"80191";146;136;8;128;69;59
"80192";132;129;11;118;56;62
"80193";97;89;6;83;39;44
"80194";96;78;8;70;29;41
"80195";123;110;5;105;61;44
"80196";218;194;11;183;104;79
"80197";33;25;2;23;12;11
"80198";344;305;27;278;120;158
"80199";408;361;19;342;183;159
"80200";163;139;20;119;50;69
"80201";39;36;3;33;5;28
"80202";244;225;23;202;76;126
"80203";79;68;4;64;18;46
"80204";524;435;32;403;220;183
"80205";669;543;56;487;250;237
"80206";89;76;9;67;34;33
"80207";304;257;32;225;116;109
"80208";162;135;8;127;62;65
"80209";317;265;25;240;119;121
"80210";116;102;2;100;27;73
"80211";1228;1013;65;948;482;466
"80212";4486;3552;271;3281;2005;1276
"80213";318;269;17;252;122;130
"80214";237;188;20;168;77;91
"80215";174;157;10;147;65;82
"80216";131;98;9;89;34;55
"80217";64;46;3;43;10;33
"80218";117;103;2;101;46;55
"80219";52;40;4;36;19;17
"80220";80;66;0;66;28;38
"80221";232;196;12;184;57;127
"80222";1163;963;52;911;474;437
"80223";70;62;3;59;18;41
"80224";86;77;8;69;24;45
"80225";178;150;5;145;72;73
"80226";234;201;23;178;80;98
"80227";293;236;9;227;111;116
"80228";2046;1621;131;1490;547;943
"80229";250;213;10;203;99;104
"80230";247;204;6;198;91;107
"80231";116;104;6;98;39;59
"80232";162;145;11;134;81;53
"80233";114;96;11;85;35;50
"80234";531;456;50;406;211;195
"80235";958;817;72;745;485;260
"80236";334;267;14;253;124;129
"80237";328;291;23;268;138;130
"80238";383;330;18;312;185;127
"80239";55;50;4;46;14;32
"80240";1041;886;51;835;429;406
"80241";778;655;59;596;367;229
"80242";363;322;17;305;145;160
"80243";44;42;3;39;19;20
"80244";144;123;10;113;55;58
"80245";276;221;18;203;108;95
"80246";307;270;12;258;118;140
"80247";515;435;33;402;188;214
"80248";366;322;25;297;121;176
"80249";232;196;5;191;84;107
"80250";235;208;21;187;78;109
"80251";204;177;22;155;71;84
"80252";202;147;6;141;73;68
"80253";4537;3404;224;3180;1790;1390
"80256";1190;978;57;921;505;416
"80258";68;52;3;49;24;25
"80259";89;79;6;73;28;45
"80260";749;644;46;598;239;359
"80261";880;765;45;720;235;485
"80262";339;294;30;264;149;115
"80263";56;39;5;34;18;16
"80264";76;63;7;56;33;23
"80265";478;395;23;372;256;116
"80266";206;166;5;161;84;77
"80267";187;159;18;141;65;76
"80268";503;445;35;410;173;237
"80269";98;79;12;67;26;41
"80270";8;8;1;7;3;4
"80271";801;655;52;603;326;277
"80272";95;87;9;78;33;45
"80273";300;259;23;236;107;129
"80274";1506;1236;99;1137;689;448
"80275";233;205;29;176;73;103
"80276";251;219;15;204;71;133
"80278";119;105;9;96;42;54
"80279";563;464;37;427;185;242
"80280";96;87;4;83;36;47
"80281";141;130;2;128;64;64
"80282";353;328;41;287;190;97
"80283";131;117;19;98;51;47
"80284";582;479;27;452;208;244
"80285";167;158;13;145;77;68
"80287";213;193;21;172;86;86
"80288";206;182;10;172;74;98
"80290";305;268;17;251;126;125
"80291";230;197;10;187;83;104
"80292";97;87;10;77;38;39
"80293";294;258;19;239;122;117
"80294";122;95;5;90;37;53
"80295";291;236;13;223;112;111
"80296";876;717;47;670;465;205
"80297";43;39;3;36;10;26
"80298";371;315;19;296;126;170
"80299";168;142;8;134;66;68
"80300";114;104;4;100;42;58
"80301";193;170;13;157;65;92
"80302";126;108;5;103;53;50
"80303";417;347;17;330;125;205
"80304";72;64;5;59;23;36
"80305";410;336;20;316;145;171
"80306";128;111;5;106;57;49
"80307";103;93;5;88;29;59
"80308";1995;1758;95;1663;1122;541
"80310";438;374;30;344;178;166
"80311";106;94;11;83;42;41
"80312";212;176;17;159;82;77
"80313";259;220;14;206;135;71
"80314";133;116;10;106;40;66
"80315";331;297;21;276;118;158
"80316";1557;1335;86;1249;687;562
"80317";186;160;13;147;83;64
"80318";2316;1853;136;1717;1189;528
"80319";273;230;17;213;81;132
"80320";109;92;8;84;38;46
"80321";126;106;13;93;48;45
"80322";92;88;5;83;42;41
"80324";137;120;4;116;63;53
"80325";37;34;2;32;18;14
"80326";115;101;13;88;25;63
"80327";130;115;8;107;34;73
"80328";430;376;41;335;178;157
"80329";154;129;9;120;62;58
"80330";228;202;8;194;126;68
"80331";242;215;14;201;113;88
"80332";291;242;20;222;80;142
"80333";1178;1007;48;959;331;628
"80334";83;74;7;67;44;23
"80335";178;150;12;138;57;81
"80336";61;55;4;51;19;32
"80337";184;160;12;148;73;75
"80338";1289;1089;74;1015;604;411
"80339";118;98;11;87;39;48
"80340";142;130;14;116;41;75
"80341";280;257;28;229;101;128
"80342";298;252;13;239;82;157
"80343";132;111;2;109;71;38
"80344";142;133;14;119;56;63
"80345";376;319;34;285;149;136
"80346";121;112;9;103;62;41
"80347";110;90;17;73;41;32
"80348";128;118;12;106;39;67
"80349";98;92;2;90;43;47
"80350";430;357;32;325;163;162
"80351";217;188;8;180;94;86
"80352";152;119;7;112;49;63
"80353";83;76;5;71;33;38
"80354";118;108;7;101;60;41
"80355";83;73;1;72;30;42
"80356";76;63;5;58;33;25
"80357";214;185;12;173;69;104
"80358";94;81;4;77;36;41
"80359";216;191;11;180;64;116
"80360";1792;1549;86;1463;996;467
"80361";59;51;3;48;26;22
"80362";245;208;21;187;90;97
"80364";588;519;34;485;272;213
"80365";100;86;4;82;30;52
"80366";372;312;19;293;170;123
"80367";164;137;8;129;55;74
"80368";3501;2924;205;2719;1820;899
"80369";173;148;12;136;63;73
"80371";84;77;6;71;21;50
"80372";93;91;3;88;32;56
"80373";2055;1761;144;1617;1072;545
"80374";210;186;17;169;58;111
"80375";291;274;10;264;132;132
"80376";419;387;23;364;215;149
"80377";329;288;28;260;121;139
"80378";54;50;3;47;19;28
"80379";471;445;20;425;190;235
"80380";196;166;19;147;67;80
"80381";46;42;8;34;7;27
"80383";73;63;8;55;16;39
"80384";164;141;18;123;71;52
"80385";311;269;19;250;154;96
"80386";128;106;11;95;43;52
"80387";248;222;18;204;113;91
"80388";168;138;13;125;52;73
"80389";22;17;0;17;4;13
"80390";288;236;20;216;101;115
"80391";59;55;0;55;20;35
"80392";439;374;30;344;202;142
"80393";272;223;19;204;87;117
"80395";191;161;11;150;88;62
"80396";258;217;11;206;85;121
"80397";97;88;4;84;31;53
"80399";217;188;12;176;92;84
"80400";283;245;15;230;135;95
"80401";103;86;9;77;38;39
"80402";98;88;8;80;21;59
"80403";149;133;4;129;76;53
"80404";118;102;7;95;19;76
"80405";339;278;22;256;137;119
"80406";1112;939;59;880;470;410
"80407";118;104;3;101;40;61
"80408";298;246;17;229;133;96
"80409";148;124;13;111;68;43
"80410";3090;2441;157;2284;1360;924
"80411";386;332;23;309;210;99
"80412";418;352;26;326;205;121
"80413";96;81;8;73;32;41
"80414";96;92;7;85;36;49
"80415";724;618;57;561;248;313
"80416";617;526;38;488;230;258
"80417";923;758;62;696;441;255
"80418";75;69;5;64;33;31
"80419";274;236;33;203;132;71
"80420";136;116;13;103;51;52
"80421";213;170;10;160;97;63
"80422";411;363;16;347;177;170
"80423";334;289;15;274;129;145
"80424";360;324;11;313;142;171
"80425";103;84;4;80;36;44
"80426";346;282;25;257;160;97
"80427";285;227;10;217;135;82
"80428";107;99;13;86;35;51
"80429";158;137;10;127;56;71
"80430";117;93;4;89;40;49
"80431";444;404;27;377;146;231
"80432";111;92;5;87;34;53
"80433";36;35;1;34;15;19
"80434";148;137;3;134;75;59
"80435";65;61;4;57;21;36
"80436";403;369;22;347;136;211
"80437";89;83;13;70;30;40
"80438";360;316;21;295;152;143
"80439";119;107;7;100;52;48
"80440";119;97;7;90;49;41
"80442";806;687;47;640;377;263
"80443";1307;1105;64;1041;459;582
"80444";554;475;36;439;233;206
"80445";230;192;13;179;85;94
"80446";658;571;39;532;236;296
"80447";60;45;2;43;20;23
"80449";64;48;5;43;16;27
"80450";72;66;2;64;31;33
"80451";102;89;6;83;32;51
"80452";350;300;16;284;133;151
"80453";110;96;12;84;28;56
"80455";61;47;3;44;16;28
"80456";445;388;37;351;138;213
"80458";317;273;25;248;108;140
"80459";92;75;8;67;31;36
"80460";68;57;3;54;16;38
"80461";184;163;10;153;82;71
"80462";261;237;21;216;90;126
"80463";460;389;28;361;182;179
"80464";722;614;78;536;251;285
"80465";164;137;12;125;70;55
"80466";107;94;5;89;47;42
"80467";140;121;12;109;55;54
"80468";119;108;9;99;50;49
"80469";135;122;9;113;33;80
"80470";141;123;2;121;53;68
"80472";117;101;7;94;39;55
"80473";205;179;15;164;70;94
"80474";305;254;17;237;130;107
"80475";172;149;11;138;69;69
"80476";266;248;24;224;139;85
"80477";189;154;8;146;85;61
"80478";114;104;8;96;50;46
"80479";252;234;14;220;77;143
"80480";87;79;7;72;35;37
"80481";285;230;16;214;108;106
"80482";107;97;10;87;44;43
"80484";295;252;7;245;165;80
"80485";600;521;32;489;249;240
"80486";477;409;34;375;177;198
"80487";86;72;5;67;28;39
"80488";1202;1030;85;945;531;414
"80489";4232;3451;221;3230;2397;833
"80490";211;176;11;165;85;80
"80491";66;61;9;52;30;22
"80493";212;177;6;171;72;99
"80494";146;131;4;127;62;65
"80495";446;376;34;342;186;156
"80496";146;122;7;115;44;71
"80497";117;104;8;96;26;70
"80498";446;388;22;366;167;199
"80499";158;142;11;131;60;71
"80500";363;317;20;297;155;142
"80501";242;190;14;176;83;93
"80502";94;87;8;79;36;43
"80503";116;106;4;102;49;53
"80504";57;50;9;41;19;22
"80505";137;118;3;115;69;46
"80507";787;649;46;603;344;259
"80508";58;43;5;38;22;16
"80509";337;301;25;276;143;133
"80511";76;69;4;65;28;37
"80512";704;620;47;573;300;273
"80513";150;132;12;120;53;67
"80514";94;84;6;78;35;43
"80515";115;97;7;90;48;42
"80516";179;143;15;128;79;49
"80517";120;103;11;92;43;49
"80518";318;254;23;231;132;99
"80519";410;311;23;288;163;125
"80520";121;102;6;96;53;43
"80521";187;146;7;139;73;66
"80522";82;77;6;71;39;32
"80523";991;821;65;756;460;296
"80524";428;358;16;342;204;138
"80525";128;108;11;97;33;64
"80526";117;98;4;94;50;44
"80527";263;239;19;220;99;121
"80528";13;12;5;7;3;4
"80529";140;123;4;119;51;68
"80530";439;387;38;349;211;138
"80531";100;88;12;76;51;25
"80532";159;142;14;128;61;67
"80533";2517;1980;149;1831;1022;809
"80535";157;148;15;133;74;59
"80536";266;223;21;202;95;107
"80537";62;53;7;46;24;22
"80538";116;103;6;97;43;54
"80540";193;158;15;143;84;59
"80541";138;121;7;114;58;56
"80542";465;392;20;372;204;168
"80543";77;69;4;65;35;30
"80544";151;137;11;126;70;56
"80545";417;365;32;333;170;163
"80546";457;403;32;371;191;180
"80547";175;157;7;150;89;61
"80548";293;271;7;264;134;130
"80549";489;405;37;368;181;187
"80550";124;104;4;100;55;45
"80551";118;99;15;84;31;53
"80552";1025;798;61;737;461;276
"80553";272;245;30;215;108;107
"80554";698;551;36;515;238;277
"80555";548;453;34;419;218;201
"80556";436;370;28;342;195;147
"80557";482;376;22;354;159;195
"80558";186;164;15;149;69;80
"80559";133;110;7;103;48;55
"80560";164;142;8;134;54;80
"80561";4449;3386;232;3154;1916;1238
"80562";156;133;7;126;73;53
"80563";82;75;6;69;33;36
"80565";71;62;5;57;23;34
"80566";272;238;25;213;116;97
"80568";240;205;13;192;113;79
"80569";235;197;9;188;84;104
"80570";2885;2250;166;2084;1163;921
"80571";365;312;25;287;163;124
"80572";284;251;13;238;116;122
"80573";324;279;17;262;90;172
"80574";67;52;2;50;23;27
"80575";67;66;2;64;25;39
"80576";227;183;13;170;92;78
"80577";155;132;9;123;45;78
"80578";572;511;36;475;250;225
"80579";649;507;34;473;266;207
"80580";191;162;14;148;43;105
"80582";852;735;50;685;333;352
"80583";212;189;12;177;86;91
"80584";957;828;64;764;415;349
"80585";1737;1392;84;1308;804;504
"80586";128;115;4;111;74;37
"80587";80;77;7;70;38;32
"80588";332;288;19;269;152;117
"80589";90;82;1;81;35;46
"80590";240;210;14;196;90;106
"80591";127;104;5;99;42;57
"80592";474;380;22;358;251;107
"80593";217;191;16;175;75;100
"80594";78;69;9;60;25;35
"80595";211;177;9;168;80;88
"80596";175;150;14;136;82;54
"80597";729;629;53;576;374;202
"80598";1029;840;53;787;416;371
"80599";219;198;13;185;88;97
"80600";576;479;37;442;190;252
"80601";314;269;26;243;123;120
"80602";114;95;7;88;35;53
"80603";248;214;19;195;122;73
"80604";68;64;2;62;18;44
"80605";163;138;9;129;75;54
"80606";939;769;48;721;403;318
"80607";198;181;10;171;103;68
"80608";179;149;8;141;68;73
"80609";274;255;20;235;115;120
"80611";645;562;40;522;246;276
"80613";522;425;37;388;223;165
"80614";203;186;24;162;60;102
"80615";331;293;27;266;132;134
"80616";133;112;11;101;60;41
"80617";149;124;7;117;66;51
"80618";885;699;57;642;326;316
"80619";534;449;40;409;242;167
"80620";5543;4215;258;3957;2125;1832
"80621";259;216;21;195;110;85
"80622";895;773;70;703;395;308
"80623";278;233;12;221;99;122
"80624";196;178;5;173;91;82
"80625";422;358;24;334;201;133
"80626";274;236;14;222;89;133
"80627";712;619;42;577;274;303
"80628";523;421;36;385;190;195
"80629";91;77;5;72;47;25
"80630";1613;1309;76;1233;611;622
"80631";99;81;6;75;44;31
"80632";1511;1311;86;1225;631;594
"80633";499;420;37;383;135;248
"80634";646;566;43;523;260;263
"80635";1036;841;64;777;474;303
"80637";274;209;19;190;103;87
"80638";91;79;8;71;34;37
"80639";964;838;53;785;413;372
"80640";201;180;15;165;80;85
"80642";240;194;14;180;101;79
"80643";411;368;21;347;148;199
"80644";456;363;35;328;148;180
"80645";445;380;35;345;185;160
"80646";63;56;8;48;28;20
"80647";188;162;9;153;101;52
"80648";93;74;8;66;28;38
"80649";1233;989;52;937;314;623
"80650";556;496;36;460;196;264
"80651";204;179;20;159;105;54
"80652";566;449;27;422;183;239
"80654";459;394;29;365;236;129
"80655";361;296;25;271;147;124
"80656";850;690;51;639;298;341
"80657";231;197;18;179;77;102
"80658";126;76;6;70;45;25
"80659";258;226;14;212;103;109
"80661";663;602;39;563;267;296
"80662";207;171;7;164;88;76
"80663";287;233;14;219;104;115
"80664";150;119;7;112;44;68
"80665";105;90;11;79;27;52
"80666";33;31;2;29;20;9
"80667";95;78;10;68;34;34
"80668";158;126;9;117;66;51
"80669";259;232;22;210;101;109
"80670";467;397;13;384;208;176
"80671";185;148;8;140;69;71
"80672";457;386;25;361;215;146
"80673";152;127;14;113;48;65
"80674";2744;2266;156;2110;1199;911
"80675";100;93;9;84;50;34
"80676";141;125;6;119;61;58
"80677";1411;1181;89;1092;644;448
"80678";551;456;37;419;197;222
"80679";497;414;26;388;185;203
"80680";2358;1874;117;1757;1074;683
"80681";227;193;13;180;73;107
"80682";152;129;11;118;61;57
"80683";90;85;6;79;41;38
"80684";102;94;1;93;45;48
"80685";4377;3238;194;3044;1906;1138
"80686";546;477;24;453;187;266
"80687";112;99;8;91;45;46
"80688";2342;1947;128;1819;820;999
"80690";445;396;23;373;184;189
"80691";344;309;20;289;128;161
"80692";827;647;38;609;346;263
"80693";228;209;8;201;101;100
"80694";273;241;26;215;108;107
"80695";319;254;16;238;124;114
"80696";1011;912;43;869;371;498
"80697";28;25;3;22;5;17
"80698";202;172;16;156;80;76
"80699";102;93;7;86;41;45
"80700";797;670;50;620;388;232
"80701";344;287;21;266;160;106
"80702";821;738;43;695;227;468
"80703";158;143;12;131;48;83
"80704";298;268;20;248;106;142
"80705";83;76;7;69;19;50
"80706";1155;990;63;927;652;275
"80707";61;58;12;46;25;21
"80708";162;143;11;132;78;54
"80709";200;169;20;149;68;81
"80710";317;279;20;259;132;127
"80711";1239;982;76;906;601;305
"80713";277;239;18;221;75;146
"80714";1101;917;66;851;474;377
"80716";854;766;51;715;346;369
"80717";690;611;38;573;310;263
"80718";1171;966;58;908;547;361
"80719";59;54;2;52;21;31
"80721";1901;1577;92;1485;738;747
"80722";391;347;25;322;144;178
"80723";177;152;5;147;71;76
"80724";1919;1611;107;1504;855;649
"80725";2307;1972;100;1872;907;965
"80726";249;206;18;188;73;115
"80728";58;53;4;49;19;30
"80729";133;110;12;98;50;48
"80730";668;598;42;556;254;302
"80732";548;466;30;436;304;132
"80733";237;204;14;190;72;118
"80734";168;135;8;127;58;69
"80735";146;131;13;118;52;66
"80736";186;158;15;143;69;74
"80737";122;102;5;97;59;38
"80738";109;100;6;94;39;55
"80740";236;218;10;208;107;101
"80741";172;133;6;127;45;82
"80742";63;55;8;47;28;19
"80743";156;145;18;127;44;83
"80744";61;58;7;51;22;29
"80746";933;800;60;740;328;412
"80747";127;102;7;95;56;39
"80748";153;126;8;118;85;33
"80749";248;217;18;199;104;95
"80750";129;113;3;110;48;62
"80751";322;288;20;268;136;132
"80752";362;323;24;299;145;154
"80753";85;76;7;69;34;35
"80754";267;229;23;206;98;108
"80755";112;97;2;95;46;49
"80756";56;45;3;42;11;31
"80757";129;110;5;105;32;73
"80758";136;119;9;110;29;81
"80759";252;218;19;199;104;95
"80760";303;275;19;256;145;111
"80761";207;177;8;169;73;96
"80762";290;258;23;235;118;117
"80763";281;249;17;232;127;105
"80764";263;232;16;216;114;102
"80765";729;604;51;553;319;234
"80766";405;354;17;337;178;159
"80767";168;148;7;141;55;86
"80769";188;170;17;153;90;63
"80770";473;401;27;374;302;72
"80771";38;32;2;30;10;20
"80773";74;64;8;56;28;28
"80774";229;188;19;169;98;71
"80775";566;488;23;465;265;200
"80776";181;157;12;145;60;85
"80777";119;105;6;99;50;49
"80778";110;93;5;88;44;44
"80779";721;627;38;589;340;249
"80780";365;313;15;298;163;135
"80781";211;185;12;173;78;95
"80782";338;308;24;284;107;177
"80783";74;66;2;64;20;44
"80784";267;229;14;215;135;80
"80785";410;370;39;331;166;165
"80786";127;105;6;99;41;58
"80787";71;56;4;52;21;31
"80788";160;134;6;128;49;79
"80789";83;76;1;75;42;33
"80790";113;87;3;84;35;49
"80791";634;559;36;523;266;257
"80792";172;155;10;145;57;88
"80793";1919;1576;116;1460;742;718
"80794";58;49;3;46;18;28
"80795";363;306;15;291;200;91
"80796";180;161;8;153;79;74
"80797";103;89;5;84;42;42
"80798";1205;1038;70;968;467;501
"80799";3132;2589;209;2380;1400;980
"80800";114;100;14;86;23;63
"80801";249;208;11;197;91;106
"80802";534;402;31;371;207;164
"80803";195;163;12;151;75;76
"80804";156;135;11;124;70;54
"80805";124;106;6;100;29;71
"80806";298;268;13;255;114;141
"80807";226;194;15;179;106;73
"80808";363;322;20;302;140;162
"80809";343;310;19;291;122;169
"80810";103;94;5;89;51;38
"80811";482;403;31;372;196;176
"80812";133;98;7;91;41;50
"80813";70;60;3;57;33;24
"80814";325;272;26;246;134;112
"80815";626;527;29;498;259;239
"80819";74;65;8;57;37;20
"80820";594;507;59;448;236;212
"80821";182;152;12;140;83;57
"80822";113;93;8;85;51;34
"80823";85;72;8;64;17;47
"80824";209;188;10;178;98;80
"80825";97;75;4;71;35;36
"80826";684;609;65;544;277;267
"80827";1112;870;45;825;552;273
"80828";37;34;4;30;11;19
"80829";68;54;6;48;21;27
"80830";189;161;16;145;58;87
"80832";220;179;13;166;80;86
"80833";138;119;15;104;45;59
"80834";432;362;23;339;178;161
"80835";186;170;8;162;79;83
"80836";181;172;9;163;67;96
"81001";195;182;19;163;83;80
"81002";2153;1888;129;1759;981;778
"81003";731;619;43;576;278;298
"81004";31570;26411;1559;24852;14796;10056
"81005";447;386;33;353;225;128
"81006";185;173;7;166;93;73
"81007";80;66;10;56;35;21
"81008";272;247;14;233;138;95
"81009";57;51;7;44;27;17
"81010";365;325;22;303;171;132
"81011";749;660;53;607;331;276
"81012";104;85;3;82;39;43
"81013";353;319;25;294;203;91
"81014";511;434;37;397;192;205
"81015";57;51;8;43;30;13
"81016";188;167;5;162;104;58
"81017";142;129;12;117;71;46
"81018";1936;1714;111;1603;1015;588
"81019";129;116;12;104;49;55
"81020";212;191;11;180;104;76
"81021";4781;3907;222;3685;2076;1609
"81022";141;127;9;118;62;56
"81023";200;174;12;162;58;104
"81024";222;194;17;177;92;85
"81025";166;147;12;135;61;74
"81026";327;292;26;266;145;121
"81027";142;128;8;120;64;56
"81028";111;99;12;87;61;26
"81029";137;124;7;117;52;65
"81030";81;74;4;70;37;33
"81031";686;607;55;552;211;341
"81032";758;680;55;625;318;307
"81033";2306;1950;139;1811;1384;427
"81034";309;261;28;233;133;100
"81035";160;148;9;139;83;56
"81036";930;834;59;775;363;412
"81037";1112;958;66;892;406;486
"81038";1593;1349;95;1254;644;610
"81039";1510;1283;85;1198;659;539
"81040";302;275;23;252;136;116
"81041";90;81;12;69;28;41
"81042";1539;1366;101;1265;589;676
"81043";575;516;55;461;246;215
"81044";196;185;14;171;93;78
"81045";320;265;25;240;123;117
"81046";1057;953;72;881;492;389
"81047";217;170;18;152;85;67
"81048";1802;1566;141;1425;923;502
"81049";161;128;11;117;59;58
"81050";207;171;7;164;79;85
"81051";824;749;46;703;362;341
"81052";1602;1429;127;1302;750;552
"81053";321;275;19;256;126;130
"81054";617;560;36;524;275;249
"81055";235;216;9;207;112;95
"81056";102;88;6;82;25;57
"81058";168;153;9;144;49;95
"81059";599;520;35;485;265;220
"81060";7394;6116;389;5727;4055;1672
"81061";158;138;23;115;56;59
"81062";731;606;71;535;260;275
"81063";1151;1005;67;938;503;435
"81064";762;662;51;611;331;280
"81065";29662;24275;1499;22776;11664;11112
"81066";244;213;9;204;139;65
"81067";417;360;22;338;174;164
"81068";129;114;10;104;68;36
"81069";630;563;21;542;305;237
"81070";1950;1651;93;1558;969;589
"81071";72;62;6;56;25;31
"81072";114;92;7;85;60;25
"81073";151;134;12;122;83;39
"81074";1231;1118;78;1040;664;376
"81075";379;328;33;295;140;155
"81076";508;451;42;409;214;195
"81077";440;368;30;338;160;178
"81078";825;698;53;645;388;257
"81079";589;511;47;464;237;227
"81080";67;61;4;57;28;29
"81081";956;852;53;799;429;370
"81082";108;95;10;85;45;40
"81083";193;170;7;163;97;66
"81084";508;434;40;394;201;193
"81085";64;54;2;52;24;28
"81086";137;114;4;110;76;34
"81087";265;236;21;215;136;79
"81088";400;354;27;327;180;147
"81089";142;131;10;121;57;64
"81090";194;164;9;155;97;58
"81091";152;136;11;125;87;38
"81092";655;567;37;530;307;223
"81093";506;449;40;409;238;171
"81094";81;75;6;69;48;21
"81095";76;71;4;67;32;35
"81096";343;308;21;287;141;146
"81097";1036;939;68;871;474;397
"81098";504;451;27;424;165;259
"81099";9710;7831;490;7341;4033;3308
"81100";252;217;17;200;105;95
"81101";1081;916;84;832;543;289
"81102";228;196;14;182;104;78
"81103";122;110;14;96;58;38
"81104";1138;978;75;903;479;424
"81105";8870;7137;435;6702;3814;2888
"81106";380;328;23;305;161;144
"81108";107;94;11;83;39;44
"81109";367;322;30;292;119;173
"81110";84;75;3;72;53;19
"81111";76;63;4;59;25;34
"81112";782;700;48;652;371;281
"81113";261;237;16;221;107;114
"81114";378;337;25;312;196;116
"81115";1160;948;85;863;571;292
"81116";1408;1255;93;1162;657;505
"81117";634;559;48;511;269;242
"81118";124;110;6;104;49;55
"81119";353;311;26;285;156;129
"81120";4740;4022;302;3720;2062;1658
"81121";240;215;15;200;97;103
"81122";62;49;2;47;27;20
"81123";100;87;10;77;37;40
"81124";1996;1744;131;1613;782;831
"81125";318;256;17;239;113;126
"81126";132;116;7;109;45;64
"81127";108;99;12;87;42;45
"81128";1475;1283;94;1189;337;852
"81129";187;164;9;155;90;65
"81130";1401;1225;76;1149;589;560
"81131";1419;1207;79;1128;599;529
"81132";639;574;45;529;284;245
"81133";348;307;24;283;140;143
"81134";82;77;9;68;39;29
"81135";88;79;2;77;38;39
"81136";137;111;6;105;64;41
"81137";72;67;3;64;23;41
"81138";338;293;26;267;176;91
"81139";1259;1135;84;1051;507;544
"81140";7574;6305;382;5923;3294;2629
"81141";156;135;13;122;52;70
"81142";597;523;37;486;245;241
"81143";444;388;21;367;180;187
"81144";3370;2953;200;2753;1713;1040
"81145";3443;2925;235;2690;1506;1184
"81146";207;180;19;161;76;85
"81147";863;797;62;735;374;361
"81148";73;66;3;63;28;35
"81149";323;284;10;274;153;121
"81150";324;292;18;274;143;131
"81151";123;108;3;105;66;39
"81152";201;181;20;161;86;75
"81153";51;46;2;44;11;33
"81154";67;56;5;51;29;22
"81155";240;197;16;181;77;104
"81156";2197;1959;144;1815;1038;777
"81157";239;213;12;201;107;94
"81158";258;218;17;201;77;124
"81159";249;215;2;213;102;111
"81160";356;287;27;260;173;87
"81161";122;108;8;100;55;45
"81162";133;101;6;95;57;38
"81163";7455;5855;392;5463;2616;2847
"81164";323;277;23;254;160;94
"81165";259;210;16;194;97;97
"81166";76;72;6;66;36;30
"81167";107;91;3;88;49;39
"81168";932;796;58;738;494;244
"81169";92;80;6;74;32;42
"81170";1087;979;69;910;641;269
"81171";1032;889;71;818;423;395
"81172";44;41;6;35;11;24
"81173";169;153;7;146;74;72
"81174";417;381;24;357;197;160
"81175";264;216;21;195;90;105
"81176";92;78;3;75;35;40
"81177";307;286;23;263;102;161
"81178";277;244;22;222;113;109
"81179";234;203;21;182;119;63
"81180";249;219;15;204;151;53
"81181";136;125;10;115;38;77
"81182";1614;1451;125;1326;715;611
"81183";175;157;8;149;92;57
"81184";34;32;1;31;20;11
"81185";173;150;14;136;78;58
"81186";279;250;30;220;141;79
"81187";155;135;12;123;48;75
"81188";307;275;30;245;83;162
"81189";94;91;2;89;53;36
"81190";315;297;25;272;164;108
"81191";229;198;11;187;132;55
"81192";784;670;48;622;301;321
"81193";327;288;31;257;106;151
"81195";632;563;39;524;311;213
"81196";712;613;56;557;279;278
"81197";173;147;8;139;72;67
"81198";265;236;25;211;111;100
"81199";181;160;16;144;79;65
"81200";357;316;15;301;170;131
"81201";612;541;40;501;360;141
"81202";691;587;38;549;293;256
"81203";475;415;16;399;159;240
"81204";1885;1655;124;1531;767;764
"81205";151;139;7;132;65;67
"81206";455;402;22;380;252;128
"81207";82;80;2;78;43;35
"81208";331;296;14;282;146;136
"81209";2254;2005;161;1844;831;1013
"81210";175;155;13;142;64;78
"81211";359;322;16;306;161;145
"81212";113;100;12;88;36;52
"81213";72;66;0;66;27;39
"81214";76;69;1;68;36;32
"81215";489;434;44;390;205;185
"81216";182;165;18;147;77;70
"81217";374;320;15;305;184;121
"81218";2547;2257;145;2112;1103;1009
"81219";2430;2058;154;1904;1045;859
"81220";3864;3353;198;3155;1847;1308
"81221";215;191;8;183;62;121
"81222";2441;2164;161;2003;1014;989
"81223";86;78;11;67;26;41
"81224";112;100;2;98;62;36
"81225";632;560;44;516;273;243
"81226";219;189;14;175;93;82
"81227";1775;1571;141;1430;755;675
"81228";302;265;12;253;127;126
"81229";108;91;14;77;48;29
"81230";652;580;47;533;374;159
"81231";314;258;34;224;116;108
"81232";520;484;34;450;252;198
"81233";186;168;9;159;85;74
"81234";73;63;3;60;42;18
"81235";600;526;45;481;244;237
"81236";184;153;12;141;73;68
"81237";135;129;4;125;81;44
"81238";1227;1049;90;959;482;477
"81239";828;695;71;624;296;328
"81240";95;88;6;82;49;33
"81241";204;183;15;168;83;85
"81242";188;168;18;150;78;72
"81243";101;89;10;79;46;33
"81244";1842;1534;136;1398;1087;311
"81245";103;87;6;81;51;30
"81246";94;81;5;76;46;30
"81247";189;165;9;156;96;60
"81248";626;555;36;519;254;265
"81249";706;581;60;521;349;172
"81250";208;195;18;177;85;92
"81251";659;567;43;524;287;237
"81252";121;111;8;103;44;59
"81253";377;342;23;319;163;156
"81254";298;269;27;242;159;83
"81255";319;275;7;268;152;116
"81256";72;70;6;64;25;39
"81257";5182;4455;320;4135;2730;1405
"81258";331;280;20;260;125;135
"81259";204;184;15;169;88;81
"81260";367;323;26;297;202;95
"81261";703;617;41;576;306;270
"81262";191;169;10;159;94;65
"81263";327;267;15;252;129;123
"81264";87;67;5;62;32;30
"81265";58;54;6;48;26;22
"81266";808;702;71;631;380;251
"81267";473;421;33;388;194;194
"81268";81;72;4;68;23;45
"81269";587;469;50;419;116;303
"81270";101;94;15;79;36;43
"81271";5451;4682;291;4391;2664;1727
"81272";171;137;5;132;81;51
"81273";2712;2388;182;2206;1090;1116
"81274";686;594;43;551;342;209
"81275";177;142;12;130;90;40
"81276";822;700;55;645;362;283
"81277";386;352;31;321;172;149
"81278";145;125;16;109;51;58
"81279";194;169;15;154;83;71
"81280";223;196;12;184;105;79
"81281";1637;1397;118;1279;670;609
"81282";54;46;8;38;24;14
"81283";871;765;58;707;374;333
"81284";1318;1148;91;1057;614;443
"81285";324;287;30;257;154;103
"81286";393;358;25;333;186;147
"81287";190;154;8;146;67;79
"81288";1897;1653;122;1531;762;769
"81289";1705;1468;110;1358;646;712
"81290";146;130;15;115;61;54
"81291";323;273;24;249;166;83
"81292";427;382;22;360;205;155
"81293";228;195;13;182;83;99
"81294";648;571;53;518;259;259
"81295";388;342;34;308;172;136
"81296";215;194;12;182;78;104
"81297";854;759;42;717;363;354
"81298";372;331;25;306;159;147
"81299";310;281;13;268;167;101
"81300";104;82;6;76;33;43
"81301";102;91;9;82;25;57
"81302";40;32;2;30;17;13
"81303";283;237;13;224;151;73
"81304";175;150;13;137;90;47
"81305";710;604;39;565;358;207
"81306";724;638;42;596;382;214
"81307";581;515;45;470;208;262
"81308";922;761;44;717;365;352
"81309";245;205;14;191;156;35
"81310";100;86;5;81;51;30
"81311";532;472;33;439;183;256
"81312";656;569;45;524;350;174
"81313";205;175;10;165;103;62
"81314";526;452;31;421;205;216
"81315";1082;965;74;891;496;395
"81316";159;140;13;127;62;65
"81317";871;797;55;742;420;322
"81318";134;111;4;107;62;45
"81319";389;342;22;320;163;157
"81320";147;127;9;118;62;56
"81321";81;69;2;67;34;33
"81322";187;163;6;157;85;72
"81323";271;250;19;231;111;120
"81324";171;140;9;131;71;60
"81325";1426;1250;121;1129;609;520
"81326";289;264;15;249;166;83
"82001";476;410;23;387;217;170
"82002";2180;1835;142;1693;760;933
"82003";164;139;13;126;67;59
"82004";111;94;8;86;33;53
"82005";790;704;50;654;305;349
"82006";58;49;3;46;23;23
"82007";102;96;5;91;56;35
"82008";670;611;30;581;292;289
"82009";27;18;5;13;4;9
"82010";185;168;19;149;91;58
"82011";590;515;31;484;224;260
"82012";349;303;19;284;129;155
"82013";2549;2228;126;2102;1065;1037
"82014";202;173;17;156;82;74
"82015";92;84;9;75;35;40
"82016";120;107;6;101;43;58
"82017";904;773;58;715;370;345
"82018";817;729;62;667;347;320
"82019";523;422;36;386;178;208
"82020";438;385;28;357;190;167
"82021";158;151;13;138;61;77
"82022";314;264;12;252;131;121
"82023";543;470;48;422;245;177
"82024";199;167;15;152;68;84
"82025";2571;2286;149;2137;1047;1090
"82026";596;526;28;498;302;196
"82027";856;747;46;701;373;328
"82028";533;458;26;432;193;239
"82029";202;167;9;158;85;73
"82030";314;278;23;255;130;125
"82031";748;634;63;571;277;294
"82032";387;326;23;303;138;165
"82033";9536;7555;457;7098;3628;3470
"82034";115;98;6;92;33;59
"82035";273;223;13;210;100;110
"82036";138;124;6;118;74;44
"82037";4627;3930;253;3677;1945;1732
"82038";1142;957;49;908;461;447
"82039";381;351;23;328;162;166
"82040";219;191;18;173;85;88
"82041";188;162;6;156;103;53
"82042";929;816;56;760;310;450
"82043";201;177;9;168;102;66
"82044";1133;974;61;913;474;439
"82045";237;217;9;208;116;92
"82046";85;79;13;66;35;31
"82047";58;53;6;47;23;24
"82048";894;767;46;721;425;296
"82049";735;635;45;590;274;316
"82050";986;791;51;740;323;417
"82051";629;526;43;483;198;285
"82052";703;625;42;583;326;257
"82053";227;196;12;184;97;87
"82054";283;246;22;224;151;73
"82055";232;192;16;176;102;74
"82056";140;129;11;118;53;65
"82057";364;343;33;310;154;156
"82058";82;73;7;66;35;31
"82059";253;217;20;197;93;104
"82060";159;140;5;135;51;84
"82061";139;114;9;105;56;49
"82062";1021;855;47;808;391;417
"82063";499;419;37;382;201;181
"82064";88;76;4;72;30;42
"82065";358;314;20;294;141;153
"82066";468;408;31;377;153;224
"82067";95;89;4;85;46;39
"82068";152;128;5;123;63;60
"82069";172;137;16;121;73;48
"82070";45;42;3;39;19;20
"82071";33;33;6;27;13;14
"82072";638;562;44;518;280;238
"82073";679;603;44;559;299;260
"82074";113;104;8;96;49;47
"82075";2547;2188;138;2050;1114;936
"82076";1223;1067;69;998;477;521
"82077";290;255;12;243;124;119
"82078";126;113;4;109;42;67
"82079";2479;2042;130;1912;954;958
"82080";738;669;37;632;270;362
"82081";122;112;8;104;52;52
"82082";159;144;11;133;68;65
"82083";95;88;5;83;32;51
"82084";143;117;8;109;58;51
"82085";793;674;44;630;334;296
"82086";196;178;20;158;80;78
"82087";2261;1986;144;1842;921;921
"82088";545;452;28;424;230;194
"82089";759;649;59;590;300;290
"82090";793;703;58;645;311;334
"82091";87;82;4;78;33;45
"82092";175;165;16;149;70;79
"82093";419;364;16;348;187;161
"82094";1023;894;53;841;437;404
"82095";173;148;14;134;75;59
"82096";1675;1418;97;1321;665;656
"82097";916;799;51;748;433;315
"82098";946;817;62;755;380;375
"82099";333;280;16;264;111;153
"82100";104;93;7;86;52;34
"82101";819;703;46;657;360;297
"82102";224;175;18;157;86;71
"82103";78;73;5;68;24;44
"82104";127;109;10;99;56;43
"82105";877;758;51;707;357;350
"82106";132;118;13;105;59;46
"82107";43;38;0;38;25;13
"82108";912;802;34;768;378;390
"82109";158;136;13;123;52;71
"82110";820;727;60;667;316;351
"82111";256;213;20;193;88;105
"82112";8806;7271;495;6776;3377;3399
"82113";924;809;49;760;347;413
"82114";411;372;31;341;152;189
"82115";1208;1020;83;937;444;493
"82116";164;137;14;123;46;77
"82117";1015;901;62;839;372;467
"82118";84;70;5;65;31;34
"82119";510;428;28;400;165;235
"82120";255;216;8;208;72;136
"82121";39012;32276;1833;30443;16090;14353
"82122";131;118;10;108;54;54
"82123";834;697;46;651;317;334
"82124";2567;2120;126;1994;1043;951
"82125";4126;3463;256;3207;1651;1556
"82126";988;861;64;797;382;415
"82127";595;530;34;496;246;250
"82128";109;99;3;96;39;57
"82129";82;72;8;64;36;28
"82130";135;112;4;108;42;66
"82131";1192;1009;73;936;465;471
"82132";847;747;29;718;388;330
"82133";74;69;2;67;45;22
"82134";3520;2989;242;2747;1426;1321
"82135";858;751;58;693;366;327
"82136";1003;871;70;801;420;381
"82137";451;376;21;355;172;183
"82138";99;88;7;81;37;44
"82139";116;109;4;105;38;67
"82140";308;284;25;259;128;131
"82141";405;344;25;319;169;150
"82142";969;859;62;797;431;366
"82143";66;52;4;48;25;23
"82144";517;451;19;432;217;215
"82145";240;216;17;199;87;112
"82146";51;44;8;36;18;18
"82147";309;264;25;239;135;104
"82148";565;468;33;435;246;189
"82149";1348;1185;78;1107;602;505
"82150";688;607;44;563;288;275
"82151";287;234;13;221;126;95
"82152";352;303;22;281;143;138
"82153";142;127;3;124;65;59
"82154";177;154;2;152;65;87
"82155";1443;1239;73;1166;680;486
"82156";126;107;11;96;59;37
"82157";86;74;5;69;44;25
"82158";126;100;5;95;47;48
"82159";416;359;30;329;170;159
"82160";205;182;14;168;97;71
"82161";2560;2264;153;2111;989;1122
"82162";183;166;20;146;67;79
"82163";52;46;9;37;18;19
"82164";94;86;3;83;26;57
"82165";379;326;28;298;133;165
"82166";192;155;7;148;73;75
"82167";1271;1143;79;1064;501;563
"82168";274;240;17;223;87;136
"82169";1722;1431;102;1329;677;652
"82170";477;415;31;384;143;241
"82171";865;778;41;737;388;349
"82172";234;207;8;199;131;68
"82173";630;553;51;502;306;196
"82174";238;211;17;194;65;129
"82175";210;183;12;171;94;77
"82176";527;467;42;425;212;213
"82177";140;126;10;116;50;66
"82178";498;444;28;416;223;193
"82179";1658;1340;105;1235;647;588
"82180";410;369;27;342;177;165
"82181";163;141;9;132;80;52
"82182";257;218;17;201;83;118
"82183";189;170;4;166;82;84
"82184";594;535;31;504;243;261
"82185";168;156;8;148;82;66
"82186";3651;3028;192;2836;1575;1261
"82187";555;473;21;452;286;166
"82188";438;350;22;328;155;173
"82189";590;496;31;465;215;250
"82190";3080;2530;175;2355;1315;1040
"82191";312;267;22;245;154;91
"82192";379;347;31;316;168;148
"82193";106;95;9;86;38;48
"82194";918;801;55;746;414;332
"82195";598;548;43;505;265;240
"83001";2062;1692;79;1613;557;1056
"83002";225;186;15;171;62;109
"83003";751;643;32;611;283;328
"83004";5075;4170;245;3925;1535;2390
"83005";283;238;25;213;102;111
"83006";200;177;19;158;48;110
"83007";1629;1361;100;1261;595;666
"83008";1772;1467;70;1397;471;926
"83009";7966;6639;281;6358;1927;4431
"83010";149;130;5;125;67;58
"83011";1018;840;48;792;329;463
"83012";2305;1863;131;1732;919;813
"83013";174;155;8;147;59;88
"83014";193;169;14;155;67;88
"83015";312;280;11;269;112;157
"83016";7342;6110;363;5747;2132;3615
"83017";1838;1461;98;1363;528;835
"83018";2231;1806;136;1670;663;1007
"83019";6431;5243;246;4997;1436;3561
"83020";39;34;1;33;16;17
"83021";1774;1438;106;1332;586;746
"83022";35;29;0;29;12;17
"83023";11000;8696;514;8182;3428;4754
"83025";906;774;58;716;324;392
"83026";1363;1149;68;1081;506;575
"83027";3843;3295;154;3141;1141;2000
"83028";1362;1114;87;1027;394;633
"83029";2217;1842;104;1738;618;1120
"83030";1493;1210;63;1147;458;689
"83031";3088;2525;152;2373;865;1508
"83032";2503;2084;124;1960;787;1173
"83033";2498;1974;111;1863;891;972
"83034";8648;7041;284;6757;2219;4538
"83035";3554;3031;189;2842;977;1865
"83036";5641;4638;213;4425;1074;3351
"83037";929;808;53;755;259;496
"83038";344;298;20;278;122;156
"83039";134;105;7;98;44;54
"83040";82;74;6;68;24;44
"83041";446;382;22;360;170;190
"83042";7064;5742;287;5455;1911;3544
"83043";1382;1168;54;1114;536;578
"83044";294;245;15;230;120;110
"83045";672;581;30;551;322;229
"83046";1792;1442;87;1355;481;874
"83047";12999;10784;611;10173;3597;6576
"83048";2585;2173;90;2083;582;1501
"83049";7294;5944;389;5555;2316;3239
"83050";26547;21018;1093;19925;7557;12368
"83051";858;718;37;681;300;381
"83052";236;198;16;182;91;91
"83053";1720;1483;108;1375;554;821
"83054";6039;5181;290;4891;1726;3165
"83055";3793;3132;149;2983;919;2064
"83056";1903;1645;114;1531;524;1007
"83057";2268;1856;128;1728;649;1079
"83058";3710;3069;165;2904;1043;1861
"83059";1804;1532;94;1438;484;954
"83060";430;379;23;356;132;224
"83061";35282;28364;1553;26811;8780;18031
"83062";19195;15498;895;14603;6273;8330
"83063";1230;1046;62;984;367;617
"83064";4696;3847;243;3604;1280;2324
"83065";2012;1741;73;1668;370;1298
"83066";1166;975;69;906;413;493
"83067";3101;2514;190;2324;974;1350
"83068";3341;2767;110;2657;585;2072
"83069";39393;32086;1631;30455;10941;19514
"83070";4950;4186;189;3997;1095;2902
"83071";8731;7291;409;6882;2385;4497
"83072";6790;5771;282;5489;2118;3371
"83073";6483;5114;329;4785;1897;2888
"83074";137;126;8;118;54;64
"83075";521;438;19;419;189;230
"83076";600;509;32;477;256;221
"83077";1519;1213;96;1117;425;692
"83078";247;217;14;203;75;128
"83079";798;687;28;659;193;466
"83080";749;629;30;599;229;370
"83081";4023;3228;157;3071;1014;2057
"83082";536;429;34;395;183;212
"83083";857;747;43;704;324;380
"83084";529;440;33;407;138;269
"83085";2198;1857;123;1734;595;1139
"83086";5973;4950;249;4701;1705;2996
"83087";2920;2458;168;2290;869;1421
"83088";1936;1612;92;1520;694;826
"83089";463;392;26;366;142;224
"83090";9577;7959;404;7555;2964;4591
"83091";4101;3452;223;3229;1320;1909
"83092";2583;2150;130;2020;860;1160
"83093";1195;1017;80;937;385;552
"83094";2269;1817;72;1745;503;1242
"83095";550;474;27;447;209;238
"83096";815;694;52;642;297;345
"83097";3668;3125;206;2919;1253;1666
"83098";8735;7295;401;6894;2672;4222
"83099";5482;4282;214;4068;1301;2767
"83100";2755;2321;140;2181;935;1246
"83101";1803;1540;53;1487;439;1048
"83102";1758;1455;93;1362;563;799
"83103";3091;2564;167;2397;990;1407
"83104";3383;2711;179;2532;1178;1354
"83105";61;55;5;50;13;37
"83106";3200;2580;171;2409;904;1505
"83107";10934;9179;480;8699;2600;6099
"83108";1811;1447;83;1364;580;784
"83109";213;181;10;171;65;106
"83110";1068;919;56;863;466;397
"83111";1506;1227;82;1145;481;664
"83112";10430;8528;428;8100;2785;5315
"83113";1635;1357;83;1274;544;730
"83114";186;165;6;159;74;85
"83115";10511;8734;360;8374;2024;6350
"83116";11919;9835;632;9203;3966;5237
"83117";1099;957;38;919;313;606
"83118";29525;24453;1105;23348;6287;17061
"83119";4709;3941;135;3806;796;3010
"83120";4033;3401;209;3192;1416;1776
"83121";3209;2553;158;2395;1096;1299
"83122";228;207;6;201;90;111
"83123";15201;12366;577;11789;3458;8331
"83124";1742;1407;82;1325;500;825
"83125";1522;1255;79;1176;502;674
"83126";44356;34737;1986;32751;15041;17710
"83127";2230;1778;110;1668;723;945
"83128";526;441;36;405;192;213
"83129";29350;23672;1262;22410;7620;14790
"83130";8523;7041;392;6649;2610;4039
"83131";4176;3403;219;3184;1425;1759
"83132";1935;1587;78;1509;507;1002
"83133";1205;981;33;948;275;673
"83134";1392;1172;78;1094;353;741
"83135";968;822;48;774;341;433
"83136";1673;1424;102;1322;531;791
"83137";106590;83510;4549;78961;32886;46075
"83138";1864;1506;64;1442;455;987
"83139";531;448;28;420;148;272
"83140";3447;2739;165;2574;1186;1388
"83141";4332;3643;244;3399;1138;2261
"83142";174;152;10;142;106;36
"83143";3228;2696;159;2537;1020;1517
"83144";16966;13910;899;13011;4940;8071
"83145";892;754;58;696;337;359
"83146";1220;979;76;903;415;488
"83147";28;27;0;27;3;24
"83148";7152;5757;391;5366;1931;3435
"83149";1012;856;48;808;353;455
"83150";3084;2504;166;2338;1084;1254
"83151";653;564;40;524;242;282
"83152";774;622;29;593;157;436
"83153";4359;3458;215;3243;1156;2087
"83154";542;443;32;411;165;246
"84001";1960;1716;115;1601;637;964
"84002";856;733;41;692;292;400
"84003";7294;5893;342;5551;2602;2949
"84004";3612;3033;188;2845;1115;1730
"84005";162;142;19;123;63;60
"84006";73;69;2;67;45;22
"84007";55098;43293;2108;41185;22617;18568
"84008";525;472;29;443;144;299
"84009";1050;871;65;806;375;431
"84010";620;530;21;509;311;198
"84011";283;229;19;210;103;107
"84012";1705;1504;71;1433;538;895
"84013";182;159;12;147;48;99
"84014";805;656;41;615;308;307
"84015";251;234;12;222;93;129
"84016";3890;3353;317;3036;1069;1967
"84017";2525;2218;129;2089;917;1172
"84018";362;333;21;312;163;149
"84019";9956;7887;564;7323;3260;4063
"84020";1219;1061;79;982;437;545
"84021";89;79;2;77;49;28
"84022";220;195;12;183;81;102
"84023";103;91;1;90;43;47
"84024";668;570;37;533;270;263
"84025";1343;1157;65;1092;407;685
"84026";3124;2590;145;2445;1181;1264
"84027";2104;1772;119;1653;582;1071
"84028";763;671;39;632;196;436
"84029";3577;3008;160;2848;1040;1808
"84030";2378;2066;157;1909;736;1173
"84031";18409;14671;832;13839;5714;8125
"84032";372;330;21;309;129;180
"84033";111;106;8;98;50;48
"84034";3660;3168;189;2979;1226;1753
"84035";17052;13304;840;12464;5181;7283
"84036";2712;2342;112;2230;917;1313
"84037";1559;1357;80;1277;435;842
"84038";3101;2611;155;2456;836;1620
"84039";3834;3225;230;2995;1195;1800
"84040";336;268;29;239;125;114
"84041";406;362;17;345;135;210
"84042";1531;1281;41;1240;582;658
"84043";6112;4926;353;4573;1983;2590
"84044";845;743;51;692;358;334
"84045";314;273;16;257;119;138
"84046";306;277;21;256;129;127
"84047";2427;2035;148;1887;726;1161
"84048";64;53;5;48;23;25
"84049";484;389;25;364;127;237
"84050";1721;1538;73;1465;448;1017
"84051";973;859;41;818;355;463
"84052";930;795;61;734;302;432
"84053";1396;1169;84;1085;463;622
"84054";14600;11904;740;11164;5003;6161
"84055";1164;1036;55;981;372;609
"84056";3405;2850;229;2621;955;1666
"84057";292;255;16;239;77;162
"84058";318;283;22;261;148;113
"84059";80;72;10;62;30;32
"84060";47;33;5;28;9;19
"84061";248;213;12;201;86;115
"84062";1288;1115;58;1057;499;558
"84063";288;236;10;226;61;165
"84064";2584;2174;190;1984;855;1129
"84065";2952;2502;179;2323;1009;1314
"84066";207;168;10;158;77;81
"84067";1751;1530;115;1415;497;918
"84068";1117;909;24;885;375;510
"84069";2158;1858;130;1728;812;916
"84070";1082;935;66;869;380;489
"84071";1450;1260;78;1182;516;666
"84072";4424;3650;223;3427;1291;2136
"84073";975;828;36;792;302;490
"84074";1590;1340;100;1240;541;699
"84075";323;297;20;277;149;128
"84076";896;780;57;723;359;364
"84077";352;299;30;269;87;182
"84078";2771;2266;136;2130;968;1162
"84079";282;234;7;227;133;94
"84080";8168;6743;503;6240;2253;3987
"84081";6081;5174;366;4808;1992;2816
"84082";1287;1136;72;1064;549;515
"84083";1897;1539;110;1429;498;931
"84084";983;836;65;771;365;406
"84085";370;293;13;280;103;177
"84086";1081;955;64;891;373;518
"84087";18794;15062;1003;14059;5187;8872
"84088";8482;7103;461;6642;2554;4088
"84089";14534;11338;605;10733;5306;5427
"84090";567;473;29;444;210;234
"84091";3882;3171;210;2961;1008;1953
"84092";11188;9070;649;8421;3806;4615
"84093";559;479;24;455;192;263
"84094";536;454;38;416;191;225
"84095";561;460;25;435;141;294
"84096";558;484;42;442;206;236
"84097";440;381;36;345;137;208
"84098";427;370;19;351;158;193
"84099";3371;2830;188;2642;1001;1641
"84100";51;44;0;44;17;27
"84101";339;299;13;286;103;183
"84102";1060;927;64;863;345;518
"84103";557;450;15;435;214;221
"84104";948;802;29;773;256;517
"84105";828;687;36;651;282;369
"84106";1754;1531;101;1430;556;874
"84107";460;360;24;336;152;184
"84108";1628;1399;95;1304;486;818
"84109";162;139;11;128;37;91
"84110";35;32;0;32;16;16
"84111";245;208;13;195;83;112
"84112";625;510;25;485;244;241
"84113";637;544;23;521;268;253
"84114";146;134;5;129;69;60
"84115";409;362;26;336;120;216
"84116";628;562;41;521;199;322
"84117";263;213;18;195;56;139
"84118";2089;1806;104;1702;765;937
"84119";3824;3268;261;3007;1137;1870
"84120";95;83;4;79;46;33
"84121";133;115;9;106;34;72
"84122";4303;3479;234;3245;1108;2137
"84123";1062;922;62;860;426;434
"84124";683;599;33;566;243;323
"84125";76;68;3;65;35;30
"84126";643;552;25;527;274;253
"84127";2031;1748;87;1661;627;1034
"84128";37;34;6;28;20;8
"84129";12010;9739;758;8981;3771;5210
"84130";125;113;7;106;50;56
"84131";1629;1406;85;1321;427;894
"84132";5821;5041;347;4694;2034;2660
"84133";3183;2681;162;2519;1214;1305
"84134";500;440;31;409;146;263
"84135";1203;1045;50;995;339;656
"84136";828;715;49;666;276;390
"84137";4727;3961;223;3738;1684;2054
"84138";6715;5427;460;4967;2177;2790
"84139";554;456;26;430;185;245
"84140";454;399;28;371;200;171
"84141";7489;6210;435;5775;2490;3285
"84142";2561;2123;145;1978;886;1092
"84143";927;805;33;772;233;539
"84144";463;395;25;370;198;172
"84145";629;543;32;511;240;271
"84146";416;369;21;348;145;203
"84147";2466;2081;129;1952;899;1053
"84148";919;810;61;749;405;344
"84149";1225;1052;65;987;417;570
"84150";1421;1228;91;1137;464;673
"84151";180;158;14;144;79;65
"85001";1996;1665;113;1552;634;918
"85002";1381;1206;88;1118;412;706
"85003";5968;5154;335;4819;2293;2526
"85004";2118;1802;113;1689;734;955
"85005";789;692;44;648;151;497
"85006";1141;969;47;922;404;518
"85008";2410;2146;95;2051;1141;910
"85009";478;415;24;391;180;211
"85010";1011;867;60;807;299;508
"85011";1530;1258;74;1184;472;712
"85012";1762;1490;78;1412;616;796
"85013";821;737;37;700;261;439
"85014";852;681;42;639;221;418
"85015";944;827;71;756;364;392
"85016";1528;1319;75;1244;541;703
"85017";1525;1349;104;1245;434;811
"85018";3154;2655;158;2497;1046;1451
"85019";2925;2471;132;2339;1268;1071
"85020";2908;2516;150;2366;1288;1078
"85021";1114;967;91;876;425;451
"85022";868;741;33;708;326;382
"85023";315;268;21;247;115;132
"85024";1274;1081;60;1021;365;656
"85025";1537;1375;76;1299;510;789
"85026";988;860;53;807;387;420
"85027";2048;1816;122;1694;765;929
"85028";367;319;24;295;177;118
"85029";1760;1492;73;1419;489;930
"85030";576;507;36;471;213;258
"85031";2285;1974;115;1859;537;1322
"85033";611;526;46;480;227;253
"85034";2277;1943;150;1793;848;945
"85035";3783;3267;157;3110;1095;2015
"85036";409;352;31;321;165;156
"85037";450;394;25;369;135;234
"85038";1997;1745;93;1652;597;1055
"85039";2694;2286;151;2135;967;1168
"85040";826;689;47;642;301;341
"85041";221;198;18;180;49;131
"85042";1379;1152;75;1077;595;482
"85043";946;818;41;777;379;398
"85044";345;309;25;284;130;154
"85045";689;602;37;565;228;337
"85046";2444;2104;121;1983;1027;956
"85047";15161;12346;714;11632;4854;6778
"85048";1214;1074;63;1011;301;710
"85049";1291;1083;70;1013;562;451
"85050";1286;1058;54;1004;471;533
"85051";6113;5174;342;4832;2210;2622
"85052";1260;1096;75;1021;464;557
"85053";211;170;12;158;41;117
"85054";653;581;30;551;249;302
"85055";676;564;41;523;238;285
"85056";302;258;12;246;131;115
"85058";510;432;32;400;185;215
"85059";1932;1556;95;1461;620;841
"85060";11065;9498;514;8984;3785;5199
"85061";1026;877;52;825;438;387
"85062";714;603;38;565;212;353
"85063";551;483;20;463;161;302
"85064";1782;1531;84;1447;407;1040
"85065";2647;2304;142;2162;671;1491
"85066";590;499;33;466;225;241
"85067";742;639;34;605;207;398
"85069";1961;1707;85;1622;832;790
"85070";2224;1926;103;1823;685;1138
"85071";2505;2118;131;1987;808;1179
"85072";618;552;19;533;174;359
"85073";648;578;53;525;224;301
"85074";151;135;10;125;49;76
"85076";2392;2102;112;1990;1018;972
"85077";320;268;12;256;118;138
"85078";662;545;40;505;271;234
"85080";656;548;30;518;218;300
"85081";3148;2716;157;2559;1405;1154
"85082";2055;1783;115;1668;619;1049
"85083";1616;1285;73;1212;473;739
"85084";3581;3170;184;2986;1123;1863
"85086";1060;890;53;837;300;537
"85087";199;144;6;138;54;84
"85088";3715;3213;197;3016;1118;1898
"85089";3632;3180;181;2999;1670;1329
"85090";1795;1570;116;1454;567;887
"85091";619;531;24;507;261;246
"85092";9398;7766;431;7335;3772;3563
"85093";821;737;44;693;355;338
"85094";951;833;37;796;371;425
"85095";1131;935;68;867;336;531
"85096";3451;2907;192;2715;1047;1668
"85097";2284;1993;126;1867;653;1214
"85098";1281;1120;78;1042;510;532
"85099";660;567;38;529;241;288
"85100";1476;1289;82;1207;448;759
"85101";355;321;12;309;123;186
"85102";399;324;24;300;134;166
"85103";1435;1227;70;1157;501;656
"85104";692;602;29;573;228;345
"85105";388;322;14;308;164;144
"85106";1294;1070;65;1005;423;582
"85107";2006;1774;106;1668;753;915
"85108";1971;1735;116;1619;689;930
"85109";11177;9568;744;8824;3598;5226
"85110";630;551;36;515;241;274
"85111";1066;886;46;840;494;346
"85112";2075;1700;102;1598;737;861
"85113";4162;3316;211;3105;1289;1816
"85114";2495;2191;120;2071;758;1313
"85115";457;397;25;372;167;205
"85116";333;281;17;264;118;146
"85117";459;399;25;374;194;180
"85118";1697;1495;91;1404;782;622
"85119";1750;1498;91;1407;508;899
"85120";961;861;71;790;242;548
"85121";828;692;53;639;335;304
"85123";202;170;7;163;78;85
"85125";297;251;24;227;64;163
"85126";883;798;56;742;386;356
"85127";1956;1666;86;1580;684;896
"85128";7559;6015;342;5673;2765;2908
"85129";2378;2054;128;1926;753;1173
"85130";976;798;63;735;329;406
"85131";1228;1047;71;976;507;469
"85132";590;503;30;473;208;265
"85133";786;672;48;624;295;329
"85134";218;197;13;184;65;119
"85135";2029;1732;114;1618;793;825
"85136";82;71;6;65;34;31
"85137";390;337;23;314;114;200
"85138";665;570;36;534;234;300
"85139";371;341;20;321;182;139
"85140";1169;1012;71;941;389;552
"85141";431;388;20;368;85;283
"85142";621;554;22;532;227;305
"85143";816;684;32;652;344;308
"85144";908;821;74;747;274;473
"85145";663;589;49;540;228;312
"85146";3742;3091;179;2912;1342;1570
"85147";1369;1095;76;1019;438;581
"85148";578;502;34;468;234;234
"85149";266;216;15;201;94;107
"85150";810;701;46;655;208;447
"85151";4709;3940;209;3731;1815;1916
"85152";2023;1654;97;1557;689;868
"85153";2134;1868;114;1754;759;995
"85154";914;765;59;706;277;429
"85155";3725;3162;168;2994;1508;1486
"85156";1482;1268;93;1175;509;666
"85157";505;436;25;411;135;276
"85158";922;800;43;757;444;313
"85159";1688;1421;83;1338;779;559
"85160";1970;1698;104;1594;821;773
"85161";1763;1508;82;1426;558;868
"85162";897;792;58;734;323;411
"85163";4252;3585;174;3411;1314;2097
"85164";1679;1424;67;1357;492;865
"85165";786;703;44;659;224;435
"85166";10933;9227;474;8753;3816;4937
"85167";658;594;30;564;300;264
"85168";583;506;40;466;251;215
"85169";690;580;41;539;230;309
"85171";445;367;13;354;202;152
"85172";1483;1259;67;1192;374;818
"85174";466;393;20;373;175;198
"85175";411;348;22;326;138;188
"85176";934;812;65;747;365;382
"85177";499;424;28;396;231;165
"85178";5583;4929;301;4628;2135;2493
"85179";678;586;32;554;239;315
"85180";834;711;39;672;247;425
"85181";471;402;23;379;204;175
"85182";4112;3500;173;3327;1636;1691
"85184";249;216;14;202;100;102
"85185";442;357;23;334;158;176
"85186";653;579;51;528;170;358
"85187";629;559;35;524;196;328
"85188";763;646;55;591;297;294
"85189";1474;1256;112;1144;429;715
"85190";2261;1893;129;1764;749;1015
"85191";36031;29468;1399;28069;17038;11031
"85192";695;615;49;566;191;375
"85193";413;375;25;350;194;156
"85194";13136;10639;443;10196;4043;6153
"85196";1270;1133;71;1062;425;637
"85197";989;892;81;811;345;466
"85198";992;841;41;800;352;448
"85199";337;292;15;277;138;139
"85200";714;630;32;598;280;318
"85201";329;296;19;277;118;159
"85202";1099;955;64;891;402;489
"85204";1716;1419;100;1319;538;781
"85205";385;337;19;318;117;201
"85206";277;236;22;214;83;131
"85207";343;285;12;273;172;101
"85208";1522;1366;83;1283;473;810
"85209";364;292;19;273;136;137
"85210";1337;1136;71;1065;421;644
"85211";1622;1353;67;1286;611;675
"85212";868;756;56;700;244;456
"85213";2141;1832;122;1710;827;883
"85214";1437;1238;80;1158;434;724
"85215";2550;2276;124;2152;852;1300
"85216";1452;1215;64;1151;567;584
"85217";2859;2517;154;2363;1022;1341
"85218";1154;1016;68;948;370;578
"85219";311;276;12;264;130;134
"85220";1101;969;68;901;328;573
"85221";1820;1537;98;1439;534;905
"85222";6238;5203;220;4983;2144;2839
"85223";1922;1628;93;1535;816;719
"85224";3290;2937;171;2766;1258;1508
"85226";9748;8000;405;7595;3243;4352
"85227";1368;1185;69;1116;630;486
"85229";473;400;14;386;110;276
"85231";608;524;31;493;191;302
"85232";642;561;35;526;288;238
"85233";391;324;28;296;159;137
"85234";7257;6021;311;5710;1943;3767
"85235";363;299;5;294;121;173
"85236";1081;934;50;884;334;550
"85237";280;243;17;226;77;149
"85238";2682;2235;144;2091;792;1299
"85239";719;605;33;572;196;376
"85240";1058;953;61;892;318;574
"85242";683;616;27;589;249;340
"85243";2045;1768;111;1657;655;1002
"85244";649;558;37;521;277;244
"85245";136;114;5;109;52;57
"85246";1627;1415;98;1317;508;809
"85247";713;605;31;574;224;350
"85248";319;266;21;245;111;134
"85250";1389;1245;72;1173;462;711
"85251";489;444;20;424;124;300
"85252";454;387;19;368;113;255
"85254";1387;1223;82;1141;543;598
"85255";1917;1652;87;1565;669;896
"85256";959;871;58;813;414;399
"85257";1416;1266;82;1184;411;773
"85259";863;774;49;725;252;473
"85260";533;462;25;437;206;231
"85261";169;143;7;136;63;73
"85262";2133;1885;103;1782;824;958
"85264";953;815;55;760;277;483
"85265";738;621;47;574;330;244
"85266";1076;961;57;904;395;509
"85267";648;550;40;510;265;245
"85268";1026;885;55;830;310;520
"85269";298;254;18;236;140;96
"85271";312;280;15;265;112;153
"85272";686;603;42;561;214;347
"85273";1109;949;66;883;307;576
"85274";403;349;18;331;175;156
"85276";510;430;23;407;176;231
"85277";1006;887;54;833;306;527
"85278";1119;974;45;929;352;577
"85279";1230;1090;85;1005;518;487
"85280";2187;1870;113;1757;653;1104
"85281";750;662;43;619;297;322
"85282";636;572;45;527;244;283
"85284";3297;2772;167;2605;1000;1605
"85285";497;433;32;401;217;184
"85286";399;348;12;336;190;146
"85287";363;317;21;296;104;192
"85288";5624;4850;277;4573;1734;2839
"85289";1026;860;51;809;282;527
"85290";382;335;20;315;182;133
"85291";803;689;44;645;270;375
"85292";474;407;19;388;206;182
"85293";1150;1112;189;923;443;480
"85294";2830;2382;110;2272;837;1435
"85295";2172;1907;139;1768;714;1054
"85296";868;731;35;696;268;428
"85297";793;678;42;636;304;332
"85298";1068;939;60;879;343;536
"85299";446;377;16;361;191;170
"85300";3283;2897;162;2735;1411;1324
"85301";1132;967;84;883;386;497
"85302";2966;2570;156;2414;855;1559
"85303";1230;1046;57;989;510;479
"85304";492;423;36;387;220;167
"85305";629;550;27;523;195;328
"85306";528;473;18;455;264;191
"85307";891;725;34;691;274;417
"86001";565;498;33;465;274;191
"86002";383;329;20;309;157;152
"86003";275;240;13;227;122;105
"86004";335;291;19;272;147;125
"86005";486;407;37;370;197;173
"86006";448;378;27;351;195;156
"86007";892;782;55;727;373;354
"86008";343;260;27;233;116;117
"86009";845;708;41;667;306;361
"86010";795;701;53;648;394;254
"86011";122;103;9;94;51;43
"86012";119;106;7;99;59;40
"86013";92;83;0;83;27;56
"86014";1259;1078;80;998;538;460
"86015";997;866;55;811;490;321
"86016";1301;1163;96;1067;623;444
"86017";807;662;44;618;321;297
"86018";294;234;14;220;94;126
"86019";1401;1203;90;1113;647;466
"86020";208;170;4;166;66;100
"86021";656;541;41;500;251;249
"86022";211;172;11;161;51;110
"86023";222;196;13;183;100;83
"86024";1003;894;51;843;562;281
"86025";356;312;22;290;102;188
"86026";400;351;20;331;138;193
"86027";1177;998;47;951;589;362
"86028";887;767;41;726;475;251
"86029";641;538;42;496;225;271
"86030";408;345;23;322;170;152
"86031";1390;1209;72;1137;664;473
"86032";1532;1322;79;1243;640;603
"86034";473;388;15;373;183;190
"86035";164;129;16;113;56;57
"86036";535;444;43;401;174;227
"86037";367;295;19;276;121;155
"86038";188;161;11;150;79;71
"86039";555;454;31;423;191;232
"86040";306;252;13;239;120;119
"86041";7255;6103;296;5807;3515;2292
"86042";771;654;29;625;352;273
"86043";396;338;19;319;183;136
"86044";483;422;21;401;136;265
"86045";954;812;51;761;442;319
"86046";1439;1226;81;1145;666;479
"86047";352;306;26;280;176;104
"86048";686;572;28;544;317;227
"86049";458;367;15;352;158;194
"86050";559;467;38;429;206;223
"86051";158;137;10;127;45;82
"86052";707;584;39;545;309;236
"86053";750;676;31;645;366;279
"86054";307;260;16;244;106;138
"86055";285;234;9;225;116;109
"86056";495;427;24;403;212;191
"86058";496;451;36;415;248;167
"86059";357;293;18;275;156;119
"86060";664;568;41;527;296;231
"86061";868;727;41;686;373;313
"86062";2772;2289;140;2149;1183;966
"86063";225;176;6;170;88;82
"86064";472;400;25;375;177;198
"86065";767;643;44;599;320;279
"86066";23893;17673;1012;16661;9520;7141
"86067";173;155;4;151;75;76
"86068";789;627;29;598;306;292
"86069";148;124;14;110;50;60
"86070";5509;4502;257;4245;2482;1763
"86071";245;217;16;201;130;71
"86072";357;292;25;267;151;116
"86073";407;354;27;327;165;162
"86074";648;547;43;504;326;178
"86075";556;454;26;428;230;198
"86076";1943;1693;82;1611;916;695
"86077";698;602;45;557;318;239
"86078";1925;1579;73;1506;888;618
"86079";451;363;26;337;159;178
"86080";358;314;19;295;159;136
"86081";1150;953;59;894;481;413
"86082";1382;1096;42;1054;601;453
"86083";810;698;46;652;369;283
"86084";209;173;12;161;88;73
"86085";227;199;20;179;107;72
"86086";742;624;48;576;307;269
"86087";149;131;8;123;49;74
"86088";581;506;29;477;260;217
"86089";294;233;20;213;110;103
"86090";166;128;10;118;42;76
"86091";353;309;22;287;173;114
"86092";2372;1974;134;1840;1029;811
"86093";126;104;7;97;41;56
"86094";372;331;25;306;137;169
"86095";2277;1941;153;1788;1041;747
"86096";474;394;26;368;178;190
"86097";253;216;25;191;84;107
"86098";124;105;13;92;47;45
"86099";682;586;40;546;305;241
"86100";2904;2526;103;2423;1466;957
"86102";371;338;22;316;136;180
"86103";1323;1088;55;1033;584;449
"86104";376;319;16;303;190;113
"86105";300;261;20;241;153;88
"86106";105;87;7;80;45;35
"86107";373;328;23;305;193;112
"86108";340;275;13;262;98;164
"86109";198;173;8;165;100;65
"86110";170;148;13;135;49;86
"86111";1369;1162;94;1068;613;455
"86112";895;748;35;713;397;316
"86113";2214;1890;94;1796;1127;669
"86114";852;766;43;723;416;307
"86115";4233;3480;211;3269;1755;1514
"86116";636;554;46;508;301;207
"86117";376;322;26;296;191;105
"86118";280;243;10;233;120;113
"86119";271;234;22;212;112;100
"86120";960;800;57;743;414;329
"86121";1073;917;45;872;487;385
"86122";60;48;4;44;19;25
"86123";562;470;43;427;231;196
"86124";868;760;40;720;432;288
"86125";443;376;19;357;194;163
"86126";426;374;32;342;176;166
"86127";365;305;22;283;137;146
"86128";1841;1475;99;1376;639;737
"86129";413;352;19;333;143;190
"86130";327;278;19;259;136;123
"86131";553;479;15;464;268;196
"86132";242;198;15;183;104;79
"86133";2402;2113;94;2019;1201;818
"86134";157;124;6;118;68;50
"86135";411;363;21;342;238;104
"86136";302;280;15;265;195;70
"86137";5387;4239;290;3949;1946;2003
"86138";175;142;14;128;74;54
"86139";1893;1606;101;1505;924;581
"86140";1824;1526;95;1431;834;597
"86141";534;470;28;442;243;199
"86142";418;324;23;301;164;137
"86143";156;137;5;132;62;70
"86144";253;219;21;198;101;97
"86145";709;619;37;582;370;212
"86146";871;746;47;699;355;344
"86147";395;348;29;319;183;136
"86148";549;480;34;446;278;168
"86149";337;288;25;263;111;152
"86150";218;185;17;168;87;81
"86151";157;135;13;122;48;74
"86152";528;445;23;422;223;199
"86153";638;561;20;541;319;222
"86154";202;170;14;156;81;75
"86156";181;150;7;143;53;90
"86157";2960;2587;125;2462;1464;998
"86158";4592;3895;221;3674;2230;1444
"86159";429;350;25;325;217;108
"86160";1487;1209;74;1135;598;537
"86161";726;634;39;595;289;306
"86162";103;92;5;87;36;51
"86163";2530;2226;118;2108;1305;803
"86164";556;452;40;412;223;189
"86165";4719;3936;221;3715;2104;1611
"86166";517;462;36;426;245;181
"86167";434;357;24;333;175;158
"86169";236;188;16;172;82;90
"86170";322;260;13;247;133;114
"86171";414;345;24;321;199;122
"86172";118;98;6;92;46;46
"86173";539;435;35;400;213;187
"86174";4327;3662;294;3368;2017;1351
"86175";251;217;16;201;125;76
"86176";106;96;3;93;71;22
"86177";3542;2985;193;2792;1472;1320
"86178";1682;1494;107;1387;797;590
"86180";2224;1937;98;1839;1187;652
"86181";191;169;12;157;70;87
"86182";331;274;25;249;136;113
"86183";1210;1019;87;932;510;422
"86184";564;496;40;456;262;194
"86186";796;673;52;621;317;304
"86187";331;294;19;275;142;133
"86188";728;634;52;582;327;255
"86189";300;258;12;246;130;116
"86190";658;565;33;532;315;217
"86191";219;192;14;178;109;69
"86192";143;125;5;120;74;46
"86193";919;795;35;760;411;349
"86194";47747;36966;1726;35240;22959;12281
"86195";369;311;17;294;178;116
"86196";200;169;14;155;91;64
"86197";353;297;14;283;101;182
"86198";463;406;26;380;206;174
"86200";449;368;16;352;151;201
"86201";179;145;11;134;61;73
"86202";416;342;20;322;162;160
"86203";447;364;11;353;217;136
"86204";1581;1377;86;1291;807;484
"86205";150;122;12;110;61;49
"86206";100;87;4;83;34;49
"86207";1298;1053;62;991;452;539
"86208";544;445;26;419;210;209
"86209";1292;1250;68;1182;717;465
"86210";486;407;28;379;177;202
"86211";676;538;38;500;269;231
"86213";1785;1556;92;1464;822;642
"86214";5482;4545;224;4321;2436;1885
"86217";252;211;13;198;100;98
"86218";162;140;14;126;65;61
"86219";744;608;50;558;334;224
"86220";245;213;12;201;110;91
"86221";907;756;64;692;385;307
"86222";2980;2548;163;2385;1349;1036
"86223";791;679;47;632;351;281
"86224";932;780;63;717;340;377
"86225";1023;842;61;781;406;375
"86226";1824;1598;115;1483;871;612
"86227";113;96;6;90;36;54
"86228";139;112;7;105;44;61
"86229";297;252;21;231;97;134
"86230";161;141;5;136;66;70
"86231";372;302;17;285;192;93
"86233";1941;1674;115;1559;908;651
"86234";321;263;12;251;116;135
"86235";930;788;55;733;450;283
"86236";746;637;39;598;255;343
"86237";658;547;49;498;298;200
"86239";132;111;9;102;54;48
"86241";352;302;20;282;121;161
"86242";276;234;15;219;112;107
"86244";1126;889;59;830;445;385
"86245";802;709;53;656;334;322
"86246";693;592;33;559;301;258
"86247";386;335;19;316;189;127
"86248";462;351;15;336;190;146
"86249";109;88;4;84;37;47
"86250";177;150;13;137;43;94
"86252";424;372;15;357;147;210
"86253";470;397;17;380;187;193
"86254";815;686;44;642;384;258
"86255";1018;853;49;804;471;333
"86256";823;728;36;692;429;263
"86257";240;198;12;186;75;111
"86258";1891;1566;133;1433;807;626
"86259";531;455;38;417;231;186
"86260";274;233;14;219;88;131
"86261";1499;1312;65;1247;697;550
"86262";528;436;43;393;201;192
"86263";1995;1765;103;1662;1114;548
"86264";605;505;39;466;251;215
"86265";376;319;16;303;143;160
"86266";96;78;3;75;35;40
"86268";835;733;54;679;478;201
"86269";156;133;15;118;60;58
"86270";158;141;12;129;63;66
"86271";594;506;37;469;221;248
"86272";2170;1841;130;1711;998;713
"86273";727;619;44;575;245;330
"86274";745;620;42;578;228;350
"86275";482;410;34;376;201;175
"86276";1021;829;53;776;315;461
"86277";271;231;10;221;106;115
"86278";609;514;27;487;262;225
"86279";487;408;38;370;215;155
"86280";320;274;24;250;113;137
"86281";2371;1972;145;1827;979;848
"86284";489;421;23;398;227;171
"86285";751;647;45;602;325;277
"86286";339;290;21;269;139;130
"86287";284;244;22;222;108;114
"86288";588;498;34;464;234;230
"86289";509;452;31;421;215;206
"86290";1206;1000;62;938;561;377
"86291";93;83;7;76;44;32
"86292";581;507;32;475;266;209
"86293";2398;2038;141;1897;1060;837
"86294";2539;2166;144;2022;1070;952
"86295";289;247;23;224;120;104
"86296";303;263;20;243;139;104
"86297";3881;3379;199;3180;1791;1389
"86298";1523;1300;90;1210;657;553
"86299";425;352;19;333;180;153
"86300";237;210;17;193;112;81
"87001";4489;3809;252;3557;2154;1403
"87002";4277;3579;284;3295;2117;1178
"87003";740;623;38;585;388;197
"87004";90;75;5;70;42;28
"87005";769;682;34;648;428;220
"87006";196;178;8;170;91;79
"87007";163;134;7;127;76;51
"87008";120;85;5;80;40;40
"87009";145;118;8;110;71;39
"87011";2939;2471;172;2299;1389;910
"87012";315;264;19;245;129;116
"87013";566;478;25;453;257;196
"87014";2261;1902;153;1749;1055;694
"87015";509;456;30;426;265;161
"87016";264;226;19;207;148;59
"87017";370;335;30;305;172;133
"87018";596;490;30;460;308;152
"87019";2192;1951;124;1827;1094;733
"87020";1191;1054;97;957;618;339
"87021";1911;1718;124;1594;1079;515
"87022";115;105;7;98;76;22
"87023";146;134;10;124;90;34
"87024";710;619;31;588;404;184
"87025";602;551;37;514;324;190
"87026";256;202;18;184;104;80
"87027";1138;930;53;877;529;348
"87028";711;571;55;516;302;214
"87029";398;355;22;333;228;105
"87030";930;826;67;759;520;239
"87031";235;213;8;205;122;83
"87032";1348;1114;78;1036;648;388
"87033";573;516;40;476;325;151
"87034";436;359;34;325;225;100
"87035";454;391;40;351;206;145
"87036";498;428;58;370;237;133
"87037";198;175;12;163;111;52
"87038";1567;1351;105;1246;783;463
"87039";668;586;36;550;353;197
"87040";1180;998;53;945;605;340
"87041";1744;1443;118;1325;815;510
"87042";326;277;23;254;152;102
"87043";164;144;10;134;99;35
"87044";239;201;12;189;123;66
"87045";809;678;41;637;389;248
"87046";868;756;61;695;473;222
"87047";1352;1124;89;1035;673;362
"87048";3994;3476;230;3246;2091;1155
"87049";1076;909;67;842;505;337
"87050";6774;5830;397;5433;3255;2178
"87051";513;440;26;414;262;152
"87052";154;136;13;123;66;57
"87053";217;184;16;168;97;71
"87054";924;761;71;690;406;284
"87055";312;261;31;230;85;145
"87056";222;194;20;174;112;62
"87057";297;244;19;225;115;110
"87058";126;114;10;104;66;38
"87059";1440;1168;89;1079;537;542
"87060";558;472;38;434;272;162
"87061";322;260;19;241;145;96
"87062";295;263;24;239;165;74
"87063";863;784;45;739;455;284
"87064";1544;1330;83;1247;868;379
"87065";4762;4107;246;3861;2358;1503
"87066";867;738;55;683;447;236
"87067";455;372;39;333;215;118
"87068";403;335;28;307;171;136
"87069";131;102;5;97;52;45
"87070";701;621;35;586;377;209
"87071";624;556;35;521;368;153
"87072";405;352;25;327;216;111
"87073";318;273;27;246;161;85
"87074";232;203;10;193;140;53
"87075";6325;5455;335;5120;3302;1818
"87076";225;201;9;192;127;65
"87077";390;343;38;305;189;116
"87078";518;453;30;423;268;155
"87079";609;523;35;488;351;137
"87080";156;123;13;110;57;53
"87081";788;722;51;671;459;212
"87082";864;763;47;716;423;293
"87083";461;386;30;356;234;122
"87084";145;123;7;116;71;45
"87085";78149;63506;3986;59520;38633;20887
"87086";894;753;71;682;441;241
"87087";428;322;20;302;176;126
"87088";836;727;62;665;402;263
"87089";1294;1048;59;989;552;437
"87090";257;210;15;195;109;86
"87091";343;290;26;264;166;98
"87092";382;319;25;294;202;92
"87093";252;210;10;200;149;51
"87094";370;326;30;296;194;102
"87095";659;551;29;522;331;191
"87096";717;584;43;541;342;199
"87097";662;565;36;529;288;241
"87099";268;240;27;213;135;78
"87100";219;193;19;174;93;81
"87101";88;79;5;74;33;41
"87103";1197;1028;79;949;627;322
"87104";459;422;29;393;286;107
"87105";749;634;35;599;447;152
"87106";1900;1616;133;1483;950;533
"87107";1212;1045;82;963;589;374
"87108";406;350;20;330;192;138
"87109";288;236;11;225;108;117
"87110";1780;1560;110;1450;900;550
"87111";1210;1018;72;946;642;304
"87112";485;412;26;386;252;134
"87113";4661;4024;301;3723;2610;1113
"87114";7760;6871;427;6444;3938;2506
"87115";145;129;4;125;68;57
"87116";897;785;59;726;447;279
"87117";809;692;42;650;429;221
"87118";975;815;65;750;494;256
"87119";899;779;43;736;473;263
"87120";448;390;30;360;227;133
"87121";409;332;30;302;175;127
"87122";887;766;46;720;479;241
"87123";120;106;3;103;70;33
"87124";320;290;14;276;194;82
"87125";3401;2996;213;2783;1854;929
"87126";2862;2451;180;2271;1490;781
"87127";506;429;38;391;296;95
"87128";371;317;31;286;175;111
"87129";686;630;51;579;347;232
"87130";146;122;9;113;82;31
"87131";696;591;42;549;399;150
"87132";92;74;4;70;57;13
"87133";432;375;36;339;205;134
"87134";121;100;4;96;79;17
"87135";693;611;58;553;320;233
"87136";241;188;12;176;95;81
"87137";112;92;8;84;62;22
"87138";435;345;16;329;222;107
"87139";349;295;19;276;148;128
"87140";1254;1096;83;1013;721;292
"87141";608;514;48;466;256;210
"87142";429;371;22;349;243;106
"87143";1543;1355;133;1222;838;384
"87144";356;324;27;297;207;90
"87145";187;163;11;152;102;50
"87146";894;769;53;716;432;284
"87147";54;46;1;45;29;16
"87148";713;648;53;595;360;235
"87149";294;248;17;231;154;77
"87150";684;616;49;567;359;208
"87151";387;327;23;304;204;100
"87152";1253;1070;104;966;629;337
"87153";301;255;19;236;167;69
"87154";8351;7001;439;6562;4424;2138
"87155";160;146;10;136;80;56
"87156";1835;1649;116;1533;921;612
"87157";676;580;44;536;391;145
"87158";1073;890;60;830;508;322
"87159";299;241;14;227;154;73
"87160";372;302;26;276;154;122
"87161";3531;3024;216;2808;1902;906
"87162";155;136;8;128;100;28
"87163";86;69;3;66;40;26
"87164";436;395;36;359;238;121
"87165";95;88;9;79;42;37
"87166";702;626;45;581;388;193
"87167";445;393;30;363;250;113
"87168";856;730;49;681;405;276
"87169";654;598;49;549;371;178
"87170";313;252;18;234;165;69
"87172";177;158;10;148;82;66
"87173";434;371;42;329;211;118
"87174";1039;920;60;860;535;325
"87176";514;452;38;414;251;163
"87177";1299;1136;88;1048;670;378
"87178";2271;1940;153;1787;1163;624
"87179";208;171;10;161;74;87
"87180";476;394;50;344;213;131
"87181";708;586;46;540;376;164
"87182";1028;864;69;795;466;329
"87183";654;579;33;546;366;180
"87184";226;200;10;190;104;86
"87185";1322;1165;76;1089;712;377
"87186";257;219;14;205;134;71
"87187";5606;4757;341;4416;2734;1682
"87188";315;272;17;255;202;53
"87189";107;86;2;84;31;53
"87190";791;644;59;585;376;209
"87191";1411;1205;115;1090;652;438
"87192";1259;1074;68;1006;599;407
"87193";28;22;6;16;12;4
"87194";289;249;19;230;170;60
"87195";122;102;8;94;45;49
"87196";132;118;5;113;65;48
"87197";422;356;36;320;217;103
"87198";333;286;24;262;180;82
"87199";626;532;57;475;313;162
"87200";107;94;4;90;29;61
"87201";3304;2993;193;2800;1838;962
"87202";1515;1355;96;1259;843;416
"87203";1094;937;63;874;541;333
"87204";176;155;13;142;90;52
"87205";1712;1490;78;1412;881;531
"87206";146;121;11;110;59;51
"88001";55;50;6;44;21;23
"88002";54;49;7;42;19;23
"88003";68;53;7;46;20;26
"88004";128;111;7;104;22;82
"88005";190;159;21;138;48;90
"88006";245;215;19;196;74;122
"88007";63;41;2;39;7;32
"88008";100;84;9;75;30;45
"88009";2698;2164;253;1911;993;918
"88010";168;144;12;132;49;83
"88011";1219;1056;82;974;537;437
"88012";854;727;77;650;329;321
"88013";73;58;7;51;16;35
"88014";165;145;17;128;68;60
"88015";191;173;13;160;63;97
"88016";237;207;8;199;103;96
"88017";126;109;7;102;42;60
"88018";400;320;43;277;169;108
"88019";155;138;4;134;72;62
"88020";137;110;10;100;34;66
"88021";204;182;14;168;66;102
"88022";185;167;17;150;68;82
"88023";73;71;7;64;26;38
"88024";83;73;8;65;30;35
"88025";61;58;2;56;21;35
"88026";882;790;54;736;354;382
"88027";106;97;15;82;32;50
"88028";532;474;32;442;206;236
"88029";945;755;63;692;327;365
"88030";120;109;15;94;31;63
"88031";96;92;11;81;44;37
"88032";1012;834;71;763;350;413
"88033";294;240;22;218;94;124
"88035";127;100;24;76;30;46
"88036";74;61;7;54;26;28
"88037";731;615;29;586;263;323
"88038";28;23;4;19;7;12
"88039";252;225;20;205;122;83
"88040";234;206;22;184;73;111
"88041";86;80;9;71;25;46
"88042";68;60;2;58;19;39
"88043";106;91;3;88;38;50
"88044";479;408;51;357;152;205
"88045";77;72;8;64;20;44
"88046";114;89;17;72;38;34
"88047";135;113;9;104;56;48
"88048";825;688;56;632;240;392
"88049";97;88;13;75;36;39
"88050";221;191;13;178;110;68
"88051";103;94;8;86;62;24
"88052";95;72;3;69;33;36
"88053";135;111;4;107;46;61
"88054";307;251;25;226;92;134
"88055";102;89;11;78;32;46
"88056";88;73;4;69;30;39
"88057";93;84;13;71;45;26
"88058";82;70;4;66;32;34
"88059";337;268;25;243;133;110
"88060";24;22;2;20;14;6
"88061";282;236;24;212;93;119
"88062";103;81;4;77;42;35
"88063";113;108;9;99;40;59
"88064";95;76;7;69;25;44
"88065";321;263;31;232;103;129
"88066";43;39;2;37;8;29
"88068";675;582;70;512;256;256
"88069";111;99;3;96;44;52
"88070";133;110;12;98;53;45
"88071";53;43;9;34;14;20
"88073";150;137;11;126;65;61
"88074";47;38;1;37;18;19
"88075";3875;3329;292;3037;1264;1773
"88076";368;303;24;279;152;127
"88077";414;372;39;333;142;191
"88078";2053;1666;132;1534;804;730
"88079";1135;985;66;919;485;434
"88080";232;201;25;176;69;107
"88081";1124;925;75;850;396;454
"88082";626;513;54;459;216;243
"88083";192;167;12;155;74;81
"88084";329;293;26;267;153;114
"88085";167;129;13;116;58;58
"88086";480;392;36;356;182;174
"88087";2658;2108;137;1971;1018;953
"88088";537;465;35;430;161;269
"88089";503;397;40;357;193;164
"88090";2928;2292;183;2109;1148;961
"88091";351;302;37;265;133;132
"88092";515;399;39;360;165;195
"88093";56;43;5;38;18;20
"88094";1074;894;70;824;476;348
"88095";1165;983;55;928;501;427
"88096";129;99;12;87;55;32
"88097";32;26;3;23;11;12
"88098";708;609;40;569;266;303
"88099";1273;1043;66;977;514;463
"88100";40;38;3;35;22;13
"88101";905;742;56;686;384;302
"88102";84;70;4;66;13;53
"88103";69;63;11;52;16;36
"88104";175;146;10;136;73;63
"88105";215;171;12;159;86;73
"88106";827;679;54;625;283;342
"88107";46;37;3;34;8;26
"88108";440;363;44;319;125;194
"88109";564;500;46;454;199;255
"88110";148;137;8;129;32;97
"88111";292;252;23;229;103;126
"88112";400;337;33;304;157;147
"88113";123;108;9;99;52;47
"88114";2392;1923;125;1798;1067;731
"88115";1103;877;83;794;365;429
"88116";2762;2206;225;1981;1082;899
"88117";57;48;7;41;15;26
"88118";591;486;44;442;179;263
"88119";158;112;15;97;49;48
"88120";456;349;56;293;140;153
"88121";216;185;9;176;65;111
"88122";283;264;20;244;81;163
"88123";236;192;17;175;70;105
"88124";771;589;45;544;286;258
"88125";42;36;4;32;13;19
"88126";1181;983;83;900;502;398
"88127";51;46;1;45;17;28
"88128";208;182;14;168;89;79
"88129";100;85;2;83;33;50
"88130";166;142;6;136;41;95
"88131";230;186;22;164;70;94
"88132";1140;991;57;934;426;508
"88133";167;152;21;131;39;92
"88134";404;347;20;327;152;175
"88135";672;565;50;515;280;235
"88136";1208;1058;78;980;490;490
"88137";76;72;5;67;37;30
"88138";84;77;5;72;27;45
"88139";104;87;7;80;46;34
"88140";322;252;25;227;110;117
"88141";201;176;15;161;75;86
"88142";335;299;19;280;151;129
"88143";245;217;12;205;79;126
"88144";57;53;1;52;17;35
"88145";196;171;19;152;78;74
"88146";158;131;17;114;29;85
"88147";297;262;19;243;91;152
"88148";1583;1329;117;1212;534;678
"88149";38;32;1;31;14;17
"88150";211;166;15;151;63;88
"88151";809;664;55;609;255;354
"88152";219;185;9;176;67;109
"88153";241;211;20;191;81;110
"88154";121;94;8;86;32;54
"88155";104;97;9;88;48;40
"88156";108;97;13;84;47;37
"88157";699;600;30;570;233;337
"88158";2248;1893;171;1722;843;879
"88159";387;338;35;303;146;157
"88160";21227;16583;961;15622;8464;7158
"88161";343;294;20;274;135;139
"88162";160;139;6;133;61;72
"88163";545;458;35;423;226;197
"88164";92;80;6;74;37;37
"88165";2022;1667;148;1519;662;857
"88166";207;183;14;169;87;82
"88167";200;176;11;165;74;91
"88168";96;84;6;78;22;56
"88169";217;188;24;164;90;74
"88170";653;534;53;481;241;240
"88171";51;49;7;42;12;30
"88172";201;176;13;163;91;72
"88173";359;310;12;298;155;143
"88174";118;106;13;93;43;50
"88175";369;325;20;305;134;171
"88176";437;348;24;324;166;158
"88177";448;393;42;351;168;183
"88178";1583;1407;110;1297;615;682
"88179";51;46;2;44;30;14
"88180";130;111;10;101;35;66
"88181";2254;1742;179;1563;805;758
"88182";176;148;15;133;78;55
"88183";263;217;17;200;94;106
"88184";369;309;33;276;115;161
"88185";118;105;10;95;43;52
"88186";44;39;3;36;14;22
"88187";45;36;4;32;8;24
"88188";1519;1238;122;1116;573;543
"88189";124;105;10;95;21;74
"88190";350;291;34;257;115;142
"88192";86;78;6;72;34;38
"88193";122;93;9;84;40;44
"88194";130;118;5;113;51;62
"88195";105;83;1;82;28;54
"88196";6662;5612;362;5250;2767;2483
"88197";302;262;17;245;72;173
"88198";421;364;19;345;165;180
"88199";61;54;5;49;20;29
"88200";51;39;1;38;10;28
"88201";648;588;38;550;295;255
"88202";157;138;18;120;57;63
"88203";271;227;24;203;82;121
"88204";775;672;47;625;265;360
"88205";217;194;12;182;55;127
"88206";667;570;42;528;302;226
"88208";114;95;11;84;32;52
"88209";5912;4568;361;4207;2296;1911
"88210";130;111;7;104;50;54
"88212";353;299;21;278;126;152
"88213";112;100;8;92;52;40
"88214";58;50;6;44;14;30
"88215";69;58;3;55;15;40
"88216";569;469;37;432;205;227
"88218";1778;1403;138;1265;678;587
"88219";117;105;9;96;32;64
"88220";39;35;3;32;14;18
"88221";202;155;11;144;74;70
"88222";148;131;5;126;50;76
"88223";129;101;10;91;40;51
"88224";300;250;37;213;104;109
"88225";1865;1603;145;1458;593;865
"88226";95;88;15;73;38;35
"88227";83;72;7;65;14;51
"88228";132;115;9;106;35;71
"88229";67;59;8;51;16;35
"88230";28;28;1;27;5;22
"88231";389;323;32;291;127;164
"88232";162;132;11;121;42;79
"88233";456;398;47;351;117;234
"88234";321;255;32;223;112;111
"88235";126;113;6;107;52;55
"88236";119;95;7;88;32;56
"88237";287;261;12;249;116;133
"88238";312;256;19;237;130;107
"88239";115;97;3;94;44;50
"88240";209;166;22;144;86;58
"88241";317;269;20;249;146;103
"88242";34;32;3;29;9;20
"88243";415;345;21;324;144;180
"88244";418;323;25;298;135;163
"88245";234;185;18;167;79;88
"88246";372;323;24;299;194;105
"88247";936;772;85;687;336;351
"88248";167;135;17;118;54;64
"88249";80;67;6;61;30;31
"88250";299;261;28;233;119;114
"88251";851;724;52;672;284;388
"88252";118;104;2;102;49;53
"88253";554;497;30;467;189;278
"88254";79;65;5;60;34;26
"88255";72;67;2;65;15;50
"88256";222;189;15;174;76;98
"88257";133;121;11;110;49;61
"88258";756;603;52;551;300;251
"88259";271;238;23;215;81;134
"88260";150;133;7;126;61;65
"88261";497;423;35;388;212;176
"88262";468;380;36;344;182;162
"88263";194;171;22;149;72;77
"88264";50;46;10;36;11;25
"88265";27;23;1;22;4;18
"88266";657;534;34;500;242;258
"88267";392;340;28;312;146;166
"88268";124;103;7;96;54;42
"88269";257;224;18;206;139;67
"88270";1675;1413;90;1323;610;713
"88271";249;187;23;164;85;79
"88272";74;66;3;63;33;30
"88273";369;331;25;306;141;165
"88274";75;61;1;60;25;35
"88275";184;144;15;129;51;78
"88276";358;302;27;275;135;140
"88277";97;77;3;74;22;52
"88278";80;67;7;60;22;38
"88279";62;58;6;52;26;26
"88280";85;73;8;65;38;27
"88281";295;243;17;226;100;126
"88282";28;21;3;18;4;14
"88283";77;62;13;49;21;28
"88284";518;429;35;394;196;198
"88285";256;239;19;220;110;110
"88286";66;51;0;51;19;32
"88287";84;64;8;56;26;30
"88288";14;14;0;14;6;8
"88289";672;539;69;470;234;236
"88290";104;71;7;64;23;41
"88291";115;97;3;94;26;68
"88292";528;445;32;413;253;160
"88293";200;173;8;165;79;86
"88294";211;181;16;165;78;87
"88295";188;168;12;156;87;69
"88296";91;73;5;68;22;46
"88297";116;106;8;98;44;54
"88298";49;42;7;35;12;23
"88299";132;115;7;108;35;73
"88300";119;110;8;102;43;59
"88301";239;202;7;195;80;115
"88302";944;786;69;717;323;394
"88303";178;152;9;143;83;60
"88304";3752;2864;192;2672;1550;1122
"88305";178;161;15;146;70;76
"88306";60;50;6;44;14;30
"88307";99;81;9;72;33;39
"88308";198;174;16;158;55;103
"88309";133;120;10;110;44;66
"88310";640;560;33;527;224;303
"88311";44;41;3;38;14;24
"88312";165;137;16;121;76;45
"88313";361;267;23;244;97;147
"88314";130;105;14;91;44;47
"88315";136;114;10;104;29;75
"88316";33;31;3;28;6;22
"88317";537;431;50;381;207;174
"88318";171;139;16;123;71;52
"88319";2496;1884;196;1688;868;820
"88320";714;629;44;585;275;310
"88321";4755;3784;248;3536;1809;1727
"88322";362;312;32;280;114;166
"88324";264;236;28;208;136;72
"88325";134;118;15;103;46;57
"88326";256;222;13;209;70;139
"88327";1631;1295;111;1184;697;487
"88328";468;390;31;359;152;207
"88330";139;116;6;110;46;64
"88331";41;36;3;33;11;22
"88332";205;172;10;162;78;84
"88333";89;79;9;70;26;44
"88334";231;205;19;186;69;117
"88335";119;107;8;99;47;52
"88336";73;57;3;54;12;42
"88337";166;143;12;131;62;69
"88338";75;62;11;51;26;25
"88340";394;328;22;306;121;185
"88341";395;340;33;307;156;151
"88342";127;111;7;104;43;61
"88343";116;97;10;87;39;48
"88344";158;133;14;119;49;70
"88345";68;63;7;56;37;19
"88346";619;488;39;449;272;177
"88347";86;76;5;71;27;44
"88348";116;98;7;91;38;53
"88349";1392;1075;130;945;543;402
"88350";69;54;4;50;14;36
"88351";1290;1106;72;1034;466;568
"88352";211;179;9;170;56;114
"88353";71;64;3;61;29;32
"88354";103;89;12;77;35;42
"88355";876;681;42;639;299;340
"88356";193;158;26;132;62;70
"88357";617;534;37;497;266;231
"88358";1388;1157;154;1003;478;525
"88359";72;69;3;66;35;31
"88360";145;124;11;113;64;49
"88361";647;552;55;497;243;254
"88362";110;86;8;78;25;53
"88363";142;115;10;105;41;64
"88364";131;115;9;106;30;76
"88365";121;110;5;105;52;53
"88366";234;201;14;187;84;103
"88367";3887;2955;236;2719;1359;1360
"88368";149;120;11;109;51;58
"88369";1475;1228;141;1087;473;614
"88370";57;56;2;54;18;36
"88371";993;843;71;772;360;412
"88372";4865;3587;271;3316;1744;1572
"88373";147;132;12;120;78;42
"88374";19;17;1;16;2;14
"88375";366;314;29;285;110;175
"88376";233;211;24;187;88;99
"88377";122;102;11;91;35;56
"88378";70;63;5;58;31;27
"88379";279;232;13;219;101;118
"88380";173;149;17;132;76;56
"88381";178;156;14;142;85;57
"88382";47;42;6;36;13;23
"88383";5853;4314;277;4037;1955;2082
"88385";410;348;24;324;175;149
"88386";375;324;30;294;116;178
"88387";160;145;17;128;57;71
"88388";103;88;7;81;36;45
"88389";61;59;6;53;11;42
"88390";111;82;4;78;35;43
"88391";542;466;34;432;225;207
"88392";27;25;1;24;9;15
"88393";248;217;18;199;94;105
"88394";44;36;4;32;8;24
"88395";270;235;10;225;112;113
"88398";78;61;2;59;25;34
"88399";150;133;12;121;49;72
"88400";265;229;21;208;111;97
"88401";392;325;19;306;138;168
"88402";181;148;10;138;62;76
"88403";154;137;9;128;60;68
"88404";69;59;3;56;35;21
"88406";84;81;12;69;31;38
"88407";140;119;11;108;53;55
"88408";2682;2202;254;1948;979;969
"88409";1713;1434;120;1314;644;670
"88410";239;200;30;170;68;102
"88411";76;61;8;53;28;25
"88412";372;319;21;298;129;169
"88413";13980;11073;778;10295;5436;4859
"88415";2685;2214;169;2045;1027;1018
"88416";77;63;5;58;13;45
"88417";284;248;20;228;116;112
"88418";372;290;24;266;130;136
"88419";123;101;9;92;37;55
"88421";112;91;10;81;19;62
"88423";992;814;81;733;346;387
"88424";1897;1624;156;1468;664;804
"88425";124;108;11;97;43;54
"88426";1122;935;100;835;397;438
"88427";105;95;13;82;35;47
"88428";1698;1349;89;1260;538;722
"88429";3146;2736;201;2535;1087;1448
"88430";407;336;23;313;142;171
"88431";97;82;10;72;31;41
"88432";143;117;15;102;29;73
"88433";65;59;3;56;23;33
"88434";182;154;12;142;69;73
"88435";402;342;38;304;148;156
"88436";78;70;7;63;45;18
"88437";81;72;3;69;27;42
"88438";306;265;34;231;112;119
"88439";686;615;47;568;288;280
"88440";168;154;12;142;55;87
"88441";88;68;10;58;23;35
"88442";506;431;35;396;197;199
"88443";90;78;10;68;16;52
"88444";276;227;19;208;97;111
"88445";1731;1469;156;1313;644;669
"88446";190;158;16;142;86;56
"88447";2226;1778;146;1632;854;778
"88448";146;129;11;118;46;72
"88449";175;141;8;133;68;65
"88450";188;147;14;133;58;75
"88451";1754;1409;111;1298;720;578
"88452";114;90;6;84;49;35
"88453";33;32;5;27;10;17
"88454";215;185;7;178;76;102
"88455";108;87;8;79;23;56
"88456";96;79;9;70;40;30
"88457";119;99;10;89;50;39
"88458";194;168;7;161;83;78
"88459";55;50;4;46;14;32
"88460";471;393;39;354;137;217
"88461";171;131;11;120;46;74
"88462";1562;1330;148;1182;569;613
"88463";1384;1044;108;936;456;480
"88464";410;359;33;326;144;182
"88465";5836;4523;365;4158;2247;1911
"88466";144;118;12;106;51;55
"88467";512;401;42;359;184;175
"88468";2501;1936;172;1764;834;930
"88469";80;71;5;66;40;26
"88470";1253;1047;90;957;476;481
"88471";125;97;6;91;43;48
"88472";122;108;6;102;53;49
"88473";106;92;17;75;38;37
"88474";50;45;2;43;9;34
"88475";94;80;5;75;22;53
"88476";96;85;6;79;63;16
"88477";99;86;3;83;21;62
"88478";56;51;1;50;21;29
"88479";186;153;10;143;62;81
"88480";173;137;9;128;60;68
"88481";1069;907;89;818;402;416
"88482";53;43;7;36;12;24
"88483";1769;1513;134;1379;687;692
"88484";929;763;68;695;324;371
"88485";109;97;8;89;49;40
"88486";3186;2681;218;2463;1170;1293
"88487";3465;2843;252;2591;1047;1544
"88488";203;179;15;164;76;88
"88489";224;197;15;182;110;72
"88490";144;115;17;98;52;46
"88491";79;69;7;62;26;36
"88492";106;85;10;75;20;55
"88493";22;22;0;22;6;16
"88494";101;81;8;73;41;32
"88495";149;129;11;118;57;61
"88496";115;108;4;104;41;63
"88497";385;321;13;308;127;181
"88498";821;694;76;618;272;346
"88499";130;114;12;102;61;41
"88500";764;648;63;585;264;321
"88501";77;60;4;56;13;43
"88502";123;114;12;102;67;35
"88503";141;126;8;118;55;63
"88504";150;123;16;107;35;72
"88505";105;97;11;86;41;45
"88506";277;251;21;230;96;134
"88507";195;176;21;155;74;81
"88508";364;309;41;268;118;150
"88509";98;89;11;78;30;48
"88510";166;138;10;128;71;57
"88511";82;65;12;53;37;16
"88512";175;150;10;140;52;88
"88513";1670;1377;93;1284;753;531
"88514";127;108;6;102;38;64
"88515";148;123;12;111;55;56
"88516";4418;3529;211;3318;1559;1759
"88517";140;124;7;117;59;58
"88518";25;23;2;21;4;17
"88519";523;452;33;419;176;243
"88520";233;187;28;159;78;81
"88521";247;211;15;196;89;107
"88522";52;48;8;40;17;23
"88523";134;117;7;110;60;50
"88524";263;219;28;191;84;107
"88525";106;93;2;91;46;45
"88526";325;261;28;233;100;133
"88527";125;93;6;87;36;51
"88528";137;108;6;102;37;65
"88529";75;61;4;57;23;34
"88530";2080;1689;153;1536;693;843
"88531";1376;1126;84;1042;472;570
"88532";83;75;5;70;24;46
"89001";338;292;17;275;162;113
"89002";67;60;3;57;18;39
"89003";1100;871;44;827;328;499
"89004";210;180;15;165;100;65
"89005";721;580;49;531;276;255
"89006";169;132;15;117;55;62
"89007";393;321;21;300;181;119
"89008";141;109;4;105;48;57
"89009";266;235;16;219;106;113
"89010";230;189;18;171;50;121
"89011";109;101;4;97;22;75
"89012";103;87;6;81;35;46
"89013";2405;2009;115;1894;851;1043
"89014";452;388;38;350;151;199
"89015";389;318;28;290;167;123
"89016";85;62;3;59;28;31
"89017";211;167;7;160;64;96
"89018";530;427;33;394;166;228
"89019";159;130;10;120;55;65
"89020";139;120;19;101;59;42
"89021";276;248;12;236;139;97
"89022";116;105;9;96;38;58
"89023";822;687;38;649;324;325
"89024";22080;16976;977;15999;8689;7310
"89025";4957;3742;256;3486;1960;1526
"89027";169;153;12;141;59;82
"89028";63;51;7;44;19;25
"89029";559;463;40;423;189;234
"89030";330;259;20;239;117;122
"89031";455;371;29;342;165;177
"89032";85;69;5;64;18;46
"89033";273;238;21;217;98;119
"89034";347;301;17;284;90;194
"89035";338;270;27;243;114;129
"89036";207;181;17;164;85;79
"89037";415;341;27;314;117;197
"89038";89;81;4;77;26;51
"89039";72;61;7;54;21;33
"89040";168;150;7;143;60;83
"89041";259;212;25;187;74;113
"89042";192;157;7;150;70;80
"89043";95;88;9;79;45;34
"89044";114;82;10;72;26;46
"89045";239;203;20;183;77;106
"89046";1119;917;71;846;369;477
"89048";243;192;12;180;65;115
"89049";30;29;0;29;25;4
"89050";659;550;44;506;266;240
"89051";407;343;29;314;129;185
"89053";347;280;25;255;122;133
"89054";567;460;34;426;167;259
"89055";1968;1460;137;1323;678;645
"89056";465;421;32;389;161;228
"89057";249;223;14;209;96;113
"89058";126;110;3;107;64;43
"89059";607;500;49;451;197;254
"89060";281;230;10;220;71;149
"89061";226;188;15;173;54;119
"89062";248;211;13;198;109;89
"89063";561;451;29;422;168;254
"89064";37;34;6;28;11;17
"89065";44;37;4;33;15;18
"89066";723;595;38;557;201;356
"89067";892;702;68;634;254;380
"89068";1575;1294;90;1204;479;725
"89069";415;342;17;325;126;199
"89070";52;43;3;40;12;28
"89071";96;85;13;72;32;40
"89072";230;188;16;172;57;115
"89073";851;716;52;664;261;403
"89074";1602;1269;91;1178;584;594
"89075";531;470;42;428;188;240
"89076";597;505;47;458;166;292
"89077";1144;960;74;886;375;511
"89078";494;420;23;397;158;239
"89079";566;476;40;436;168;268
"89080";441;387;28;359;140;219
"89081";90;80;4;76;27;49
"89083";1352;1183;72;1111;536;575
"89084";226;198;14;184;88;96
"89085";892;723;69;654;356;298
"89086";1270;1018;73;945;313;632
"89087";241;198;10;188;91;97
"89088";351;295;19;276;108;168
"89089";141;118;12;106;49;57
"89091";484;413;25;388;170;218
"89092";211;171;7;164;64;100
"89093";426;364;35;329;152;177
"89094";456;361;30;331;108;223
"89095";131;112;8;104;20;84
"89096";659;564;39;525;257;268
"89097";119;102;7;95;32;63
"89098";152;134;8;126;73;53
"89099";1720;1264;102;1162;651;511
"89100";1120;905;70;835;329;506
"89101";347;290;24;266;120;146
"89102";1642;1433;95;1338;691;647
"89103";259;210;19;191;83;108
"89104";267;229;18;211;68;143
"89105";325;284;16;268;140;128
"89107";223;198;13;185;80;105
"89108";259;219;9;210;79;131
"89109";48;43;5;38;7;31
"89111";226;192;20;172;69;103
"89112";150;125;6;119;49;70
"89113";447;368;19;349;133;216
"89115";124;96;15;81;30;51
"89116";266;233;23;210;101;109
"89117";124;111;4;107;39;68
"89118";544;468;33;435;234;201
"89119";367;303;32;271;117;154
"89120";139;112;3;109;22;87
"89122";412;337;24;313;138;175
"89123";194;162;9;153;45;108
"89124";879;726;67;659;265;394
"89125";579;489;41;448;235;213
"89126";45;45;6;39;6;33
"89127";482;424;28;396;151;245
"89128";91;71;6;65;31;34
"89129";341;297;20;277;155;122
"89130";559;470;31;439;252;187
"89131";215;188;13;175;52;123
"89132";146;128;5;123;53;70
"89133";261;202;13;189;64;125
"89134";263;224;14;210;78;132
"89136";543;452;25;427;171;256
"89137";335;292;15;277;163;114
"89138";263;222;8;214;75;139
"89139";867;700;51;649;278;371
"89141";105;90;4;86;48;38
"89142";728;594;32;562;220;342
"89143";247;212;22;190;83;107
"89144";589;502;32;470;163;307
"89145";361;313;28;285;143;142
"89146";78;71;7;64;35;29
"89147";213;189;18;171;67;104
"89148";265;223;13;210;86;124
"89149";162;134;9;125;52;73
"89150";301;234;22;212;107;105
"89151";905;744;47;697;283;414
"89152";502;389;41;348;175;173
"89153";515;429;33;396;210;186
"89154";672;567;51;516;261;255
"89155";578;479;30;449;232;217
"89156";280;244;22;222;96;126
"89158";507;408;29;379;182;197
"89159";358;316;9;307;137;170
"89160";515;441;35;406;179;227
"89161";185;161;11;150;87;63
"89162";277;235;23;212;84;128
"89163";456;376;26;350;134;216
"89164";89;72;1;71;28;43
"89165";89;73;11;62;20;42
"89167";832;718;51;667;342;325
"89168";128;111;9;102;37;65
"89169";811;619;52;567;285;282
"89170";132;104;7;97;48;49
"89171";211;163;12;151;68;83
"89172";386;339;19;320;130;190
"89173";398;310;16;294;137;157
"89174";79;61;4;57;21;36
"89175";117;103;4;99;23;76
"89176";126;104;16;88;55;33
"89177";66;52;5;47;22;25
"89178";198;156;10;146;47;99
"89179";279;233;15;218;92;126
"89180";355;307;24;283;124;159
"89181";117;97;5;92;34;58
"89182";123;101;5;96;46;50
"89183";65;58;2;56;11;45
"89184";110;90;5;85;55;30
"89186";461;394;37;357;147;210
"89187";94;84;6;78;30;48
"89188";156;130;8;122;76;46
"89189";455;356;16;340;143;197
"89190";146;133;11;122;46;76
"89191";55;46;4;42;18;24
"89192";353;271;18;253;97;156
"89194";107;95;7;88;34;54
"89195";894;750;57;693;365;328
"89196";467;382;36;346;160;186
"89197";345;276;16;260;122;138
"89198";1298;1068;66;1002;508;494
"89199";355;291;23;268;147;121
"89200";310;275;19;256;112;144
"89201";1458;1201;102;1099;556;543
"89202";249;210;23;187;111;76
"89203";154;143;7;136;69;67
"89204";481;379;24;355;156;199
"89205";328;259;17;242;108;134
"89206";6200;4514;254;4260;2057;2203
"89207";31;24;3;21;9;12
"89208";482;413;21;392;154;238
"89209";343;291;17;274;95;179
"89210";119;105;9;96;36;60
"89211";92;79;4;75;52;23
"89212";360;303;17;286;148;138
"89213";236;216;19;197;78;119
"89214";154;128;3;125;45;80
"89215";153;141;13;128;58;70
"89216";247;196;14;182;76;106
"89217";95;86;3;83;20;63
"89218";941;797;64;733;386;347
"89219";116;99;11;88;26;62
"89220";321;277;12;265;109;156
"89221";296;242;14;228;81;147
"89222";209;173;15;158;64;94
"89223";571;502;33;469;220;249
"89224";134;116;5;111;60;51
"89225";64;58;3;55;25;30
"89226";155;130;5;125;46;79
"89227";885;709;44;665;296;369
"89228";931;813;54;759;363;396
"89229";323;279;15;264;110;154
"89230";346;292;23;269;110;159
"89232";272;228;27;201;93;108
"89233";176;164;3;161;96;65
"89234";110;89;4;85;42;43
"89235";698;600;33;567;249;318
"89236";850;734;50;684;284;400
"89237";411;319;31;288;155;133
"89238";405;330;23;307;193;114
"89239";1246;1019;71;948;381;567
"89240";263;222;20;202;80;122
"89241";157;127;8;119;37;82
"89242";529;438;28;410;166;244
"89243";117;105;6;99;46;53
"89244";80;68;6;62;39;23
"89245";540;453;32;421;188;233
"89246";321;265;25;240;118;122
"89247";254;194;3;191;73;118
"89248";55;49;6;43;20;23
"89249";73;59;9;50;15;35
"89250";146;111;11;100;50;50
"89251";365;291;19;272;168;104
"89252";146;127;11;116;41;75
"89253";178;151;8;143;76;67
"89254";445;384;19;365;143;222
"89255";822;677;45;632;271;361
"89256";320;291;20;271;115;156
"89257";4554;3443;226;3217;1942;1275
"89259";102;85;7;78;37;41
"89260";144;130;11;119;68;51
"89261";200;163;19;144;37;107
"89262";173;134;11;123;59;64
"89263";2936;2468;161;2307;1078;1229
"89264";551;471;21;450;154;296
"89265";457;371;27;344;162;182
"89266";271;228;10;218;111;107
"89267";147;118;10;108;68;40
"89268";673;541;39;502;199;303
"89270";89;78;6;72;30;42
"89271";99;79;6;73;27;46
"89272";241;204;25;179;84;95
"89273";267;224;15;209;94;115
"89274";979;801;41;760;349;411
"89275";318;261;30;231;104;127
"89276";693;554;50;504;205;299
"89277";265;211;9;202;77;125
"89278";337;273;23;250;115;135
"89279";480;412;23;389;169;220
"89280";314;255;26;229;151;78
"89281";239;193;8;185;71;114
"89282";540;464;32;432;200;232
"89283";520;420;15;405;158;247
"89284";180;149;14;135;60;75
"89285";176;152;12;140;48;92
"89286";607;507;27;480;238;242
"89287";3293;2538;166;2372;1167;1205
"89288";150;139;17;122;46;76
"89289";222;180;19;161;79;82
"89290";43;35;7;28;14;14
"89291";250;215;5;210;102;108
"89292";183;142;9;133;45;88
"89294";267;218;16;202;95;107
"89295";958;850;46;804;351;453
"89296";111;90;2;88;63;25
"89297";95;85;8;77;34;43
"89298";446;355;21;334;98;236
"89299";48;46;3;43;22;21
"89300";74;53;6;47;20;27
"89302";179;154;13;141;63;78
"89303";245;220;13;207;71;136
"89304";502;434;26;408;205;203
"89306";290;265;6;259;132;127
"89307";576;464;38;426;236;190
"89308";157;129;9;120;48;72
"89309";2230;1774;160;1614;806;808
"89310";124;115;10;105;43;62
"89311";1057;898;65;833;421;412
"89312";185;157;16;141;65;76
"89313";408;336;19;317;115;202
"89314";150;139;13;126;66;60
"89315";131;105;4;101;38;63
"89316";194;159;16;143;72;71
"89317";228;186;11;175;75;100
"89318";610;495;32;463;217;246
"89319";388;321;27;294;161;133
"89320";65;55;5;50;19;31
"89321";594;484;23;461;243;218
"89323";133;94;3;91;37;54
"89324";595;510;28;482;186;296
"89325";75;70;4;66;20;46
"89326";740;628;40;588;228;360
"89327";285;242;19;223;90;133
"89328";330;283;23;260;116;144
"89329";90;82;14;68;21;47
"89330";157;130;14;116;65;51
"89331";302;235;18;217;96;121
"89332";618;521;47;474;241;233
"89333";156;126;7;119;47;72
"89334";396;323;24;299;133;166
"89335";290;248;11;237;108;129
"89336";265;226;16;210;107;103
"89337";854;692;36;656;239;417
"89338";2011;1605;106;1499;692;807
"89339";133;111;6;105;59;46
"89340";175;154;17;137;69;68
"89341";300;242;15;227;76;151
"89342";455;370;22;348;144;204
"89343";132;107;8;99;41;58
"89344";1178;1019;47;972;435;537
"89345";2863;2192;126;2066;1128;938
"89346";2564;2267;106;2161;937;1224
"89347";326;275;20;255;90;165
"89348";1614;1299;84;1215;571;644
"89349";333;291;26;265;120;145
"89350";218;179;7;172;82;90
"89351";340;290;12;278;142;136
"89352";242;217;23;194;82;112
"89353";297;251;20;231;74;157
"89354";1141;939;81;858;428;430
"89355";118;98;13;85;44;41
"89356";43;40;2;38;24;14
"89358";334;281;23;258;103;155
"89359";330;281;16;265;117;148
"89360";253;212;11;201;98;103
"89361";184;153;9;144;65;79
"89362";147;112;10;102;38;64
"89363";98;81;1;80;34;46
"89364";315;261;10;251;177;74
"89365";418;350;28;322;124;198
"89366";156;130;11;119;45;74
"89367";485;405;24;381;225;156
"89368";710;571;45;526;274;252
"89369";365;310;18;292;118;174
"89370";1023;846;53;793;369;424
"89371";88;74;8;66;26;40
"89373";505;433;37;396;140;256
"89374";72;60;8;52;20;32
"89375";86;76;4;72;39;33
"89376";141;119;10;109;40;69
"89377";63;53;7;46;17;29
"89378";561;482;29;453;235;218
"89379";129;109;3;106;42;64
"89380";360;318;10;308;82;226
"89381";115;99;8;91;39;52
"89382";1165;954;60;894;432;462
"89383";107;95;4;91;52;39
"89384";595;479;41;438;167;271
"89385";96;78;4;74;45;29
"89386";77;65;6;59;22;37
"89387";16045;11387;654;10733;5319;5414
"89388";322;265;14;251;104;147
"89390";368;320;13;307;133;174
"89391";892;753;60;693;299;394
"89392";214;189;17;172;77;95
"89393";101;79;1;78;26;52
"89394";89;70;7;63;38;25
"89395";348;251;12;239;89;150
"89397";291;226;17;209;95;114
"89398";335;271;19;252;81;171
"89399";1251;1034;82;952;404;548
"89400";303;257;19;238;121;117
"89402";173;142;17;125;40;85
"89403";100;90;10;80;45;35
"89404";371;303;21;282;129;153
"89405";255;224;8;216;109;107
"89406";67;59;3;56;31;25
"89407";894;761;61;700;328;372
"89408";258;205;20;185;74;111
"89409";68;62;3;59;28;31
"89410";90;80;2;78;30;48
"89411";415;323;29;294;129;165
"89412";100;85;6;79;45;34
"89413";47;39;3;36;10;26
"89414";1121;926;68;858;359;499
"89415";147;132;14;118;49;69
"89416";428;334;19;315;149;166
"89417";102;80;4;76;25;51
"89418";3070;2339;142;2197;1238;959
"89419";1984;1584;120;1464;751;713
"89420";789;642;52;590;280;310
"89421";66;57;3;54;22;32
"89422";40;30;1;29;14;15
"89423";152;123;5;118;51;67
"89424";108;92;3;89;56;33
"89425";541;459;30;429;174;255
"89426";266;233;26;207;114;93
"89427";503;428;29;399;184;215
"89428";418;355;18;337;140;197
"89429";200;171;7;164;76;88
"89430";213;172;11;161;64;97
"89431";69;64;10;54;31;23
"89432";411;342;21;321;160;161
"89433";272;252;29;223;84;139
"89434";238;196;24;172;70;102
"89436";595;500;47;453;206;247
"89437";261;216;17;199;92;107
"89438";1352;1143;80;1063;506;557
"89439";980;804;70;734;335;399
"89440";333;273;11;262;114;148
"89441";891;738;49;689;325;364
"89442";165;146;10;136;74;62
"89443";1491;1164;99;1065;448;617
"89445";47;41;2;39;17;22
"89446";345;283;15;268;139;129
"89447";146;124;9;115;69;46
"89448";90;78;13;65;15;50
"89449";1198;1004;76;928;416;512
"89450";509;416;27;389;155;234
"89451";187;171;12;159;51;108
"89452";314;253;24;229;98;131
"89453";717;632;40;592;279;313
"89454";471;389;26;363;139;224
"89456";446;372;24;348;169;179
"89457";215;185;11;174;106;68
"89458";177;148;9;139;66;73
"89459";213;172;18;154;52;102
"89460";1941;1669;113;1556;786;770
"89461";856;668;40;628;283;345
"89462";236;197;15;182;83;99
"89463";203;178;19;159;73;86
"89464";3618;2791;227;2564;1108;1456
"89465";237;192;14;178;90;88
"89466";249;221;12;209;109;100
"89467";552;453;31;422;175;247
"89468";337;264;20;244;100;144
"89469";748;617;29;588;228;360
"89470";120;105;6;99;43;56
"89471";343;296;24;272;113;159
"89472";362;303;29;274;122;152
"89473";413;348;21;327;132;195
"89474";234;171;15;156;55;101
"89475";91;73;9;64;15;49
"89477";71;58;3;55;27;28
"89478";739;595;49;546;286;260
"89479";278;221;17;204;102;102
"89480";978;805;61;744;322;422
"89481";106;72;8;64;38;26
"89482";128;106;9;97;26;71
"89483";347;298;35;263;102;161
"89484";245;221;10;211;89;122
"89485";163;148;9;139;67;72
"89486";154;129;13;116;41;75
"90001";1001;816;70;746;362;384
"90002";259;228;10;218;111;107
"90003";497;433;36;397;184;213
"90004";314;278;29;249;94;155
"90005";376;321;28;293;145;148
"90006";260;213;19;194;134;60
"90007";234;215;14;201;98;103
"90008";2932;2484;164;2320;1290;1030
"90009";3764;2961;212;2749;1456;1293
"90010";26670;20130;1293;18837;10687;8150
"90011";271;238;12;226;100;126
"90012";811;727;50;677;306;371
"90013";177;153;13;140;52;88
"90014";285;243;26;217;93;124
"90015";226;195;13;182;91;91
"90016";109;96;7;89;42;47
"90017";1093;867;84;783;387;396
"90018";261;222;15;207;89;118
"90019";187;159;16;143;58;85
"90020";272;240;30;210;84;126
"90021";240;211;16;195;77;118
"90022";2065;1770;129;1641;791;850
"90023";794;657;55;602;311;291
"90024";135;120;14;106;52;54
"90025";272;221;23;198;89;109
"90026";1121;979;76;903;372;531
"90027";108;91;12;79;36;43
"90028";294;259;20;239;113;126
"90029";1467;1189;78;1111;560;551
"90030";156;126;10;116;36;80
"90031";237;213;25;188;93;95
"90032";2312;1879;135;1744;843;901
"90033";3942;3101;209;2892;1641;1251
"90034";586;510;32;478;216;262
"90035";475;403;29;374;176;198
"90036";241;213;18;195;71;124
"90037";773;651;59;592;302;290
"90039";2603;2045;133;1912;950;962
"90041";1172;974;81;893;480;413
"90042";1838;1570;97;1473;752;721
"90043";414;349;44;305;105;200
"90044";187;160;13;147;74;73
"90045";557;462;42;420;207;213
"90046";311;260;21;239;89;150
"90047";453;370;35;335;168;167
"90048";107;94;9;85;50;35
"90049";664;552;54;498;234;264
"90050";171;152;13;139;70;69
"90051";357;288;28;260;103;157
"90052";2316;1745;192;1553;810;743
"90053";1946;1623;134;1489;657;832
"90054";408;362;31;331;181;150
"90055";255;218;30;188;83;105
"90056";954;802;60;742;280;462
"90057";604;522;46;476;226;250
"90058";339;282;36;246;117;129
"90059";212;182;7;175;83;92
"90060";101;89;6;83;35;48
"90061";45;40;2;38;21;17
"90062";218;186;16;170;82;88
"90063";364;305;22;283;126;157
"90064";208;167;15;152;63;89
"90065";926;798;89;709;330;379
"90066";193;158;12;146;56;90
"90067";341;285;27;258;98;160
"90068";641;542;32;510;257;253
"90069";1008;798;90;708;343;365
"90070";313;275;21;254;118;136
"90071";745;644;44;600;274;326
"90072";759;609;46;563;249;314
"90073";263;228;32;196;97;99
"90074";192;163;22;141;55;86
"90075";2654;2001;142;1859;1041;818
"90076";807;711;45;666;295;371
"90077";234;212;13;199;85;114
"90078";137;123;23;100;47;53
"90079";234;201;14;187;94;93
"90080";297;260;16;244;97;147
"90081";603;495;47;448;140;308
"90082";229;200;19;181;81;100
"90083";75;71;7;64;17;47
"90084";283;244;24;220;91;129
"90085";82;71;11;60;25;35
"90086";171;153;10;143;45;98
"90087";637;550;26;524;181;343
"90088";805;693;73;620;316;304
"90089";935;801;58;743;345;398
"90090";298;266;31;235;102;133
"90091";443;398;29;369;159;210
"90093";682;583;48;535;236;299
"90094";380;341;20;321;136;185
"90095";340;282;39;243;95;148
"90096";217;184;11;173;68;105
"90097";917;779;79;700;316;384
"90098";190;172;16;156;77;79
"90099";3538;2985;227;2758;1436;1322
"90100";185;160;17;143;63;80
"90101";172;143;11;132;61;71
"90102";575;514;69;445;212;233
"90103";480;408;36;372;161;211
"90104";741;656;50;606;242;364
"90105";123;95;3;92;36;56
"91001";230;200;12;188;67;121
"91016";2401;1966;134;1832;829;1003
"91017";1029;864;51;813;412;401
"91021";5931;4601;261;4340;2163;2177
"91022";99;89;4;85;33;52
"91027";16820;13532;708;12824;7570;5254
"91035";271;227;14;213;116;97
"91037";239;200;20;180;56;124
"91038";915;775;49;726;356;370
"91041";569;498;28;470;204;266
"91044";2354;2084;84;2000;790;1210
"91045";5001;4025;249;3776;1806;1970
"91047";886;733;43;690;292;398
"91064";3066;2660;131;2529;1080;1449
"91067";86;86;7;79;22;57
"91069";353;294;22;272;101;171
"91075";54;49;6;43;13;30
"91079";420;348;20;328;123;205
"91080";817;678;53;625;277;348
"91081";523;435;31;404;170;234
"91085";2818;2284;148;2136;1016;1120
"91086";6685;5616;314;5302;2528;2774
"91093";485;421;21;400;188;212
"91095";1402;1195;67;1128;577;551
"91097";4387;3586;206;3380;1872;1508
"91098";281;236;12;224;87;137
"91099";2370;1974;127;1847;843;1004
"91100";492;402;35;367;151;216
"91103";14643;11576;639;10937;6208;4729
"91105";5440;4634;254;4380;2098;2282
"91106";906;739;48;691;294;397
"91109";719;621;46;575;225;350
"91111";2292;1987;75;1912;988;924
"91112";108;98;6;92;34;58
"91114";17165;13740;721;13019;6594;6425
"91115";2168;1871;119;1752;789;963
"91121";382;331;31;300;120;180
"91122";6660;5700;216;5484;3109;2375
"91129";2471;2058;133;1925;886;1039
"91130";915;763;40;723;330;393
"91131";304;272;15;257;122;135
"91132";808;662;36;626;338;288
"91135";1749;1448;92;1356;704;652
"91136";1602;1314;66;1248;598;650
"91137";236;208;10;198;87;111
"91145";67;60;3;57;22;35
"91148";101;89;11;78;38;40
"91156";1244;1082;69;1013;485;528
"91159";1122;960;75;885;462;423
"91161";10985;8865;473;8392;4307;4085
"91174";22068;16324;828;15496;9793;5703
"91175";1111;992;62;930;470;460
"91179";2936;2373;138;2235;997;1238
"91180";291;265;14;251;93;158
"91182";7623;6037;255;5782;3758;2024
"91184";223;194;10;184;56;128
"91186";472;412;30;382;180;202
"91191";5928;4887;276;4611;2546;2065
"91195";607;547;32;515;197;318
"91198";1050;917;41;876;407;469
"91200";6579;5346;276;5070;2705;2365
"91201";18547;15249;907;14342;7626;6716
"91204";616;508;31;477;223;254
"91207";3037;2546;144;2402;1315;1087
"91215";6680;5036;272;4764;3174;1590
"91216";6799;5683;320;5363;2642;2721
"91222";154;121;8;113;62;51
"91223";12787;10175;583;9592;5481;4111
"91225";2315;1946;84;1862;716;1146
"91226";4765;3964;233;3731;1707;2024
"91228";25451;19185;898;18287;13066;5221
"91232";2562;2080;121;1959;969;990
"91235";2904;2269;170;2099;1315;784
"91240";167;137;9;128;40;88
"91243";1284;1084;61;1023;485;538
"91244";816;728;30;698;328;370
"91247";366;313;29;284;133;151
"91248";115;100;10;90;42;48
"91249";2499;2143;113;2030;962;1068
"91272";15712;13459;486;12973;6571;6402
"91273";531;463;34;429;217;212
"91274";865;766;30;736;319;417
"91275";1608;1398;48;1350;743;607
"91284";794;711;33;678;328;350
"91286";10809;7768;334;7434;5508;1926
"91292";513;436;21;415;172;243
"91293";669;556;35;521;222;299
"91294";607;465;32;433;178;255
"91312";7208;6041;273;5768;2856;2912
"91315";4376;3683;238;3445;1741;1704
"91318";1359;1167;46;1121;578;543
"91319";446;403;15;388;144;244
"91326";8709;7077;373;6704;3948;2756
"91330";4014;3306;192;3114;1700;1414
"91332";978;829;47;782;357;425
"91333";2748;2328;149;2179;1079;1100
"91338";4834;4140;175;3965;2105;1860
"91339";4022;3268;163;3105;1393;1712
"91340";5273;4426;240;4186;2303;1883
"91345";13076;10642;488;10154;5634;4520
"91347";4324;3608;180;3428;1503;1925
"91359";1951;1524;107;1417;550;867
"91363";5591;4696;226;4470;2156;2314
"91374";160;141;11;130;51;79
"91376";3660;3110;167;2943;1497;1446
"91377";25381;20722;972;19750;12771;6979
"91378";205;178;15;163;63;100
"91386";9987;8128;396;7732;3261;4471
"91390";2344;1904;131;1773;758;1015
"91393";423;368;34;334;109;225
"91399";152;130;6;124;38;86
"91405";3434;2919;159;2760;1091;1669
"91408";1008;871;53;818;343;475
"91411";1349;1209;40;1169;604;565
"91412";537;428;18;410;204;206
"91414";274;218;13;205;99;106
"91421";15269;12427;723;11704;6195;5509
"91425";4379;3537;186;3351;1356;1995
"91432";7833;6526;332;6194;2798;3396
"91433";3461;2803;177;2626;1125;1501
"91434";13663;10946;602;10344;5587;4757
"91435";457;416;20;396;107;289
"91441";351;297;13;284;126;158
"91457";3158;2692;172;2520;1370;1150
"91458";3014;2599;124;2475;1172;1303
"91461";2889;2476;119;2357;1047;1310
"91463";716;632;42;590;231;359
"91468";1129;949;57;892;375;517
"91469";729;602;33;569;241;328
"91471";10840;9243;422;8821;5056;3765
"91473";178;153;11;142;51;91
"91477";19968;16556;920;15636;9359;6277
"91479";5077;3989;247;3742;1642;2100
"91482";409;381;22;359;159;200
"91494";2711;2308;104;2204;1026;1178
"91495";240;210;12;198;70;128
"91507";258;218;7;211;70;141
"91508";221;199;10;189;70;119
"91511";1418;1144;71;1073;507;566
"91514";4992;4103;215;3888;2172;1716
"91519";322;287;19;268;102;166
"91521";15209;11945;605;11340;6664;4676
"91525";851;746;44;702;305;397
"91526";73;64;5;59;19;40
"91533";1155;991;60;931;421;510
"91534";2406;2102;96;2006;930;1076
"91538";598;533;11;522;269;253
"91540";3406;2875;150;2725;1268;1457
"91544";372;328;23;305;102;203
"91546";825;679;37;642;264;378
"91547";322;276;17;259;128;131
"91549";20585;16806;940;15866;8802;7064
"91552";5155;4295;272;4023;2068;1955
"91553";5291;4550;184;4366;1744;2622
"91556";294;261;10;251;120;131
"91560";203;171;3;168;75;93
"91568";1257;1054;51;1003;406;597
"91570";12633;10267;576;9691;5466;4225
"91573";5400;4607;244;4363;2273;2090
"91577";3826;3214;160;3054;1527;1527
"91578";297;265;15;250;94;156
"91579";2170;1736;78;1658;757;901
"91581";683;587;35;552;255;297
"91587";3549;3086;154;2932;1431;1501
"91589";22532;18376;878;17498;9111;8387
"91593";1332;1095;71;1024;481;543
"91599";929;786;35;751;313;438
"91600";5374;4473;220;4253;1773;2480
"91602";221;201;13;188;102;86
"91613";169;149;8;141;64;77
"91617";1873;1603;77;1526;718;808
"91619";190;171;11;160;67;93
"91629";481;423;18;405;171;234
"91630";1087;929;31;898;416;482
"91631";1607;1393;63;1330;499;831
"91634";845;738;41;697;347;350
"91635";1520;1334;55;1279;583;696
"91639";638;524;21;503;236;267
"91645";12070;10321;402;9919;4460;5459
"91648";1569;1325;78;1247;532;715
"91649";1902;1596;104;1492;746;746
"91654";508;436;35;401;145;256
"91657";16558;12988;754;12234;7704;4530
"91659";3221;2737;153;2584;1444;1140
"91661";7029;5956;302;5654;3070;2584
"91662";576;488;29;459;208;251
"91665";4435;3626;202;3424;1533;1891
"91666";1360;1185;54;1131;501;630
"91667";5025;4249;237;4012;2072;1940
"91671";477;410;27;383;171;212
"91679";850;781;29;752;423;329
"91685";2825;2362;149;2213;1104;1109
"91687";18492;14676;817;13859;7330;6529
"91689";4763;3925;211;3714;1690;2024
"91691";20321;16694;1050;15644;7930;7714
"91692";12848;10358;495;9863;7055;2808
"92002";40240;34097;1586;32511;16989;15522
"92004";45078;37113;1429;35684;18655;17029
"92007";20577;16382;728;15654;11158;4496
"92009";16756;13748;607;13141;6265;6876
"92012";67629;56578;2025;54553;20089;34464
"92014";13304;11335;433;10902;5689;5213
"92019";17895;15073;757;14316;8308;6008
"92020";21672;18057;732;17325;9603;7722
"92022";12785;10732;455;10277;5085;5192
"92023";34151;28650;1270;27380;14520;12860
"92024";29241;23168;958;22210;14867;7343
"92025";44746;36271;1433;34838;20382;14456
"92026";50575;41048;1678;39370;17476;21894
"92032";15234;12444;510;11934;6985;4949
"92033";12388;10402;405;9997;3423;6574
"92035";17302;14327;653;13674;5729;7945
"92036";20990;16220;758;15462;11850;3612
"92040";41994;33843;1548;32295;16686;15609
"92044";39523;33304;1154;32150;11791;20359
"92046";18865;15065;590;14475;10234;4241
"92047";1084;980;29;951;208;743
"92048";30598;25320;925;24395;12273;12122
"92049";27879;23126;868;22258;12961;9297
"92050";44340;35257;1617;33640;23282;10358
"92051";37057;32674;657;32017;5058;26959
"92060";18774;15695;745;14950;7203;7747
"92062";28241;23274;1020;22254;10474;11780
"92063";52387;44036;1727;42309;18298;24011
"92064";19006;16307;527;15780;4748;11032
"92071";14378;12116;403;11713;5572;6141
"92072";14855;12497;522;11975;5769;6206
"92073";26469;22212;935;21277;10048;11229
"92075";17516;14932;567;14365;8107;6258
"92076";6099;5137;161;4976;1313;3663
"92077";7161;6352;228;6124;2116;4008
"92078";12332;9298;486;8812;5914;2898
"93001";26195;18983;806;18177;13238;4939
"93005";43172;32973;1420;31553;19784;11769
"93006";17309;13066;567;12499;9045;3454
"93007";24512;18336;860;17476;11589;5887
"93008";21085;15248;624;14624;11223;3401
"93010";24585;18885;854;18031;12267;5764
"93013";6411;4990;231;4759;2743;2016
"93014";10178;7439;282;7157;5158;1999
"93015";3446;2882;178;2704;1126;1578
"93027";14433;10965;466;10499;7906;2593
"93029";34690;25509;1327;24182;14961;9221
"93030";5294;3813;222;3591;2504;1087
"93031";23901;17751;760;16991;11718;5273
"93032";22185;17708;887;16821;8859;7962
"93033";4461;3845;170;3675;1543;2132
"93039";3450;2675;100;2575;2004;571
"93045";13349;11078;428;10650;6497;4153
"93046";23530;18723;1006;17717;9112;8605
"93047";13100;10065;460;9605;5310;4295
"93048";53950;40879;1511;39368;29856;9512
"93049";13026;10292;487;9805;5208;4597
"93050";18295;14646;771;13875;8992;4883
"93051";34865;27858;1235;26623;15566;11057
"93053";19563;14803;668;14135;9402;4733
"93055";23693;18465;710;17755;12673;5082
"93057";11405;9124;434;8690;4375;4315
"93059";11500;8538;311;8227;6081;2146
"93061";8344;6799;264;6535;4573;1962
"93062";10174;8305;337;7968;3016;4952
"93063";13019;9889;438;9451;6360;3091
"93064";22648;17594;932;16662;9326;7336
"93066";40849;29769;1207;28562;22216;6346
"93070";21562;15951;677;15274;11246;4028
"93071";22472;17374;829;16545;11405;5140
"93072";15849;11402;626;10776;7920;2856
"93073";20554;15814;894;14920;9408;5512
"93074";3927;3090;195;2895;1437;1458
"93077";15255;12794;611;12183;5915;6268
"93078";19112;13968;620;13348;8617;4731
"93079";5577;4096;157;3939;3081;858
"94001";3041;2504;140;2364;1151;1213
"94002";23501;18966;855;18111;11220;6891
"94003";11784;8897;495;8402;5853;2549
"94004";8479;6802;359;6443;3923;2520
"94011";8981;6850;377;6473;4284;2189
"94015";10932;9134;467;8667;3774;4893
"94016";16178;13154;617;12537;8100;4437
"94017";41191;32280;1468;30812;19440;11372
"94018";19278;15869;624;15245;7439;7806
"94019";10302;8428;384;8044;3911;4133
"94021";9947;8258;421;7837;4810;3027
"94022";19467;15975;770;15205;9922;5283
"94028";48431;38764;1614;37150;22894;14256
"94033";31688;25534;1076;24458;15155;9303
"94034";15006;11483;480;11003;6917;4086
"94037";9652;7575;348;7227;5255;1972
"94038";18830;15286;686;14600;8731;5869
"94041";27904;22005;908;21097;15534;5563
"94042";11999;9677;433;9244;4821;4423
"94043";14269;11047;466;10581;6798;3783
"94044";11181;9017;484;8533;4933;3600
"94046";33938;27953;1449;26504;13482;13022
"94047";3104;2587;114;2473;1096;1377
"94048";3867;3261;140;3121;1236;1885
"94052";22189;17644;633;17011;7291;9720
"94053";3164;2704;139;2565;1246;1319
"94054";11016;8653;402;8251;5629;2622
"94055";6362;5325;273;5052;1807;3245
"94056";1763;1485;80;1405;623;782
"94058";22020;17760;650;17110;7563;9547
"94059";11345;9416;459;8957;4150;4807
"94060";7303;5892;296;5596;2953;2643
"94065";3956;3454;174;3280;1586;1694
"94067";14677;11992;414;11578;4495;7083
"94068";49327;41973;1726;40247;16194;24053
"94069";8537;6845;280;6565;3131;3434
"94070";2508;2168;70;2098;694;1404
"94071";16997;14191;690;13501;6333;7168
"94073";16004;13132;621;12511;6517;5994
"94074";5936;4508;228;4280;3113;1167
"94075";6431;5441;294;5147;2229;2918
"94076";28268;21703;964;20739;14165;6574
"94077";10259;8092;471;7621;4528;3093
"94078";14139;10374;527;9847;6507;3340
"94079";16282;12923;618;12305;6842;5463
"94080";31573;26594;1016;25578;12856;12722
"94081";44959;34361;1489;32872;22216;10656
"95002";675;600;40;560;244;316
"95008";567;489;23;466;212;254
"95011";305;263;13;250;101;149
"95012";157;142;9;133;44;89
"95014";1508;1286;50;1236;484;752
"95018";53835;40960;1856;39104;25276;13828
"95019";7625;6182;274;5908;2929;2979
"95023";495;414;14;400;145;255
"95024";214;182;8;174;73;101
"95026";1957;1617;105;1512;645;867
"95028";1217;1000;57;943;454;489
"95039";5126;4424;195;4229;2169;2060
"95040";631;542;28;514;185;329
"95042";1511;1278;83;1195;521;674
"95046";97;89;3;86;26;60
"95051";6436;5176;263;4913;2051;2862
"95052";5261;4316;276;4040;2192;1848
"95054";162;140;9;131;59;72
"95055";298;251;16;235;90;145
"95056";1282;1075;77;998;381;617
"95058";1422;1181;86;1095;607;488
"95059";253;211;15;196;84;112
"95060";4568;3708;216;3492;1791;1701
"95061";325;285;14;271;116;155
"95063";14165;11245;759;10486;6851;3635
"95074";554;483;17;466;175;291
"95078";1178;1011;60;951;441;510
"95088";423;326;18;308;123;185
"95091";4047;3303;151;3152;1799;1353
"95094";179;157;13;144;50;94
"95101";608;497;42;455;226;229
"95102";289;243;15;228;67;161
"95110";167;148;9;139;60;79
"95116";2309;1906;127;1779;994;785
"95119";227;196;15;181;74;107
"95120";1467;1251;57;1194;585;609
"95127";29744;23184;980;22204;15067;7137
"95134";3421;2677;146;2531;1172;1359
"95139";224;187;13;174;77;97
"95141";15;13;1;12;6;6
"95142";1186;1018;63;955;506;449
"95144";56;51;3;48;12;36
"95149";2679;2206;137;2069;868;1201
"95150";435;383;31;352;145;207
"95151";229;188;12;176;76;100
"95154";189;167;10;157;61;96
"95157";156;144;6;138;50;88
"95166";302;258;15;243;107;136
"95169";301;273;12;261;118;143
"95170";378;328;14;314;124;190
"95176";14784;12067;598;11469;5478;5991
"95177";746;628;32;596;210;386
"95181";217;197;11;186;65;121
"95183";4196;3591;178;3413;1843;1570
"95197";14433;11297;523;10774;5642;5132
"95199";9688;7929;411;7518;3533;3985
"95203";16164;13027;659;12368;6172;6196
"95205";4765;3891;182;3709;2027;1682
"95210";7735;6298;231;6067;2230;3837
"95211";1515;1327;74;1253;504;749
"95212";68;55;3;52;19;33
"95213";524;475;25;450;171;279
"95214";47;40;1;39;12;27
"95218";10784;8695;493;8202;4414;3788
"95219";17941;14178;685;13493;7614;5879
"95229";6077;4985;233;4752;2484;2268
"95241";1157;974;49;925;453;472
"95250";6169;4903;314;4589;2697;1892
"95252";20798;16661;882;15779;8174;7605
"95253";358;318;14;304;131;173
"95254";398;338;20;318;123;195
"95256";1985;1652;84;1568;702;866
"95257";3208;2710;125;2585;1240;1345
"95258";305;283;16;267;117;150
"95259";70;66;4;62;23;39
"95268";15770;12109;535;11574;8405;3169
"95270";444;371;20;351;132;219
"95271";390;341;17;324;122;202
"95277";14132;10494;515;9979;5843;4136
"95280";15371;11812;582;11230;7434;3796
"95282";130;113;7;106;40;66
"95287";453;419;28;391;150;241
"95288";5084;4220;198;4022;1964;2058
"95295";157;140;7;133;46;87
"95298";401;352;13;339;116;223
"95301";223;184;15;169;64;105
"95303";152;131;4;127;42;85
"95304";231;213;11;202;74;128
"95306";17612;14281;732;13549;6836;6713
"95308";423;386;18;368;151;217
"95309";175;149;5;144;61;83
"95313";7620;6638;309;6329;2512;3817
"95316";212;179;10;169;74;95
"95323";11075;8883;445;8438;5094;3344
"95328";448;377;8;369;134;235
"95331";131;109;11;98;49;49
"95341";296;259;23;236;92;144
"95348";413;361;16;345;143;202
"95351";6208;4709;271;4438;2450;1988
"95352";2956;2503;135;2368;1034;1334
"95353";1098;918;55;863;376;487
"95355";3704;3005;171;2834;1392;1442
"95365";435;382;23;359;130;229
"95369";2012;1766;80;1686;666;1020
"95370";2148;1812;103;1709;728;981
"95371";4071;3328;209;3119;1670;1449
"95379";161;149;5;144;46;98
"95387";59;47;9;38;11;27
"95388";3753;3076;196;2880;1585;1295
"95392";3396;2779;158;2621;1249;1372
"95394";6102;5019;249;4770;2447;2323
"95395";631;526;30;496;197;299
"95409";730;628;46;582;235;347
"95422";325;286;10;276;136;140
"95424";10865;8493;384;8109;4913;3196
"95426";1904;1634;71;1563;536;1027
"95427";7510;5914;246;5668;3410;2258
"95428";12919;10960;356;10604;4451;6153
"95429";334;297;16;281;117;164
"95430";2497;2150;81;2069;1030;1039
"95436";966;838;47;791;363;428
"95438";89;81;2;79;34;45
"95445";453;392;15;377;176;201
"95446";1461;1251;56;1195;518;677
"95447";157;141;10;131;57;74
"95450";1167;1029;55;974;420;554
"95452";684;561;30;531;235;296
"95456";456;405;22;383;151;232
"95459";547;489;26;463;199;264
"95462";237;213;10;203;80;123
"95476";10045;8251;431;7820;3828;3992
"95480";4020;3360;156;3204;1436;1768
"95483";389;343;19;324;143;181
"95487";5476;4241;251;3990;2511;1479
"95488";4674;3741;200;3541;1872;1669
"95489";492;429;25;404;137;267
"95491";5301;4518;248;4270;1808;2462
"95492";40;37;2;35;4;31
"95493";117;108;5;103;42;61
"95500";16708;12814;583;12231;6874;5357
"95504";2658;2314;124;2190;1002;1188
"95509";2431;1937;127;1810;892;918
"95510";330;280;12;268;133;135
"95523";309;259;16;243;110;133
"95527";1708;1332;79;1253;561;692
"95529";607;534;24;510;214;296
"95535";912;754;44;710;309;401
"95539";8759;6944;323;6621;2970;3651
"95541";550;400;21;379;170;209
"95543";165;142;12;130;44;86
"95554";754;641;41;600;269;331
"95555";13192;10454;476;9978;5175;4803
"95563";10397;8787;414;8373;4101;4272
"95566";1696;1391;69;1322;701;621
"95572";12233;9693;469;9224;5692;3532
"95574";5343;4447;192;4255;1718;2537
"95580";1890;1628;48;1580;453;1127
"95582";16429;13172;609;12563;6906;5657
"95584";486;441;24;417;217;200
"95585";28115;21490;670;20820;12688;8132
"95592";941;822;59;763;309;454
"95594";739;641;31;610;273;337
"95598";11751;9333;433;8900;4173;4727
"95604";2460;2015;143;1872;897;975
"95607";17918;14044;716;13328;7013;6315
"95610";210;191;8;183;73;110
"95611";22;19;2;17;2;15
"95612";2369;1939;106;1833;912;921
"95625";936;803;40;763;357;406
"95627";491;427;12;415;170;245
"95628";1001;863;50;813;380;433
"95633";48;41;6;35;18;17
"95637";10824;8670;512;8158;5082;3076
"95641";1613;1229;74;1155;609;546
"95651";622;532;30;502;207;295
"95652";3664;3093;194;2899;1282;1617
"95656";349;312;10;302;96;206
"95658";823;723;42;681;238;443
"95660";470;425;18;407;152;255
"95675";486;429;24;405;189;216
"95676";382;334;15;319;109;210
"95678";595;530;26;504;211;293
"95680";13274;9568;394;9174;6246;2928
"95682";95;87;4;83;41;42
"95690";279;249;9;240;90;150
"ZA101";34513;22446;1928;20518;15581;4937
"ZA102";4732;2592;172;2420;1714;706
"ZA103";19602;12930;943;11987;8296;3691
"ZA104";4734;3170;267;2903;1829;1074
"ZA105";9142;5748;472;5276;3399;1877
"ZA106";6258;3611;259;3352;2668;684
"ZA107";14881;9484;684;8800;6212;2588
"ZA108";3363;1669;148;1521;1075;446
"ZA109";5400;3421;330;3091;1968;1123
"ZA110";1585;884;33;851;564;287
"ZA111";3745;2404;111;2293;1814;479
"ZA112";5109;2537;146;2391;1765;626
"ZA113";19107;11681;850;10831;7143;3688
"ZA114";4715;2811;217;2594;1925;669
"ZA115";11632;7257;475;6782;5310;1472
"ZA116";13263;7874;514;7360;5966;1394
"ZA117";16746;10452;803;9649;7389;2260
"ZA118";16043;9843;650;9193;6456;2737
"ZA119";5937;3591;251;3340;2528;812
"ZA120";13998;8769;629;8140;5637;2503
"ZA121";6951;3970;232;3738;2920;818
"ZA122";4938;2769;156;2613;2211;402
"ZA124";7959;5209;318;4891;3090;1801
"ZA125";10336;7240;443;6797;4388;2409
"ZA126";3044;1415;86;1329;1065;264
"ZA128";17897;10641;731;9910;6817;3093
"ZA129";14133;8743;576;8167;6324;1843
"ZA130";1352;743;26;717;583;134
"ZA131";1696;1088;26;1062;482;580
"ZA132";7156;4798;389;4409;2940;1469
"ZA133";1512;982;51;931;750;181
"ZA134";6881;4644;387;4257;3012;1245
"ZB201";1513;922;75;847;597;250
"ZB202";3499;2055;65;1990;1481;509
"ZB203";3561;2227;170;2057;1408;649
"ZB204";3083;1925;97;1828;1217;611
"ZB205";3164;2189;164;2025;1232;793
"ZB206";4683;2833;148;2685;1813;872
"ZB207";11774;7630;590;7040;5031;2009
"ZB208";813;501;15;486;288;198
"ZB209";65769;36707;3023;33684;23161;10523
"ZB210";15899;9913;719;9194;6262;2932
"ZB211";839;528;13;515;407;108
"ZB212";8269;4854;405;4449;3055;1394
"ZB213";24909;15327;1217;14110;9493;4617
"ZB214";6719;4461;343;4118;2929;1189
"ZB215";1174;695;18;677;298;379
"ZB216";3228;1988;144;1844;1320;524
"ZB217";6574;3820;246;3574;2646;928
"ZB218";4579;2788;187;2601;1360;1241
"ZB219";1501;843;24;819;582;237
"ZB220";10827;5420;525;4895;3819;1076
"ZB221";9342;5859;496;5363;3680;1683
"ZB222";17427;10711;913;9798;6507;3291
"ZB223";7454;4267;260;4007;2734;1273
"ZB224";11689;6892;540;6352;4036;2316
"ZB225";4019;2127;147;1980;1309;671
"ZB226";4021;2228;155;2073;1560;513
"ZB227";7125;4565;311;4254;3009;1245
"ZB228";16910;10296;799;9497;6877;2620
"ZB229";15721;10006;719;9287;5774;3513
"ZB230";9868;6201;459;5742;4172;1570
"ZB231";5501;3518;183;3335;2147;1188
"ZB232";8125;4554;296;4258;3027;1231
"ZB233";1639;1073;59;1014;569;445
"ZB234";1505;1025;67;958;727;231
"ZC301";627;253;9;244;138;106
"ZC302";22220;12397;789;11608;7333;4275
"ZC303";958;500;17;483;251;232
"ZC304";8237;5306;307;4999;2984;2015
"ZC305";4508;2699;196;2503;1644;859
"ZC306";1661;911;33;878;606;272
"ZC307";9655;5908;361;5547;3570;1977
"ZC308";1181;733;24;709;497;212
"ZC309";10051;6292;350;5942;3630;2312
"ZC310";1714;1080;48;1032;566;466
"ZC311";7696;4186;141;4045;2318;1727
"ZC312";1844;851;55;796;558;238
"ZC313";1039;549;31;518;309;209
"ZC314";59;30;0;30;26;4
"ZC352";128;53;1;52;38;14
"ZC353";1500;634;11;623;449;174
"ZC356";790;491;4;487;184;303
"ZC357";584;196;1;195;152;43
"ZC358";38;14;0;14;10;4
"ZC360";1108;439;7;432;345;87
"ZC361";528;336;5;331;195;136
"ZC362";963;243;1;242;77;165
"ZD401";7804;6137;286;5851;4133;1718
"ZD402";8840;6411;296;6115;4477;1638
"ZD403";5014;3904;192;3712;2729;983
"ZD404";10506;8498;458;8040;5503;2537
"ZD405";9552;7174;404;6770;4890;1880
"ZD406";3877;2920;182;2738;1757;981
"ZD407";23512;16615;817;15798;12875;2923
"ZD408";19112;14242;640;13602;9735;3867
"ZD409";32267;22331;1111;21220;15653;5567
"ZD410";25517;17548;846;16702;12806;3896
"ZD411";92997;66193;3134;63059;41796;21263
"ZD412";27381;22032;1039;20993;16365;4628
"ZD413";22994;17383;745;16638;12805;3833
"ZD414";37913;27135;1601;25534;18661;6873
"ZD415";73206;53938;2896;51042;36067;14975
"ZD416";57827;41966;2188;39778;26796;12982
"ZD417";4480;3191;122;3069;2397;672
"ZD418";21318;15176;631;14545;10157;4388
"ZD419";5846;4113;198;3915;3013;902
"ZD420";16301;11509;490;11019;8469;2550
"ZD421";5653;4142;138;4004;3052;952
"ZD422";55983;41547;2457;39090;26794;12296
"ZD423";5593;4017;174;3843;2904;939
"ZD424";4862;3272;120;3152;2275;877
"ZM501";2406;1570;128;1442;709;733
"ZM502";3914;2064;63;2001;1134;867
"ZM503";3628;2149;41;2108;725;1383
"ZM504";3740;1970;84;1886;617;1269
"ZM505";4081;2434;152;2282;730;1552
"ZM506";3909;2339;77;2262;1091;1171
"ZM507";2801;1641;67;1574;903;671
"ZM508";5953;2536;136;2400;1569;831
"ZM509";3691;1929;73;1856;555;1301
"ZM510";5073;2472;93;2379;1315;1064
"ZM511";13591;6305;289;6016;3434;2582
"ZM512";5093;2430;73;2357;971;1386
"ZM513";4175;2009;102;1907;1089;818
"ZM514";3366;1658;61;1597;781;816
"ZM515";3753;2045;93;1952;1067;885
"ZM516";4975;2897;88;2809;1372;1437
"ZM517";3391;1836;39;1797;886;911
"ZN801";826;375;2;373;348;25
"ZN802";2347;1648;54;1594;400;1194
"ZN803";3753;2534;97;2437;622;1815
"ZN804";3025;1413;32;1381;1188;193
"ZN805";13337;9203;305;8898;1803;7095
"ZN806";497;416;26;390;64;326
"ZN807";2051;1296;12;1284;1183;101
"ZN808";3189;1534;46;1488;1168;320
"ZN809";1499;822;22;800;478;322
"ZN810";1373;634;1;633;427;206
"ZN811";3481;2266;37;2229;1453;776
"ZN812";2454;1717;51;1666;517;1149
"ZN813";2800;2049;99;1950;631;1319
"ZN814";10232;3240;17;3223;2651;572
"ZN815";6246;1546;9;1537;1187;350
"ZN816";629;439;17;422;182;240
"ZN817";16557;11417;438;10979;2711;8268
"ZN818";53964;38630;1391;37239;8416;28823
"ZN819";1881;1047;38;1009;656;353
"ZN820";4297;943;14;929;771;158
"ZN821";9613;6715;234;6481;1548;4933
"ZN822";3811;2135;41;2094;1614;480
"ZN823";2294;1181;16;1165;951;214
"ZN824";2056;835;7;828;761;67
"ZN825";1127;777;21;756;375;381
"ZN826";1201;645;5;640;460;180
"ZN827";2050;1301;28;1273;678;595
"ZN828";457;262;9;253;176;77
"ZN829";1968;845;21;824;527;297
"ZN830";1790;938;19;919;721;198
"ZN831";1990;1099;26;1073;687;386
"ZN832";1546;698;6;692;528;164
"ZN833";997;570;18;552;357;195
"ZP011";562;323;4;319;211;108
"ZP012";7222;4110;116;3994;1549;2445
"ZP013";1404;720;22;698;355;343
"ZP014";6560;3623;73;3550;1597;1953
"ZP015";17271;9912;316;9596;5705;3891
"ZP016";1237;755;16;739;360;379
"ZP017";264;173;1;172;86;86
"ZP018";513;342;4;338;195;143
"ZP019";698;432;8;424;130;294
"ZP020";1150;696;13;683;400;283
"ZP021";195;134;5;129;36;93
"ZP022";6934;3931;96;3835;1893;1942
"ZP023";1721;1164;26;1138;664;474
"ZP024";4847;2851;52;2799;1303;1496
"ZP025";11186;5865;167;5698;2519;3179
"ZP026";1066;595;14;581;274;307
"ZP027";878;573;5;568;320;248
"ZP028";999;721;19;702;265;437
"ZP029";11721;6613;188;6425;3239;3186
"ZP030";266;150;5;145;69;76
"ZP031";2541;1415;28;1387;786;601
"ZP032";264;168;0;168;84;84
"ZP033";8161;5232;159;5073;2417;2656
"ZP034";7382;4037;128;3909;1925;1984
"ZP035";17950;10809;311;10498;4519;5979
"ZP036";10456;6477;228;6249;1987;4262
"ZP037";118;72;3;69;29;40
"ZP038";16774;10620;315;10305;4087;6218
"ZP039";870;521;13;508;363;145
"ZP040";2486;1472;38;1434;719;715
"ZP041";385;321;1;320;82;238
"ZP042";437;300;8;292;129;163
"ZP043";708;539;13;526;266;260
"ZP044";1786;1336;18;1318;568;750
"ZP045";4173;2752;58;2694;1370;1324
"ZP046";584;402;5;397;145;252
"ZP047";8914;4427;138;4289;2131;2158
"ZP048";5228;2621;65;2556;1280;1276
"ZP049";1253;805;20;785;402;383
"ZP050";3374;2224;64;2160;1068;1092
"ZP051";173;134;1;133;32;101
"ZP052";6369;3512;104;3408;1552;1856
"ZP053";1478;926;20;906;466;440
"ZP054";3008;1833;58;1775;864;911
"ZP055";236;129;0;129;51;78
"ZP056";479;328;3;325;168;157
"ZP057";1559;1008;11;997;466;531
"ZP058";3098;2079;45;2034;971;1063
"ZS501";485;353;32;321;184;137
"ZS502";4437;3038;174;2864;1896;968
"ZW001";8942;6838;69;6769;3795;2974
"ZX701";4871;3127;93;3034;525;2509
"ZX801";17815;6780;322;6458;3326;3132
"ZZ001";157958;60849;1377;59472;27577;31895
"ZZ002";73812;23738;439;23299;11095;12204
"ZZ003";89534;32173;601;31572;16764;14808
"ZZ004";97710;50763;1116;49647;23273;26374
"ZZ005";80802;31640;715;30925;14411;16514
"ZZ006";107077;54310;1337;52973;19978;32995
"ZZ007";89769;37450;817;36633;20024;16609
"ZZ008";109896;31549;411;31138;11550;19588
"ZZ009";98811;43775;677;43098;26584;16514
"ZZ010";93085;48952;1122;47830;21370;26460
"ZZ011";80125;39711;1136;38575;16376;22199
